0 0.0126953125 0.5310310102790015 0.026875 0.1439320000000001
0 0.0324609375 0.5244460102790014 0.04625 0.14675400000000002
0 0.065625 0.48950243318649045 0.033125 0.06679200000000005
0 0.2846875 0.5037731497797358 0.04750000000000004 0.09783599999999988
0 0.3161328125 0.5135937209985316 0.04124999999999995 0.09407299999999992
0 0.4346875 0.5100145770925111 0.078125 0.080903
0 0.534765625 0.5050128634361233 0.020625000000000004 0.08842900000000008
0 0.5521875 0.5079497209985315 0.016874999999999973 0.094073
0 0.60109375 0.6076908604992658 0.05625000000000002 0.04797699999999996
0 0.5876953125 0.5016624346549192 0.02562500000000001 0.08654800000000008
0 0.612890625 0.498725577092511 0.020625000000000004 0.08090300000000009
0 0.642578125 0.5056092907488987 0.03562500000000002 0.07337700000000001
0 0.66734375 0.49507743465491916 0.024375000000000036 0.08748800000000014
0 0.6932421875 0.49507743465491916 0.021874999999999978 0.08560700000000006
0 0.8481640625 0.73140559030837 0.08187500000000003 0.2643470000000001
0 0.8555078125 0.47564428781204104 0.010000000000000009 0.030103000000000053
0 0.8955078125 0.7480408766519824 0.073125 0.2756350000000001
0 0.86828125 0.47458843024963293 0.009375000000000022 0.026340999999999996
0 0.9088671875 0.5634068619676945 0.053750000000000075 0.06961399999999998
0 0.88765625 0.4764694302496329 0.009374999999999911 0.026340999999999996
0 0.97828125 0.755452019089574 0.04062500000000002 0.2699910000000002
