0 0.8771484375 0.459583 0.061249999999999916 0.18833399999999992
0 0.0930859375 0.48833333333333334 0.04500000000000001 0.16749999999999998
0 0.165 0.391875 0.06437499999999999 0.09500000000000004
0 0.25394531249999996 0.4054170000000001 0.02687500000000001 0.06333299999999993
0 0.2895703125 0.21864583333333334 0.026249999999999996 0.05833299999999997
0 0.298828125 0.4306770833333333 0.03562500000000002 0.09666700000000006
0 0.34171875 0.4384895833333333 0.02437499999999998 0.11416700000000006
0 0.5280859375 0.38015591666666665 0.014375000000000027 0.030834000000000028
0 0.5784375 0.3833333333333333 0.01749999999999996 0.04416699999999999
0 0.602109375 0.38536425 0.013125000000000053 0.03916700000000003
0 0.6454296875 0.4329163333333333 0.03750000000000009 0.10500000000000005
0 0.7778515625 0.4318225833333333 0.03375000000000006 0.11333400000000005
0 0.825390625 0.3833333333333333 0.020625000000000004 0.04416699999999999
0 0.8584375 0.4054163333333333 0.016875000000000084 0.10666700000000007
0 0.954609375 0.38083333333333336 0.011874999999999969 0.04333299999999999
0 0.98609375 0.5315621666666667 0.025000000000000022 0.2875000000000001
