0 0.0746484375 0.7575850299003323 0.091875 0.38829800000000003
0 0.0469921875 0.590743684385382 0.021875000000000006 0.04361699999999998
0 0.1596875 0.7105324385382059 0.04749999999999999 0.32127600000000006
0 0.1885546875 0.7155158272425249 0.06874999999999998 0.331915
0 0.2294921875 0.7117838637873755 0.08437499999999998 0.35744599999999993
0 0.29421875 0.7115223455149501 0.05625000000000002 0.3425530000000001
0 0.334296875 0.6932499202657807 0.05937500000000001 0.307446
0 0.36953125 0.695656365448505 0.040000000000000036 0.265957
0 0.3705078125 0.5807589800664451 0.04250000000000004 0.07872399999999997
0 0.4162109375 0.6533435714285714 0.044999999999999984 0.145745
0 0.45734375 0.7046153089700996 0.08687499999999998 0.3170220000000001
0 0.5687109375 0.7188763255813952 0.07687500000000003 0.419149
0 0.605859375 0.7134449933554817 0.04375000000000007 0.36170199999999986
0 0.94046875 0.6071496279069767 0.11750000000000005 0.09574500000000008
