0 0.756640625 0.6045315833333333 0.08374999999999999 0.33333299999999993
0 0.0926171875 0.5977083333333334 0.05437499999999999 0.26166700000000004
0 0.117578125 0.6233336666666667 0.09937499999999999 0.335833
0 0.12898437499999998 0.7670833333333333 0.10625 0.10499999999999998
0 0.17875 0.6190621666666667 0.06437500000000002 0.2874999999999999
0 0.3142578125 0.9138024166666666 0.135625 0.17000000000000007
0 0.3828125 0.6620315833333333 0.07874999999999999 0.33249999999999996
0 0.4076171875 0.5392708333333333 0.023125000000000007 0.0908330000000001
0 0.4481640625 0.628958 0.08187499999999998 0.2824999999999999
0 0.5751953125 0.5482295 0.05687500000000001 0.205
0 0.768203125 0.4976038333333333 0.036250000000000004 0.08999999999999993
0 0.8061328125 0.5258850833333334 0.04125000000000001 0.19166700000000003
0 0.834296875 0.5309378333333333 0.09062499999999996 0.215
0 0.8497265625 0.5369274166666668 0.03374999999999995 0.2008329999999999
0 0.937421875 0.53244825 0.12250000000000005 0.22750000000000004
0 0.9344921875 0.5392708333333333 0.05437500000000006 0.21416700000000008
