0 0.453125 0.6152778907103825 0.15749999999999997 0.63517
0 0.2425390625 0.6217998469945355 0.175 0.587926
0 0.189453125 0.5861376229508197 0.036250000000000004 0.2869639999999999
0 0.2086328125 0.40123820218579237 0.01125000000000001 0.028870999999999942
0 0.3059375 0.5547949453551912 0.078125 0.31933599999999995
0 0.7512109375 0.5529169234972676 0.014375000000000027 0.043744000000000054
0 0.7643359375 0.5529169234972676 0.01375000000000004 0.043744000000000054
0 0.7737890625 0.5577820437158469 0.01937500000000003 0.048993999999999996
0 0.787578125 0.5629238032786885 0.0050000000000000044 0.04111999999999996
0 0.7960546875 0.29138508196721313 0.0068750000000000755 0.027121999999999973
0 0.8023828125 0.30433968306010933 0.011249999999999982 0.039369999999999954
0 0.820078125 0.31057192349726775 0.03562500000000002 0.04636900000000003
0 0.838359375 0.2827443224043716 0.013124999999999942 0.032369999999999996
0 0.8562109375 0.26305128415300544 0.014375000000000027 0.05249399999999998
0 0.8754296875 0.30384856284153006 0.006249999999999978 0.03762099999999998
0 0.9056640625 0.5092791639344262 0.01937500000000003 0.04986899999999996
0 0.9043359375 0.3214538032786885 0.015000000000000013 0.04287000000000005
0 0.9201953125 0.3261515245901639 0.026874999999999982 0.05949200000000005
0 0.9201171875 0.4352368852459016 0.021874999999999978 0.06824100000000005
0 0.9218359375 0.5022801639344262 0.015000000000000013 0.04986899999999996
0 0.958203125 0.47640296721311476 0.03562499999999991 0.09098900000000008
