0 0.0146484375 0.4752603333333334 0.029297 0.10546899999999988
0 0.026366874999999998 0.47135466666666664 0.028321 0.08463499999999995
0 0.06933606249999999 0.6158858333333334 0.050781 0.15234299999999998
0 0.0869138125 0.6028644166666667 0.041016 0.13802099999999995
0 0.1093746875 0.7552084999999998 0.06835999999999999 0.11197900000000012
0 0.0917971875 0.583333 0.022460999999999995 0.09635400000000012
0 0.18457025 0.6966141666666666 0.07128900000000002 0.13020899999999994
0 0.19238325 0.7851563333333332 0.072265 0.13541700000000004
0 0.2246094375 0.5364584166666666 0.02929699999999999 0.04557300000000001
0 0.25683625 0.7955728333333334 0.07128899999999999 0.2447919999999999
0 0.263672 0.5455726666666666 0.03320300000000001 0.05208400000000002
0 0.2988276875 0.7578125 0.03808600000000001 0.23697900000000013
0 0.2998041875 0.5494788333333332 0.02246100000000001 0.027344000000000108
0 0.352539375 0.6692711666666668 0.04394500000000001 0.10156200000000008
0 0.3671870625 0.7630209999999998 0.04980499999999999 0.12630200000000005
0 0.412109 0.8789065833333334 0.09375 0.14453099999999988
0 0.4091800625 0.7721355 0.08203100000000002 0.11067700000000007
0 0.5078125625000001 0.9010414166666667 0.06640600000000002 0.10807300000000009
0 0.551757875 0.55338575 0.028320000000000012 0.08723899999999991
0 0.5839845625 0.8997393333333333 0.06640600000000008 0.13671899999999995
0 0.616211 0.8190100833333332 0.0644530000000001 0.22135499999999997
0 0.6845700625 0.6458331666666667 0.11230499999999999 0.22526099999999993
0 0.95117225 0.9518227500000002 0.07226499999999991 0.08723999999999983
