0 0.0895703125 0.5336343744855967 0.08812500000000001 0.30492100000000005
0 0.14734375 0.5531577901234568 0.05499999999999999 0.24692499999999995
0 0.2040234375 0.551786048010974 0.06187500000000001 0.245167
0 0.2434375 0.5400405953360768 0.04874999999999999 0.23022899999999996
0 0.278828125 0.5586658847736625 0.03562500000000002 0.21616800000000003
0 0.31640625 0.5488285953360769 0.03999999999999998 0.22934900000000003
0 0.346796875 0.5564588216735253 0.05874999999999997 0.236379
0 0.3908984375 0.5603590795610426 0.02937500000000004 0.23462199999999994
0 0.43296875 0.5611944005486968 0.05499999999999999 0.21089599999999997
0 0.4620703125 0.5559224005486968 0.026874999999999982 0.21089599999999997
0 0.49484375 0.5635526268861454 0.05499999999999994 0.21792600000000004
0 0.5419140625 0.5507568847736626 0.050000000000000044 0.216169
0 0.5840625 0.5672379163237311 0.04749999999999999 0.20562400000000003
0 0.63046875 0.5688246268861454 0.05499999999999994 0.21792599999999995
0 0.6805859375 0.5795409163237311 0.04625000000000001 0.203866
0 0.749375 0.5789833689986282 0.06312499999999999 0.219684
0 0.815 0.5915003374485597 0.0625 0.23110700000000003
0 0.863046875 0.5911150795610425 0.05874999999999997 0.23462199999999994
0 0.91890625 0.5975875322359396 0.07062499999999994 0.2504400000000001
