0 0.0078125 0.8308333333333334 0.016875 0.04333299999999992
0 0.1986328125 0.9451044999999999 0.010624999999999996 0.048333000000000105
0 0.34390625 0.8200517499999999 0.00874999999999998 0.024167000000000122
0 0.4003125 0.8815621666666668 0.015625 0.038334000000000014
0 0.4206640625 0.8479684166666667 0.01937500000000003 0.04583400000000001
0 0.44078125 0.8129684166666666 0.00874999999999998 0.045000000000000075
0 0.499609375 0.20885450000000003 0.043749999999999956 0.11166599999999999
0 0.5621875 0.7927600833333334 0.016875000000000084 0.03583400000000007
0 0.5720703125 0.8414579999999999 0.026875000000000093 0.03250000000000005
0 0.7362890625 0.8375517499999999 0.01937499999999992 0.024166999999999977
0 0.770859375 0.1776559166666667 0.043749999999999956 0.15499999999999997
0 0.853359375 0.7230725833333334 0.013124999999999942 0.051666999999999984
0 0.89890625 0.7609899166666666 0.008124999999999938 0.029166000000000025
0 0.9307421875 0.67619825 0.02312499999999995 0.04166600000000006
