0 0.6178515625 0.5394274166666667 0.06500000000000006 0.20249999999999999
0 0.1092578125 0.58151075 0.10500000000000001 0.30499999999999994
0 0.2319140625 0.5455729166666666 0.081875 0.21750000000000003
0 0.527890625 0.45536424999999997 0.020625000000000004 0.04083400000000004
0 0.5496484375 0.46317674999999997 0.02937499999999993 0.05666700000000002
0 0.5601953125 0.45625 0.026249999999999996 0.0625
0 0.59796875 0.4594274166666667 0.023749999999999938 0.07583299999999997
0 0.6211328125 0.4350003333333334 0.011249999999999982 0.04333299999999999
0 0.6434375 0.45609341666666664 0.016874999999999973 0.07583400000000003
0 0.6665625 0.43822916666666667 0.015625 0.03750000000000001
0 0.6871875 0.5192705000000001 0.048125000000000084 0.17416700000000004
0 0.7037890625 0.45682325 0.01937500000000003 0.070833
0 0.724140625 0.4555211666666667 0.020625000000000004 0.06916599999999999
0 0.7467578125 0.5062503333333334 0.04125000000000001 0.10499999999999998
0 0.7419921875 0.4498961666666667 0.023125000000000062 0.03666600000000001
0 0.795625 0.4715100833333334 0.03125 0.09833399999999999
0 0.878125 0.5214583333333334 0.06312499999999999 0.19916699999999996
