0 0.8325 0.9263393133235724 0.09437499999999999 0.145403
0 0.025390625 0.8176605095168374 0.05125 0.10412799999999997
0 0.0567578125 0.9186499575402635 0.10375 0.159475
0 0.047265625 0.862390896046852 0.05125 0.11350900000000004
0 0.07078124999999999 0.8003636383601758 0.071875 0.10694200000000006
0 0.1258203125 0.8480212825768667 0.08812500000000001 0.12101399999999998
0 0.215625 0.9113293133235724 0.09499999999999997 0.14446600000000007
0 0.2166015625 0.8484341537335286 0.09749999999999998 0.1191369999999999
0 0.27449218750000004 0.8105683806734992 0.05374999999999999 0.10225100000000005
0 0.31484375 0.9064991171303074 0.11875000000000002 0.18480300000000005
0 0.39 0.8324861537335285 0.09375 0.1172610000000001
0 0.4224609375 0.9299770556368961 0.10749999999999998 0.13789899999999986
0 0.4691015625 0.8325562518301611 0.09624999999999995 0.09943700000000004
0 0.5407031250000001 0.9353775402635431 0.09874999999999995 0.126642
0 0.546796875 0.8802148960468521 0.09125000000000005 0.1135079999999999
0 0.5716796875 0.8367211229868229 0.03749999999999998 0.09380800000000004
0 0.6580859375 0.9353775402635431 0.10750000000000004 0.126642
0 0.655 0.873692055636896 0.09375 0.1388369999999999
0 0.7449609375 0.8325303133235724 0.07687499999999992 0.14634100000000005
0 0.7494140625 0.8881759267935578 0.08125000000000004 0.1360220000000001
0 0.7555859375 0.9326777979502197 0.07687500000000003 0.13226999999999986
