0 0.3153720625 0.7154635651537335 0.08133400000000002 0.24175800000000003
0 0.14266893749999998 0.31438684187408494 0.14 0.451549
0 0.2896640625 0.0951683748169839 0.11266699999999999 0.192807
0 0.2910625 0.30428701903367494 0.07933299999999999 0.20579399999999998
0 0.5066640625000001 0.4992679355783309 0.36199999999999993 0.999001
0 0.4378515625 0.2794495036603221 0.096667 0.19380599999999995
0 0.4617295 0.6671312459736457 0.07933299999999999 0.187812
0 0.459917 0.47778537481698385 0.062666 0.19081000000000004
0 0.535109375 0.26393063250366033 0.07466700000000004 0.197802
0 0.5473720625 0.45787411713030746 0.08066699999999993 0.18581499999999995
0 0.55115625 0.644756859443631 0.07066700000000004 0.178821
0 0.684359375 0.0629575402635432 0.13733300000000004 0.126873
0 0.6933720625 0.46026850366032207 0.08199999999999996 0.19380699999999995
0 0.69630175 0.248343019033675 0.08599999999999997 0.20579399999999998
0 0.78448925 0.11273792093704246 0.07066699999999992 0.22677300000000003
0 0.894182625 0.4992679355783309 0.20866600000000002 0.999001
