0 0.0546875 0.33008910218978105 0.109375 0.44071
0 0.1154296875 0.2194513284671533 0.038125000000000006 0.09523799999999998
0 0.128359375 0.11798143065693432 0.04375000000000001 0.13165199999999996
0 0.1389453125 0.12813272262773723 0.05812500000000001 0.126051
0 0.2462109375 0.4826191386861314 0.2025 0.9374410000000001
0 0.1778125 0.11612809489051094 0.04749999999999999 0.180206
0 0.4203125 0.44607076642335763 0.234375 0.887021
0 0.439140625 0.10290805839416058 0.083125 0.080299
0 0.5723046875 0.2696572116788321 0.13187500000000008 0.337068
0 0.5330859375 0.10419718248175182 0.04625000000000001 0.09710599999999998
0 0.7628515625 0.5673860802919708 0.47187500000000004 0.8608770000000001
0 0.732734375 0.3416058394160584 0.29312499999999997 0.685341
0 0.8744921875 0.34198365693430655 0.14749999999999996 0.5873010000000001
0 0.9325 0.12130828467153285 0.06437499999999996 0.13538699999999998
0 0.9780078125 0.11441616058394159 0.041874999999999996 0.11858100000000002
