0 0.1680599708029197 0.968125 0.16153199999999998 0.0625
0 0.21796978102189782 0.43390625 0.20448100000000005 0.13374999999999998
0 0.2168357226277372 0.449609375 0.12791699999999998 0.07500000000000001
0 0.31160752554744525 0.7410546875 0.311858 0.16374999999999995
0 0.3030034671532847 0.741328125 0.23249299999999995 0.13
0 0.2770665547445255 0.969296875 0.151261 0.05937500000000007
0 0.5081153649635036 0.4407421875 0.1942109999999999 0.11625000000000002
0 0.5008671167883212 0.445625 0.15873099999999998 0.09375
0 0.5256699708029198 0.9773828125 0.163399 0.04125000000000001
0 0.6041833211678833 0.7637109375 0.23622799999999997 0.10875000000000001
0 0.6595607591240875 0.964453125 0.22502400000000006 0.06812499999999999
0 0.8335045328467153 0.44296875 0.170868 0.08749999999999997
0 0.8713940510948905 0.4483984375 0.2194209999999999 0.15562499999999996
0 0.9159599708029198 0.7276953125 0.16339800000000004 0.08875
0 0.9339217226277373 0.6862109375 0.127918 0.07687500000000003
