0 0.7065625 0.7525321861861862 0.078125 0.374039
0 0.3029296875 0.6706456456456457 0.10125 0.29423099999999996
0 0.4212890625 0.697413105105105 0.08187500000000003 0.21153799999999998
0 0.4512109375 0.630873027027027 0.013749999999999984 0.055769000000000006
0 0.495234375 0.7054461381381382 0.07562499999999994 0.27788399999999996
0 0.5312890625 0.6294755525525525 0.050000000000000044 0.10576900000000003
0 0.5901171875 0.7629246936936938 0.08437499999999998 0.38749999999999996
0 0.606796875 0.613565027027027 0.028124999999999956 0.05673100000000001
0 0.6562109375 0.6412505585585586 0.04499999999999993 0.11826999999999996
0 0.734765625 0.6802895975975977 0.05249999999999999 0.19711599999999996
