0 0.021484375 0.3851562499999999 0.04375 0.07250000000000008
0 0.0576171875 0.72848925 0.11625 0.196667
0 0.0598828125 0.2606253333333333 0.104375 0.07416600000000002
0 0.06625 0.5006253333333334 0.095625 0.19999999999999996
0 0.06921875 0.3614059166666666 0.08625000000000001 0.09250000000000003
0 0.07421875 0.6148955 0.08625 0.07916699999999999
0 0.6315625 0.7530729166666666 0.735 0.46833300000000005
0 0.64234375 0.3040625 0.7125 0.32916699999999993
0 0.3647265625 0.37307291666666664 0.1275 0.09166699999999998
0 0.4139453125 0.07291666666666667 0.213125 0.148333
0 0.45703125 0.5361979166666666 0.290625 0.24750000000000005
0 0.4526171875 0.08541633333333333 0.27249999999999996 0.10666700000000001
0 0.624453125 0.9085416666666667 0.598125 0.17916700000000008
0 0.5521484375 0.4561982500000001 0.405625 0.16583299999999998
