0 0.4453125 0.7346871666666667 0.8925 0.3199999999999999
0 0.06644531249999999 0.92338575 0.056875 0.15000000000000005
0 0.0934765625 0.7326041666666666 0.03375 0.13250000000000015
0 0.1227734375 0.7448434166666668 0.03 0.13999999999999999
0 0.1584765625 0.9298434166666666 0.06562499999999999 0.1383340000000001
0 0.150625 0.74338575 0.0325 0.1499999999999999
0 0.174921875 0.7528649166666668 0.028124999999999983 0.1224999999999999
0 0.1965234375 0.7457815833333333 0.029374999999999984 0.14333300000000002
0 0.6072265625 0.26276008333333334 0.78375 0.16000000000000003
0 0.2658984375 0.7693753333333334 0.030000000000000027 0.135833
0 0.3028515625 0.9783333333333334 0.034999999999999976 0.041667000000000044
0 0.30875 0.7686455 0.03187499999999999 0.141667
0 0.3534765625 0.7738538333333334 0.03500000000000003 0.15333399999999994
0 0.3803515625 0.7773434166666666 0.034999999999999976 0.13999999999999999
0 0.404921875 0.7811455 0.02812500000000001 0.1408339999999999
0 0.4154296875 0.2864583333333333 0.03750000000000003 0.07416699999999998
0 0.4384765625 0.7868753333333333 0.03375 0.13750000000000004
0 0.4566796875 0.27999966666666665 0.03750000000000003 0.08416700000000003
0 0.4677734375 0.7861455 0.029374999999999984 0.1408339999999999
0 0.4828515625 0.2924479166666667 0.03375 0.06166699999999995
0 0.5084765625000001 0.8005732499999999 0.034999999999999976 0.1350000000000001
0 0.5273046875 0.2858850833333333 0.03749999999999998 0.06750000000000005
0 0.551953125 0.790625 0.036250000000000004 0.15833299999999983
0 0.5642578125 0.28109341666666665 0.04125000000000001 0.075834
0 0.57609375 0.7907815833333333 0.024375000000000036 0.1441660000000001
0 0.590390625 0.7963020833333334 0.020625000000000004 0.12916699999999995
0 0.60796875 0.935833 0.055625000000000036 0.12583400000000008
0 0.6048046875 0.2941149166666666 0.03749999999999998 0.061666
0 0.6148046875 0.7976559166666667 0.03875000000000006 0.15499999999999994
0 0.665703125 0.7963538333333333 0.036250000000000004 0.15333400000000008
0 0.6696484375 0.21416633333333335 0.030000000000000027 0.041666999999999975
0 0.6650390625 0.23036424999999996 0.01937500000000003 0.03916700000000003
0 0.6881640625 0.96182325 0.050000000000000044 0.07250000000000008
0 0.6991796875 0.8063538333333332 0.03874999999999995 0.15333400000000008
0 0.740703125 0.81921875 0.036250000000000004 0.15000000000000005
0 0.76828125 0.9783333333333334 0.039999999999999925 0.041667000000000044
0 0.770625 0.8121878333333333 0.03249999999999997 0.1525
0 0.7894921875 0.8199475833333333 0.021874999999999978 0.143334
0 0.8059375 0.9538017499999999 0.04875000000000007 0.08833400000000013
0 0.8225 0.8195836666666666 0.03249999999999997 0.14833300000000005
0 0.9106640625 0.7319270833333333 0.17562500000000003 0.5341670000000001
0 0.9034375 0.3101038333333333 0.04874999999999996 0.09083400000000001
0 0.9396484375 0.30640591666666667 0.02937499999999993 0.09249999999999999
0 0.97046875 0.30994825 0.05625000000000002 0.10166600000000003
