0 0.826819625 0.8015984444444444 0.05142800000000003 0.2335030000000001
0 0.2273600625 0.7003578888888888 0.018572000000000005 0.12182700000000007
0 0.2478851875 0.7055662222222222 0.022857000000000016 0.13198000000000004
0 0.277198375 0.7117087777777777 0.04428599999999999 0.149746
0 0.396528875 0.7293424444444444 0.028571999999999986 0.14213200000000004
0 0.495100875 0.7459016666666667 0.028571000000000013 0.177665
0 0.507288375 0.726134888888889 0.012857000000000007 0.15482299999999988
0 0.6091515 0.7775575555555556 0.047143000000000046 0.20812199999999997
0 0.6819368125 0.7759537777777777 0.04142799999999991 0.21319800000000003
0 0.745770375 0.7726138888888889 0.04428500000000002 0.21827399999999997
0 0.7741243125 0.7484396666666666 0.027142 0.177665
