0 0.28042968749999997 0.48453125 0.06999999999999998 0.16583299999999998
0 0.2802734375 0.54348925 0.030625000000000013 0.07249999999999994
0 0.32265625 0.5423955 0.040000000000000036 0.07916699999999999
0 0.36625 0.54515625 0.03125 0.070833
0 0.381484375 0.5546871666666666 0.04375000000000001 0.06833400000000005
0 0.4284375 0.54817675 0.04749999999999999 0.055000000000000084
0 0.464375 0.53567675 0.03125 0.05666699999999988
0 0.492734375 0.5269274166666666 0.07437500000000002 0.07750000000000005
0 0.4850390625 0.5269795 0.018125000000000002 0.01666599999999992
0 0.5776953125 0.52619825 0.026250000000000107 0.04166599999999998
0 0.59609375 0.523958 0.025000000000000022 0.0324999999999999
