0 0.254375 0.8283333333333333 0.03312499999999999 0.041667000000000044
0 0.3172265625 0.8246354166666666 0.03375 0.045000000000000075
0 0.39609375 0.8713024166666666 0.05562499999999998 0.04666599999999995
0 0.3984765625 0.8190621666666668 0.03375 0.03749999999999994
0 0.4498828125 0.8190621666666668 0.04125000000000001 0.036667000000000005
0 0.4644140625 0.8700003333333334 0.049375 0.04249999999999998
0 0.536875 0.7810940833333334 0.03249999999999997 0.034999999999999996
0 0.5612890625 0.8705725833333333 0.05062500000000003 0.051666999999999984
0 0.5827734375 0.7809899166666666 0.02937500000000004 0.030833000000000037
0 0.593515625 0.8134375 0.020625000000000004 0.04833299999999996
0 0.635625 0.8638024166666667 0.06312499999999999 0.04499999999999993
0 0.6391796875 0.782292 0.03875000000000006 0.03250000000000005
0 0.688125 0.77869825 0.03249999999999997 0.04166600000000006
0 0.7189453125 0.86067675 0.05687500000000001 0.055000000000000014
0 0.740546875 0.7790621666666667 0.028124999999999956 0.036667000000000005
0 0.77875 0.783958 0.03187499999999999 0.03250000000000005
0 0.7980078125 0.8597395833333333 0.04249999999999998 0.05000000000000012
