0 0.318125 0.6272399166666668 0.06312499999999999 0.21749999999999994
0 0.11796875 0.5681770833333334 0.024374999999999994 0.0966669999999999
0 0.1591015625 0.5968225833333333 0.03437500000000002 0.11333400000000005
0 0.19421875 0.5828649166666667 0.024375000000000008 0.12416599999999993
0 0.21484375 0.5888545 0.024375000000000008 0.11000000000000017
0 0.2478515625 0.5929690833333333 0.034999999999999976 0.12916599999999998
0 0.2789453125 0.64067675 0.05812500000000004 0.18083399999999994
0 0.3015234375 0.5532809166666667 0.030000000000000027 0.06083399999999998
0 0.3578125 0.5646871666666667 0.01687500000000003 0.06833399999999996
0 0.3784375 0.5633333333333334 0.015625 0.041667000000000044
0 0.39640625 0.5657291666666667 0.008124999999999993 0.036667000000000005
0 0.4042578125 0.5627600833333334 0.010000000000000009 0.034999999999999996
0 0.5270703125 0.5657809166666666 0.12062499999999998 0.05999999999999998
0 0.723984375 0.61005175 0.04437499999999994 0.15
0 0.747578125 0.6020309166666666 0.036250000000000004 0.12416700000000007
0 0.7716796875 0.6063020833333334 0.03874999999999995 0.12916699999999995
0 0.7910546875 0.5962496666666667 0.03750000000000009 0.14833399999999988
