0 0.28046875 0.6157664225759768 0.14875 0.577778
0 0.2944140625 0.41767414616497833 0.04999999999999999 0.16666699999999993
0 0.336015625 0.5813773704775688 0.08250000000000002 0.477777
0 0.3203515625 0.31540462807525327 0.034999999999999976 0.07592600000000001
0 0.3655078125 0.34937516208393626 0.04250000000000004 0.08518600000000005
0 0.4102734375 0.6124535484804631 0.12374999999999997 0.48333400000000004
0 0.4116015625 0.344862518089725 0.034999999999999976 0.090741
0 0.442578125 0.34711934008683065 0.036250000000000004 0.08703700000000002
0 0.4583984375 0.34694723010130246 0.030000000000000027 0.10370400000000006
0 0.493046875 0.37842923010130247 0.05874999999999997 0.10370299999999999
0 0.4855078125 0.3492040520984081 0.04249999999999993 0.10000000000000007
0 0.5246484375 0.5978722604920405 0.09250000000000003 0.49444400000000016
0 0.5680078125 0.355335984081042 0.04125000000000001 0.08333299999999999
0 0.61796875 0.6254781505065123 0.08750000000000002 0.5092589999999999
0 0.64984375 0.3902393661360347 0.05624999999999991 0.13888899999999998
0 0.709375 0.60811201447178 0.09375 0.47407400000000016
0 0.7925 0.5087231562952242 0.06374999999999997 0.296296
0 0.8541015625 0.4442992821997106 0.03374999999999995 0.2000000000000001
0 0.88671875 0.44047307814761216 0.025000000000000022 0.14999999999999994
