0 0.25234375 0.8839042941176469 0.05562500000000001 0.17796600000000018
0 0.0078125 0.6217953529411764 0.01625 0.11393600000000005
0 0.0126953125 0.7478455882352941 0.02625 0.15442499999999995
0 0.0230859375 0.9106817058823529 0.045 0.17420000000000002
0 0.024609375 0.6096182352941177 0.011875 0.09227899999999996
0 0.041874999999999996 0.6746425294117647 0.0325 0.11770300000000003
0 0.0460546875 0.7707514117647059 0.03875000000000001 0.09981199999999993
0 0.049140625 0.5898442352941176 0.020624999999999998 0.09322000000000012
0 0.0755078125 0.908386294117647 0.041875 0.17890699999999995
0 0.0726953125 0.5907223529411765 0.02562500000000001 0.11393600000000005
0 0.1083203125 0.5919605882352942 0.026874999999999996 0.10451900000000001
0 0.12828125 0.6628778235294117 0.04062500000000001 0.0969870000000001
0 0.131171875 0.7852772352941176 0.02812500000000001 0.14406799999999995
0 0.1290625 0.569668411764706 0.015625 0.04802299999999993
0 0.1502734375 0.9379470000000001 0.030625000000000013 0.10075399999999991
0 0.15484375 0.5978535294117647 0.024375000000000008 0.06873799999999995
0 0.17828125 0.9672647647058824 0.03937499999999999 0.06120499999999989
0 0.177578125 0.7866839411764706 0.03562499999999999 0.16478399999999996
0 0.17421875 0.6014404705882352 0.024375000000000008 0.08286199999999999
0 0.2027734375 0.596615294117647 0.029375000000000012 0.07909600000000008
0 0.210390625 0.5204081764705882 0.020625000000000004 0.05743899999999998
0 0.2293359375 0.5352941176470588 0.014374999999999999 0.07344600000000003
0 0.2303125 0.6190875294117647 0.016875 0.11958500000000005
0 0.2603125 0.7188985294117647 0.046875 0.11770300000000003
0 0.2659375 0.5269362941176471 0.015625 0.079096
0 0.2980078125 0.7995707058823531 0.04249999999999998 0.17514100000000005
0 0.3090234375 0.9664399411764706 0.060624999999999984 0.06497099999999989
0 0.287109375 0.5373571764705882 0.013124999999999998 0.05649699999999999
0 0.296484375 0.679426 0.012499999999999956 0.051789000000000085
0 0.2998046875 0.6282294705882353 0.007500000000000007 0.032956000000000076
0 0.3121875 0.5713190588235295 0.016874999999999973 0.03672299999999989
0 0.3146875 0.6393484117647058 0.016874999999999973 0.04802300000000009
0 0.3253125 0.5149915294117646 0.016249999999999987 0.06873800000000004
0 0.3473046875 0.6871913529411765 0.03875000000000001 0.06402999999999996
0 0.34546875 0.7358591176470588 0.024375000000000036 0.07156300000000003
0 0.3456640625 0.860829 0.018750000000000044 0.2005650000000001
0 0.3471875 0.5267029411764707 0.016250000000000042 0.06591399999999994
0 0.37015625 0.8627119999999999 0.03999999999999998 0.2005650000000001
0 0.405390625 0.9335885294117647 0.05125000000000002 0.11770200000000006
0 0.3976953125 0.7264431176470588 0.02562500000000001 0.07156299999999995
0 0.40890625 0.8247090588235293 0.03937499999999999 0.136535
0 0.4394921875 0.7283784117647059 0.021874999999999978 0.09792900000000002
0 0.450625 0.922416294117647 0.03125 0.07909600000000008
0 0.461953125 0.9759198235294116 0.03562499999999996 0.045197000000000036
0 0.498515625 0.9698574117647057 0.020625000000000004 0.048022000000000106
0 0.52875 0.9018581764705882 0.03125 0.156309
0 0.55953125 0.8830261764705882 0.039999999999999925 0.158192
0 0.643671875 0.9377669411764705 0.028124999999999956 0.11582000000000003
0 0.67625 0.906926294117647 0.03187499999999999 0.127119
0 0.711328125 0.9319378823529412 0.036250000000000004 0.13182599999999992
0 0.7530078125 0.9241192352941177 0.04125000000000001 0.09227900000000004
0 0.8383984375 0.9641435294117647 0.02937500000000004 0.06873799999999987
