0 0.1189453125 0.523046875 0.18281299999999998 0.559375
0 0.276172375 0.504296375 0.23124999999999998 0.512501
0 0.2279296875 0.496875 0.132812 0.501563
0 0.311328625 0.4787104375 0.14531200000000002 0.529688
0 0.533983875 0.59296875 0.37187499999999996 0.5546880000000001
0 0.459765625 0.4833984375 0.17656199999999994 0.529688
0 0.460546875 0.4994135625 0.12187499999999996 0.5656249999999999
0 0.58515625 0.323828625 0.1343749999999999 0.301562
0 0.7041020625 0.4615239375 0.11250000000000004 0.609374
0 0.8109375 0.4744145625 0.11093799999999998 0.6593749999999999
0 0.9134765625 0.4697265625 0.15937500000000004 0.596875
