0 0.4701953125 0.5858497810218978 0.05812499999999998 0.207283
0 0.037109375 0.9166565547445255 0.075625 0.15126000000000003
0 0.02265625 0.7871296642335766 0.040624999999999994 0.04761899999999999
0 0.057578125 0.836275204379562 0.036875 0.07656399999999995
0 0.1024609375 0.8350007445255474 0.046874999999999986 0.10550900000000007
0 0.178515625 0.9384720145985402 0.08312499999999998 0.12044800000000004
0 0.200234375 0.8563060145985402 0.075625 0.12231600000000005
0 0.2059375 0.7875378102189781 0.046875 0.04388400000000009
0 0.2926953125 0.8233219124087591 0.057499999999999996 0.08216700000000003
0 0.30703125 0.9581840583941607 0.07062500000000005 0.08029800000000005
0 0.3172265625 0.8607886204379561 0.06625000000000003 0.08776900000000014
0 0.3775 0.8811235328467153 0.06437500000000002 0.16993500000000003
0 0.431953125 0.863538598540146 0.06812499999999999 0.10924399999999997
0 0.4666015625 0.9238881386861314 0.06562499999999999 0.14005599999999999
0 0.506484375 0.8246120364963504 0.07437499999999997 0.099906
0 0.5007421875 0.9469270364963502 0.053749999999999964 0.10177400000000017
0 0.531796875 0.977079810218978 0.06000000000000005 0.04388400000000009
0 0.5695703125 0.8756099124087591 0.057499999999999996 0.08403400000000008
0 0.6070703125 0.92721599270073 0.11937500000000001 0.14192300000000002
0 0.682109375 0.8873034087591241 0.10624999999999996 0.15312800000000007
0 0.7396875 0.9222585547445256 0.140625 0.15126000000000003
0 0.7299609375 0.820402204379562 0.04625000000000001 0.07656400000000012
0 0.759453125 0.8223222262773722 0.036250000000000004 0.056956
0 0.835859375 0.85251899270073 0.07562500000000005 0.141924
0 0.910546875 0.9191681167883211 0.12250000000000005 0.15873000000000018
0 0.9327734375 0.8722977226277373 0.06125000000000003 0.12605
0 0.954609375 0.8338449927007299 0.07437499999999997 0.1409900000000001
0 0.9746875 0.9654156423357664 0.04812499999999997 0.0672270000000001
