0 0.0740625 0.6756770833333333 0.109375 0.34666700000000006
0 0.5615234375 0.664167 0.874375 0.251666
0 0.18421875 0.22833366666666666 0.024375000000000008 0.08583300000000005
0 0.20734375 0.228542 0.024375000000000008 0.09416600000000001
0 0.2915625 0.22963575 0.015625 0.08749999999999998
0 0.403125 0.7121354166666666 0.12624999999999997 0.1716670000000001
0 0.451875 0.214167 0.09437499999999999 0.125833
0 0.5434375 0.23666666666666666 0.016874999999999973 0.08416700000000003
0 0.561015625 0.23927083333333332 0.020625000000000004 0.09000000000000001
0 0.628046875 0.7198961666666667 0.12187499999999996 0.16249999999999995
0 0.6356640625 0.22640658333333333 0.018125000000000058 0.04999999999999997
