0 0.5762890625 0.6101561094890511 0.08062499999999995 0.3006540000000001
0 0.041640625 0.608614905109489 0.052500000000000005 0.224089
0 0.430625 0.5989521094890511 0.0625 0.30065300000000006
0 0.471875 0.5888881970802919 0.06250000000000006 0.21661999999999992
0 0.486015625 0.5668196569343066 0.020625000000000004 0.18767500000000006
0 0.51109375 0.580603905109489 0.05625000000000002 0.22222200000000006
0 0.6268359375 0.5971724890510949 0.04625000000000001 0.21288600000000008
0 0.665703125 0.5762243430656934 0.03562500000000002 0.21568600000000002
0 0.7020703125 0.5860351751824818 0.057499999999999996 0.23902900000000002
0 0.73375 0.5563642627737226 0.03249999999999997 0.15686200000000008
0 0.7711328125 0.6016197372262774 0.073125 0.24649800000000002
0 0.793125 0.5015343722627738 0.03312500000000007 0.055087999999999984
0 0.8135546875 0.5553115547445255 0.03749999999999998 0.149393
0 0.8401953125 0.5562965766423358 0.02562500000000001 0.128852
0 0.8704296875 0.5614914306569344 0.038124999999999964 0.1325869999999999
0 0.8953125 0.554600306569343 0.016875000000000084 0.11484599999999992
0 0.9163671875 0.5581645766423358 0.021874999999999978 0.13071900000000006
0 0.94046875 0.5508653065693431 0.024375000000000036 0.114846
0 0.964140625 0.5458411824817518 0.02124999999999999 0.09803900000000003
0 0.9853125 0.5327024963503649 0.01749999999999996 0.07282899999999996
