0 0.96171875 0.4941663467933492 0.055625000000000036 0.3936169999999999
0 0.0191796875 0.5706382066508313 0.0375 0.454407
0 0.07046875 0.5535380190023753 0.05625000000000001 0.43313099999999993
0 0.1187890625 0.5280744560570071 0.05 0.37841899999999995
0 0.1726953125 0.4945270332541568 0.02562500000000001 0.2583589999999999
0 0.225859375 0.500617783847981 0.04375000000000001 0.334346
0 0.3063671875 0.44740428266033255 0.021874999999999978 0.18388999999999997
0 0.3876953125 0.3635142660332542 0.02562500000000001 0.05319099999999997
0 0.5414453125 0.47314936104513067 0.0568749999999999 0.214286
0 0.60390625 0.6633539572446556 0.13375000000000004 0.530395
0 0.671796875 0.46060917339667456 0.028125000000000067 0.199088
0 0.69171875 0.4744777672209026 0.024374999999999925 0.20516800000000002
0 0.72375 0.47011036104513065 0.03187499999999999 0.21428600000000006
0 0.761796875 0.46850043942992875 0.028124999999999956 0.24924
0 0.8062109375 0.4908233301662708 0.04625000000000001 0.26139900000000005
0 0.83890625 0.49662081472684083 0.040000000000000036 0.28571500000000005
