0 0.03125 0.5660620455212922 0.0625 0.6387580000000002
0 0.168671875 0.7022856093979443 0.21625000000000003 0.534337
0 0.2421484375 0.38528316886930986 0.185625 0.36500499999999997
0 0.276171875 0.7065080396475771 0.24624999999999997 0.5569139999999999
0 0.421796875 0.41130231571218795 0.184375 0.42239
0 0.460859375 0.7024921850220264 0.2625 0.591721
0 0.60609375 0.6880824713656387 0.27437500000000004 0.6011289999999999
0 0.5880859375 0.36518459618208515 0.20249999999999996 0.34713
0 0.79046875 0.7138501835535976 0.2124999999999999 0.570084
0 0.8651171875 0.4035707400881058 0.20999999999999996 0.362182
0 0.907421875 0.7389287503671071 0.18374999999999997 0.507997
