0 0.0703125 0.6471355 0.140625 0.546875
0 0.19824193750000002 0.6132814166666667 0.20214899999999997 0.5442710000000001
0 0.1943355 0.36979125 0.078125 0.13411499999999998
0 0.273437625 0.6302083333333334 0.14648400000000003 0.47916700000000007
0 0.4062504375 0.5416664999999999 0.217773 0.8281250000000001
0 0.6718746875 0.5182288333333334 0.16210999999999998 0.869792
0 0.7763671875 0.5026045 0.05371099999999995 0.3294269999999999
0 0.873046375 0.6067709166666666 0.16894599999999993 0.4674479999999999
0 0.8369136875 0.388021 0.06836000000000009 0.09375
0 0.91210925 0.3880211666666667 0.07031300000000007 0.10156199999999993
0 0.9697263125 0.3997395833333333 0.05761700000000003 0.052082999999999956
