0 0.4990234375 0.8380211666666666 0.999375 0.31833300000000014
0 0.068125 0.5712496666666667 0.095625 0.27249999999999996
0 0.10171875 0.5011455 0.05562500000000001 0.141667
0 0.292109375 0.5950520833333334 0.07500000000000001 0.31750000000000006
0 0.2851171875 0.5575003333333334 0.05437500000000001 0.2933329999999999
0 0.554453125 0.6175520833333333 0.06687500000000002 0.31749999999999995
0 0.60046875 0.4067711666666667 0.08750000000000002 0.13083299999999998
0 0.767265625 0.4151559166666667 0.083125 0.15500000000000003
0 0.8485546875 0.5376565833333333 0.07000000000000006 0.239166
0 0.8716796875 0.37276075000000003 0.06999999999999995 0.11833299999999998
