0 0.8620703125 0.4420527518248175 0.08875 0.36694600000000005
0 0.378984375 0.38581402919708024 0.075625 0.241831
0 0.4323046875 0.3901935912408759 0.09999999999999998 0.2493
0 0.49453125 0.36821443065693427 0.040000000000000036 0.132586
0 0.6249609375 0.4609631678832117 0.10749999999999993 0.3790849999999999
0 0.73828125 0.40405155474452553 0.07187500000000002 0.149393
0 0.7812890625 0.39818944525547445 0.050000000000000044 0.2521009999999999
0 0.8259765625 0.340477204379562 0.034375000000000044 0.07843100000000008
0 0.930546875 0.4713452408759124 0.028124999999999956 0.17553599999999994
0 0.9675 0.48992986131386856 0.06312499999999999 0.26423899999999995
