0 0.0283203125 0.1873436086956522 0.0575 0.07015599999999998
0 0.11328125 0.579287 0.226875 0.8017820000000001
0 0.2669140625 0.28737469565217394 0.11249999999999999 0.286192
0 0.3900390625 0.25494343478260867 0.14375000000000004 0.28062399999999993
0 0.5076953125 0.2244024782608696 0.11937500000000001 0.22828499999999996
0 0.5696484375 0.20402078260869566 0.061249999999999916 0.18262799999999998
0 0.8127734375 0.6881842173913043 0.37312500000000004 0.6202670000000001
0 0.6691015625 0.2020061304347826 0.06500000000000006 0.163697
0 0.8446875 0.4731174347826087 0.266875 0.360801
0 0.76765625 0.20639895652173912 0.07062499999999994 0.132517
0 0.8888671875 0.2340256086956522 0.08562499999999995 0.15256100000000003
0 0.9419140625 0.3168433913043478 0.11312500000000003 0.173719
0 0.9737890625 0.21433121739130437 0.050000000000000044 0.139198
0 0.9804296875 0.2794692608695652 0.03749999999999998 0.170379
