0 0.0234375 0.5219956277372263 0.04875 0.35013999999999995
0 0.03515625 0.943837598540146 0.070625 0.109243
0 0.0400390625 0.3236268175182482 0.08125 0.30438800000000005
0 0.12421875 0.6129354160583942 0.15000000000000002 0.4136319999999999
0 0.1024609375 0.15361046715328466 0.07687499999999999 0.233427
0 0.1156640625 0.943837598540146 0.08124999999999999 0.109243
0 0.15085937500000002 0.3097395255474452 0.138125 0.311858
0 0.2587890625 0.9155518248175183 0.174375 0.16526600000000005
0 0.2760546875 0.5280714598540145 0.13187500000000002 0.3725490000000001
0 0.28078125 0.2585562554744526 0.134375 0.295985
0 0.393125 0.27439289781021897 0.09375 0.364145
0 0.416015625 0.6533071678832117 0.11499999999999999 0.3772179999999999
0 0.4375 0.9249408467153284 0.15625 0.1456580000000001
0 0.542421875 0.18394160583941604 0.12187500000000001 0.368814
0 0.5680859375 0.7366956058394161 0.13937500000000003 0.36974799999999997
0 0.5712890625 0.32825845985401464 0.11250000000000004 0.37161500000000003
0 0.690625 0.3035076277372263 0.12687499999999996 0.34827299999999994
0 0.71125 0.6409837737226277 0.15749999999999997 0.34453799999999996
0 0.789765625 0.23520722627737226 0.114375 0.4575160000000001
0 0.825703125 0.6744113795620438 0.130625 0.313726
0 0.8609765625 0.3031818321167883 0.12812500000000004 0.424837
