0 0.50050725 0.661910875 0.10237599999999995 0.21590200000000004
0 0.01171875 0.6190324375 0.024679999999999997 0.061686999999999936
0 0.02734375 0.6748906875 0.054845 0.10075400000000001
0 0.045651166666666666 0.68765825 0.038392 0.071967
0 0.07631566666666667 0.6420945625 0.05210299999999999 0.09732700000000005
0 0.11733725 0.6460008125 0.03930600000000001 0.10418100000000008
0 0.15079658333333334 0.6434465 0.01828099999999999 0.10966500000000001
0 0.35184075 0.6381883125 0.05484500000000003 0.08910200000000001
0 0.3870166666666666 0.6386675625 0.021023000000000014 0.09595600000000004
0 0.60288325 0.6693705625 0.10329100000000002 0.12885599999999997
