0 0.294921875 0.4635417499999999 0.05859399999999998 0.14973900000000015
0 0.3378903125 0.4921873333333333 0.056641 0.10416699999999997
0 0.40625 0.464844 0.09375 0.126302
0 0.4501949375 0.3606775 0.014649000000000023 0.016927000000000064
0 0.45605475 0.3398440833333334 0.02441399999999999 0.03645799999999999
0 0.4873046875 0.3385419166666666 0.03808599999999995 0.059896000000000026
0 0.5390625625 0.3580729166666667 0.0654300000000001 0.09114600000000002
0 0.5781245625 0.4361981666666666 0.03417999999999999 0.226562
0 0.6035151875 0.44661475 0.052734999999999976 0.305989
0 0.653320375 0.4609375833333333 0.04394500000000001 0.2070310000000001
0 0.6708979375 0.4700525 0.07714899999999991 0.29947900000000005
0 0.6855469375 0.3372396666666666 0.04492200000000002 0.05338499999999998
0 0.9736325 0.4062505 0.047852000000000006 0.08072900000000005
