0 0.37046875 0.5519021171303075 0.05562499999999998 0.18667900000000007
0 0.1355859375 0.7737202093704246 0.13999999999999999 0.2560979999999999
0 0.1684375 0.619654411420205 0.079375 0.12476599999999989
0 0.17828125 0.7124293748169839 0.071875 0.19043100000000007
0 0.26328125 0.6355323133235725 0.07125000000000001 0.1463409999999999
0 0.280859375 0.7816994612005858 0.10624999999999998 0.35365800000000003
0 0.4101171875 0.6938257920937042 0.14750000000000002 0.22514
0 0.5803515625 0.6723630497803808 0.06562500000000004 0.23076999999999998
0 0.6094921875 0.6752039882869691 0.08437499999999998 0.1829270000000001
0 0.6773828125 0.8147599765739386 0.19874999999999998 0.36585399999999996
0 0.6714453125 0.6516377306002928 0.05750000000000011 0.1782359999999999
0 0.7625 0.6396530248901904 0.06437500000000007 0.11538400000000001
0 0.8219921875 0.634664411420205 0.053749999999999964 0.124765
0 0.9575390625 0.6714951478770131 0.08187500000000003 0.20919299999999993
