0 0.05078125 0.71359375 0.040624999999999994 0.05625000000000002
0 0.07359375 0.8552734375 0.056249999999999994 0.12437500000000001
0 0.11671875 0.8720703125 0.05625000000000001 0.11937500000000001
0 0.3851953125 0.506796875 0.02562500000000001 0.06
0 0.4658984375 0.6141015625 0.030625000000000013 0.06499999999999995
0 0.4805859375 0.439609375 0.015000000000000013 0.044375
0 0.5497265625 0.6375390625 0.034375000000000044 0.08187499999999992
0 0.58125 0.642734375 0.03249999999999997 0.07562500000000005
0 0.578359375 0.428984375 0.011874999999999969 0.04437500000000005
0 0.5832421875 0.49109375 0.022499999999999964 0.05500000000000005
0 0.60109375 0.6368359375 0.024375000000000036 0.07687500000000003
0 0.6091796875 0.9339453125 0.03750000000000009 0.12062499999999998
0 0.6078125 0.49296875 0.016874999999999973 0.05499999999999999
0 0.6264453125 0.4928125 0.026874999999999982 0.04749999999999999
0 0.6502734375 0.461484375 0.02937500000000004 0.044375
