0 0.4533203125 0.804167 0.08937500000000004 0.2508330000000001
0 0.0146484375 0.9445833333333332 0.03 0.10666700000000014
0 0.069765625 0.9245836666666666 0.0825 0.1475000000000001
0 0.08492187500000001 0.7929690833333334 0.059375000000000004 0.12916599999999998
0 0.14753906249999998 0.9317711666666666 0.05 0.13083300000000012
0 0.188046875 0.9243753333333333 0.05937500000000001 0.13750000000000004
0 0.2412109375 0.9266145833333334 0.07750000000000001 0.14416700000000007
0 0.297734375 0.7677086666666666 0.044375 0.17750000000000007
0 0.3234375 0.9338020833333333 0.08000000000000002 0.12916700000000012
0 0.354375 0.7396871666666667 0.06312499999999999 0.19416700000000006
0 0.425625 0.96817675 0.09437500000000004 0.05666700000000002
0 0.441796875 0.9076041666666667 0.09125 0.13083299999999998
0 0.5065625 0.9850517499999999 0.07999999999999996 0.025834000000000135
0 0.5160546875 0.9156246666666666 0.07 0.11499999999999992
0 0.5728125 0.9277083333333334 0.0475000000000001 0.13750000000000004
0 0.6292578125 0.9232815833333333 0.07250000000000001 0.14416599999999993
0 0.625625 0.7413020833333333 0.06437499999999996 0.12916700000000012
0 0.7021484375 0.91619825 0.09312500000000001 0.16500000000000004
0 0.6901171875 0.7292190833333333 0.05437500000000006 0.19166599999999998
0 0.756328125 0.9338020833333333 0.036250000000000004 0.12916700000000012
0 0.8112890625 0.89598925 0.08125000000000004 0.19749999999999993
0 0.8998046875 0.9132291666666666 0.06937500000000008 0.161667
