0 0.664375 0.3446875 0.09583299999999999 0.11062500000000003
0 0.014322916666666666 0.900390625 0.029167 0.05125000000000002
0 0.09015625000000001 0.3178125 0.0725 0.04749999999999999
0 0.12109341666666668 0.8687890625 0.075834 0.04937500000000006
0 0.26416633333333334 0.953671875 0.04333400000000002 0.028750000000000053
0 0.28869758333333334 0.1927734375 0.08250000000000002 0.061874999999999986
0 0.3683854166666667 0.096953125 0.10916700000000001 0.06812499999999999
0 0.36416633333333337 0.92875 0.041666999999999975 0.032500000000000084
0 0.38239550000000005 0.2290625 0.08 0.08000000000000002
0 0.3849996666666667 0.546640625 0.08416699999999995 0.05125000000000002
0 0.48463575 0.4756640625 0.08833300000000006 0.049375
0 0.48609341666666667 0.1087890625 0.07749999999999997 0.081875
0 0.482083 0.3239453125 0.06333400000000007 0.05687499999999995
0 0.5161975833333333 0.2152734375 0.08166699999999993 0.06125
0 0.50734375 0.6924609375 0.05666700000000002 0.04625000000000001
0 0.52796875 0.5487109375 0.088333 0.04625000000000001
0 0.5624996666666666 0.38109375 0.08416700000000003 0.05499999999999999
0 0.5730211666666666 0.6183203125 0.06833300000000013 0.057499999999999996
0 0.5914583333333333 0.480390625 0.07333300000000002 0.052499999999999936
0 0.6333336666666667 0.2420703125 0.08416600000000003 0.05812499999999998
0 0.62932325 0.5378125 0.07250000000000008 0.04812499999999997
0 0.6257809166666667 0.83546875 0.06000000000000005 0.02375000000000005
0 0.6452086666666667 0.6768359375 0.052499999999999915 0.04625000000000001
0 0.65317675 0.75265625 0.05500000000000016 0.03937499999999994
0 0.6713541666666666 0.451015625 0.07000000000000006 0.05125000000000002
0 0.6689065833333334 0.601640625 0.04999999999999982 0.05249999999999999
0 0.7058333333333334 0.821796875 0.04333299999999992 0.02749999999999997
0 0.7203128333333334 0.51609375 0.05749999999999996 0.05625000000000002
0 0.7268746666666667 0.6440625 0.05250000000000007 0.04749999999999999
0 0.7438024166666666 0.74265625 0.045000000000000075 0.04062500000000002
0 0.7596871666666667 0.244140625 0.06833399999999996 0.05125000000000002
0 0.7766663333333333 0.7990234375 0.04333400000000006 0.030624999999999902
0 0.7949479166666666 0.4619140625 0.06166700000000006 0.04999999999999999
0 0.8186458333333334 0.6323828125 0.05916699999999997 0.04250000000000009
0 0.8332809166666667 0.339375 0.061666999999999916 0.06312500000000004
0 0.8438541666666667 0.2163671875 0.06833299999999998 0.05437500000000001
0 0.8698437499999999 0.4301953125 0.05666700000000002 0.05812500000000004
