0 0.75125 0.9152064421669107 0.06400000000000006 0.1479999999999999
0 0.0244140625 0.4278857979502196 0.049333 0.13399999999999998
0 0.029296875 0.5765270863836017 0.06 0.16200000000000012
0 0.03515625 0.6912064421669106 0.070667 0.148
0 0.0462734375 0.07759882869692533 0.061333 0.156
0 0.053203125000000004 0.2563836017569546 0.06666699999999999 0.17399999999999993
0 0.057465812500000005 0.3514553440702782 0.073334 0.168
0 0.068583 0.47027818448023423 0.062667 0.14200000000000007
0 0.07782325 0.5940966325036603 0.070666 0.19799999999999998
0 0.087682625 0.7004890190336749 0.082666 0.20600000000000013
0 0.104583 0.0849194729136164 0.06266700000000001 0.172
0 0.125203125 0.2515988286969253 0.066667 0.15600000000000003
0 0.127870125 0.3506325036603221 0.066666 0.19399999999999998
0 0.127870125 0.46081405563689604 0.066666 0.14
0 0.1530908125 0.8765944363103954 0.10399999999999998 0.23999999999999994
0 0.136583 0.5867759882869692 0.06400000000000002 0.1840000000000001
0 0.1627060625 0.7387759882869692 0.08133299999999999 0.18399999999999994
0 0.1655595625 0.14009663250366033 0.065334 0.19799999999999998
0 0.1870625 0.41081405563689605 0.08000000000000002 0.14
0 0.1882265625 0.3405651537335285 0.065333 0.118
0 0.193917 0.4924216691068814 0.064 0.13000000000000003
0 0.1988935625 0.5632064421669107 0.065333 0.148
0 0.2392314375 0.8944890190336751 0.092 0.20599999999999996
0 0.2288466875 0.7395607613469986 0.069333 0.202
0 0.265015625 0.49624011713030747 0.08266700000000002 0.18599999999999994
0 0.2636064375 0.5782781844802343 0.061334 0.142
0 0.28315625 0.7435607613469986 0.07200000000000001 0.19999999999999996
0 0.290536125 0.2138477306002928 0.06666700000000003 0.178
0 0.3107060625 0.3746705710102489 0.08133299999999999 0.152
0 0.3375595625 0.7397042459736457 0.065334 0.1899999999999999
0 0.3521328125 0.8516661786237189 0.07333299999999998 0.234
0 0.3529404375 0.21184773060029283 0.061333000000000026 0.178
0 0.3608466875 0.9447086383601757 0.06933300000000003 0.10600000000000004
0 0.4030625 0.7473118594436311 0.07866699999999999 0.17999999999999983
0 0.40325 0.21184773060029283 0.064 0.178
0 0.41915625 0.3537042459736457 0.07200000000000001 0.18799999999999994
0 0.43925 0.9539238653001464 0.06266700000000003 0.08800000000000006
0 0.4660859375 0.21091947291361637 0.07733300000000004 0.172
0 0.475682625 0.7410248901903368 0.08266600000000002 0.204
0 0.4955126875 0.9457803806734992 0.069334 0.10200000000000008
0 0.493917 0.46570424597364574 0.064 0.18800000000000003
0 0.5210341875 0.13984773060029282 0.05466599999999994 0.17800000000000002
0 0.5362265625 0.3555988286969254 0.06533299999999997 0.15799999999999997
0 0.5488466875 0.9365651537335286 0.06933299999999998 0.12000000000000005
0 0.5580859375 0.46980966325036605 0.07733299999999999 0.21999999999999997
0 0.6051845625 0.9047759882869693 0.09600000000000009 0.18400000000000002
0 0.6124140625 0.0746705710102489 0.05066700000000002 0.152
0 0.63248925 0.12770424597364569 0.07199999999999995 0.18999999999999997
0 0.660208 0.46316837481698386 0.09466699999999995 0.19200000000000003
0 0.6573720625 0.26570424597364567 0.08133400000000002 0.18999999999999997
0 0.6606591875 0.8174553440702782 0.08400000000000007 0.16800000000000004
0 0.677296875 0.9165270863836017 0.058667000000000025 0.16200000000000012
0 0.68325 0.0849194729136164 0.06266700000000003 0.17
0 0.702536125 0.1841346998535871 0.06800000000000006 0.154
0 0.7077939375 0.28599121522694 0.046667000000000014 0.164
0 0.72448925 0.8046705710102487 0.07200000000000006 0.15199999999999997
0 0.751870125 0.10774231332357247 0.066666 0.14600000000000002
0 0.776583 0.2851683748169839 0.06266700000000003 0.192
0 0.7777470625 0.7798857979502196 0.05066700000000002 0.132
0 0.8049404375 0.9042401171303075 0.06133299999999997 0.18600000000000003
0 0.842442375 0.37473792093704245 0.07466700000000004 0.22800000000000004
0 0.847963875 0.7474553440702781 0.058665999999999996 0.16799999999999995
0 0.86715625 0.8987759882869693 0.07200000000000006 0.18399999999999986
0 0.8739921875 0.21870863836017568 0.08533299999999999 0.10600000000000001
0 0.866629875 0.16949341142020496 0.058667000000000025 0.12400000000000003
0 0.86734375 0.9457803806734992 0.05600000000000005 0.10200000000000008
0 0.901109375 0.33599121522694 0.07466700000000004 0.16399999999999995
0 0.9163955 0.8253118594436311 0.07999999999999996 0.18000000000000008
0 0.917109375 0.43863250366032214 0.07599999999999996 0.19599999999999998
0 0.9297470625 0.9539238653001464 0.04933399999999999 0.08800000000000006
0 0.94048925 0.6756661786237189 0.07066699999999992 0.232
0 0.949203125 0.19199121522693996 0.06799999999999995 0.16400000000000003
0 0.9741045 0.9055988286969253 0.04799999999999993 0.15799999999999997
0 0.976151375 0.4026705710102489 0.04399999999999993 0.15199999999999997
0 0.98638575 0.7029868228404099 0.02400000000000002 0.24800000000000003
