0 0.3478125 0.35746382352941175 0.11124999999999996 0.24482099999999998
0 0.056484375 0.34193211764705883 0.10625 0.22222299999999995
0 0.1441796875 0.35093570588235296 0.10124999999999999 0.22410600000000003
0 0.1703515625 0.3549989411764706 0.06562499999999999 0.21563100000000002
0 0.23984375 0.3731338823529412 0.0875 0.179849
0 0.30671875 0.30453323529411763 0.05625000000000002 0.092279
0 0.4989453125 0.24161370588235295 0.11937499999999995 0.125236
0 0.5712890625 0.27723782352941173 0.018750000000000044 0.04425600000000003
0 0.614609375 0.4151050588235294 0.07437499999999997 0.135593
0 0.681796875 0.3521739411764706 0.09062500000000007 0.21657300000000002
0 0.730078125 0.35600382352941173 0.09875 0.194916
0 0.8130859375 0.3363354117647059 0.10812500000000003 0.24858800000000003
0 0.8809375 0.3568180588235294 0.078125 0.23728899999999997
0 0.947890625 0.34987852941176467 0.083125 0.22033900000000006
0 0.9833984375 0.3528197058823529 0.030625000000000013 0.22598800000000005
