0 0.0087890625 0.26211952941176475 0.019375 0.019773999999999937
0 0.009765625 0.3371522941176471 0.020625 0.027306999999999953
0 0.0126953125 0.8388863529411765 0.025625 0.163842
0 0.013671875 0.45985952941176467 0.0275 0.01977400000000002
0 0.013671875 0.6067932352941177 0.0275 0.09227899999999996
0 0.0924609375 0.8623624705882352 0.13874999999999998 0.183616
0 0.0617578125 0.3371522941176471 0.0425 0.027306999999999953
0 0.08390625 0.6174474705882353 0.071875 0.08286299999999998
0 0.0619921875 0.26023552941176475 0.023125 0.01789099999999998
0 0.0779296875 0.4498500588235294 0.038125000000000006 0.036724000000000034
0 0.133203125 0.3344434705882353 0.03562499999999999 0.03295699999999993
0 0.1571875 0.4532046470588236 0.04749999999999999 0.03860599999999997
0 0.185859375 0.6120308235294118 0.074375 0.09698699999999993
0 0.2166796875 0.8611252352941177 0.1325 0.19303199999999998
0 0.2082421875 0.33568170588235297 0.02312499999999998 0.025424
0 0.24390625 0.4513206470588235 0.040000000000000036 0.04049000000000003
0 0.286953125 0.6143262352941176 0.06687500000000002 0.09322100000000003
0 0.2826171875 0.34162794117647055 0.023125000000000007 0.015066000000000034
0 0.3545703125 0.8659494117647059 0.12062500000000004 0.19868199999999994
0 0.3290234375 0.45173405882352946 0.029374999999999984 0.03672299999999997
0 0.344609375 0.3333862941176471 0.04375000000000001 0.027306999999999953
0 0.393671875 0.6182732941176471 0.05874999999999997 0.07909599999999992
0 0.4096484375 0.4521464705882353 0.030624999999999958 0.03295699999999997
0 0.4269140625 0.33639035294117653 0.018125000000000002 0.013182999999999995
0 0.5076171875 0.86177 0.116875 0.2005650000000001
0 0.4991015625 0.6117974705882353 0.06624999999999998 0.0828629999999999
0 0.4931640625 0.3386867647058823 0.01937500000000003 0.009416000000000056
0 0.5 0.4451420588235294 0.03125 0.036723000000000054
0 0.56046875 0.33744852941176473 0.024375000000000036 0.01883299999999997
0 0.5771484375 0.4498500588235294 0.030000000000000027 0.036724000000000034
0 0.60578125 0.6132680588235294 0.07187499999999991 0.08662899999999997
0 0.6520703125 0.8642464705882352 0.12 0.18361500000000003
0 0.6658984375 0.4464964705882353 0.030625000000000013 0.03389800000000007
0 0.710078125 0.6145062941176471 0.06687500000000002 0.079096
0 0.70671875 0.33379870588235294 0.024375000000000036 0.025424
0 0.746953125 0.4521464705882353 0.03687499999999999 0.03295699999999997
0 0.8010546875 0.8619500588235294 0.13187500000000008 0.185499
0 0.7757421875 0.3359779411764706 0.021874999999999978 0.016948999999999992
0 0.8212109375 0.6072066470588234 0.07687500000000003 0.09039499999999998
0 0.8359375 0.4479670588235294 0.04874999999999996 0.03578200000000004
0 0.845390625 0.34015735294117644 0.020625000000000004 0.012241000000000004
0 0.9138671875 0.8653675294117648 0.11625000000000008 0.16949199999999995
0 0.920546875 0.6053226470588235 0.09062500000000007 0.09039600000000003
0 0.914765625 0.44243423529411763 0.05125000000000002 0.04237200000000005
0 0.9192578125 0.33568170588235297 0.041874999999999996 0.025424
0 0.9757421875 0.33556552941176465 0.023125000000000062 0.017891000000000063
0 0.9833984375 0.4436714705882353 0.030625000000000013 0.03483999999999997
0 0.98609375 0.6000860588235294 0.025000000000000022 0.08662899999999997
0 0.98609375 0.8294170588235295 0.025000000000000022 0.13559300000000007
