0 0.127421875 0.45633382352941176 0.15375 0.2448210000000001
0 0.13874999999999998 0.49411499999999997 0.064375 0.25235399999999997
0 0.19328125 0.4383266470588236 0.13312500000000002 0.24105499999999994
0 0.2441015625 0.4576243529411764 0.12812500000000002 0.264595
0 0.3092578125 0.4580367647058824 0.135 0.25894599999999995
0 0.390703125 0.6055116470588235 0.09875 0.29001799999999994
0 0.505625 0.5814420588235294 0.09562499999999996 0.287194
0 0.7119921875 0.44503482352941176 0.053749999999999964 0.24482100000000007
0 0.774375 0.44838841176470595 0.06374999999999997 0.248587
0 0.8254296875 0.39967894117647057 0.03749999999999998 0.16760799999999998
0 0.8396875 0.44308694117647063 0.04874999999999996 0.26647899999999997
0 0.895 0.44079152941176475 0.06374999999999997 0.268362
