0 0.0166015625 0.42619758333333335 0.035 0.080834
0 0.4990234375 0.206458 0.999375 0.40666699999999995
0 0.041874999999999996 0.42906249999999996 0.0325 0.07916699999999999
0 0.0954296875 0.4234378333333333 0.037500000000000006 0.09000000000000001
0 0.174609375 0.5961979166666667 0.07499999999999998 0.24750000000000005
0 0.1937109375 0.6269791666666666 0.044999999999999984 0.224167
0 0.2474609375 0.42895833333333333 0.046249999999999986 0.07416700000000002
0 0.2796484375 0.42598925 0.030625000000000013 0.070834
0 0.301953125 0.42249966666666666 0.03562500000000002 0.08416700000000003
0 0.3478125 0.4272913333333333 0.04749999999999999 0.07416700000000002
0 0.3620703125 0.5857815833333333 0.05812499999999998 0.2683330000000001
0 0.436953125 0.5887496666666666 0.06812499999999999 0.2725
0 0.421796875 0.4174996666666666 0.02812500000000001 0.08583400000000004
0 0.453828125 0.4282295 0.03624999999999995 0.07916600000000007
0 0.4810546875 0.4269274166666666 0.03874999999999995 0.07750000000000005
0 0.487109375 0.5835940833333333 0.04375000000000001 0.28583300000000006
0 0.5263671875 0.42583366666666667 0.02312499999999995 0.08583299999999998
0 0.5565234375 0.5854166666666667 0.06187500000000001 0.2716669999999999
0 0.6018359375 0.5726045000000001 0.04625000000000001 0.2974999999999999
0 0.6215234375 0.4077604166666666 0.029999999999999916 0.07750000000000005
0 0.6451953125 0.5857815833333333 0.05687500000000001 0.26999999999999996
0 0.660703125 0.4298955 0.036250000000000004 0.07916699999999999
0 0.715546875 0.5575520833333334 0.059374999999999956 0.316667
0 0.7475 0.5022920000000001 0.03312499999999996 0.15666599999999997
0 0.76671875 0.5915104166666667 0.055625000000000036 0.264167
0 0.7658203125 0.41598925 0.026874999999999982 0.07250000000000001
0 0.8276171875 0.5666149166666666 0.05437499999999995 0.3099999999999999
0 0.8584765625 0.4311975833333333 0.03374999999999995 0.080834
0 0.88734375 0.43026041666666665 0.024375000000000036 0.07583300000000004
0 0.9108984375 0.4265625 0.030000000000000027 0.07916699999999999
0 0.9327734375 0.42749966666666667 0.030000000000000027 0.08583399999999997
0 0.964296875 0.4355211666666667 0.028124999999999956 0.06999999999999999
0 0.9833984375 0.4442190833333333 0.030625000000000013 0.06750000000000005
