0 0.7933984375 0.8518754444444444 0.0618749999999999 0.233333
0 0.1025390625 0.6513888888888889 0.20625 0.405556
0 0.155625 0.9267365555555556 0.06250000000000001 0.14333299999999996
0 0.18296875 0.8049303333333334 0.11750000000000001 0.38666699999999987
0 0.2287109375 0.595972 0.044999999999999984 0.18888900000000014
0 0.25671875 0.8270135555555556 0.05625000000000002 0.268889
0 0.2673828125 0.5622913333333334 0.04249999999999998 0.19888899999999993
0 0.306171875 0.8973614444444445 0.058750000000000024 0.2022219999999999
0 0.3094921875 0.6424997777777778 0.053749999999999964 0.18222199999999994
0 0.3178515625 0.7739584444444444 0.065 0.1733330000000001
0 0.349140625 0.8839582222222222 0.05125000000000002 0.22777799999999992
0 0.35515625 0.653194888888889 0.03937499999999999 0.21666599999999983
0 0.38484375 0.654375111111111 0.05625000000000002 0.192222
0 0.3841015625 0.5138886666666667 0.03437499999999999 0.08444500000000005
0 0.4 0.9326392222222223 0.06437499999999996 0.132222
0 0.40125 0.5483336666666667 0.03187499999999999 0.08666600000000003
0 0.411015625 0.7963196666666668 0.05249999999999999 0.177778
0 0.4404296875 0.9106254444444445 0.07 0.17333300000000001
0 0.444140625 0.9597913333333332 0.05249999999999999 0.07555600000000003
0 0.435625 0.5093052222222222 0.033125000000000016 0.13444500000000006
0 0.45625 0.8526392222222222 0.06437500000000002 0.13444400000000004
0 0.4519140625 0.5950004444444444 0.04999999999999999 0.14111100000000004
0 0.4714453125 0.6877773333333334 0.057499999999999996 0.16666700000000004
0 0.468359375 0.7729858888888889 0.043749999999999956 0.12444500000000008
0 0.4679296875 0.5040968888888888 0.03874999999999995 0.12333400000000003
0 0.502890625 0.5823613333333334 0.05250000000000005 0.23222199999999996
0 0.5076562499999999 0.4452078888888889 0.03937499999999999 0.12444499999999999
0 0.542734375 0.577153 0.043749999999999956 0.22111099999999992
0 0.543671875 0.4631943333333333 0.028749999999999942 0.10666699999999994
0 0.5755859375 0.6274996666666667 0.04500000000000004 0.21111099999999994
0 0.5941015625 0.6095834444444445 0.03500000000000003 0.20333299999999996
0 0.745390625 0.798888888888889 0.05249999999999999 0.27999999999999986
0 0.7623828125 0.5605552222222223 0.041874999999999996 0.19444499999999998
0 0.7682421875 0.5895834444444445 0.053750000000000075 0.20444399999999993
0 0.8197265625 0.6675698888888888 0.034375000000000044 0.18666599999999997
0 0.8460546875 0.661597 0.03874999999999995 0.218889
0 0.9019140625 0.8470137777777778 0.08125000000000004 0.21444500000000005
0 0.9154296875 0.8630558888888888 0.06937500000000008 0.15555500000000005
0 0.9479296875 0.90375 0.10125000000000006 0.18888899999999983
0 0.97015625 0.5293754444444444 0.04062499999999991 0.11111100000000008
0 0.9755859375 0.6436115555555556 0.04625000000000001 0.23888800000000002
