0 0.4220703125 0.9188343133235723 0.08812500000000001 0.1444650000000001
0 0.2180078125 0.9394281537335285 0.10499999999999998 0.118199
0 0.3769921875 0.1879328345534407 0.023125000000000007 0.06566599999999999
0 0.3916015625 0.2361877057101025 0.03437499999999999 0.061914
0 0.4369921875 0.17558041727672036 0.023125000000000007 0.032832999999999994
0 0.4480078125 0.2361877057101025 0.04125000000000001 0.061914
0 0.4633203125 0.1683029326500732 0.02562500000000001 0.044091000000000005
0 0.4882421875 0.17828015959004392 0.023125000000000007 0.029080999999999985
0 0.5825 0.8397107613469984 0.125625 0.19981300000000002
0 0.557890625 0.17599228843338213 0.020625000000000004 0.030957
0 0.5797265625 0.24852290190336748 0.03500000000000003 0.021576000000000015
0 0.6208203125 0.18518893265007322 0.02562500000000001 0.04596599999999998
0 0.6508984375 0.2525034172767204 0.030625000000000013 0.03470899999999998
0 0.7158984375 0.7793751478770131 0.12312499999999993 0.20919300000000002
0 0.68546875 0.4105315095168374 0.05500000000000005 0.10412800000000001
0 0.7205859375 0.4823256998535871 0.07687500000000003 0.153846
0 0.7245703125 0.2738249633967789 0.026874999999999982 0.06754200000000002
0 0.7633203125 0.1929214480234261 0.02562500000000001 0.05628499999999998
0 0.84890625 0.7343471478770132 0.10250000000000004 0.210131
0 0.823359375 0.298925448023426 0.04312499999999997 0.05628500000000004
0 0.82 0.20571267496339676 0.03312500000000007 0.03846200000000001
0 0.8644140625 0.4619863133235725 0.050000000000000044 0.14634099999999997
0 0.900234375 0.32171112298682286 0.04312499999999997 0.09662299999999995
0 0.96265625 0.7176455036603221 0.07187500000000002 0.19606000000000007
