0 0.5848828125 0.6744791666666666 0.07250000000000001 0.22499999999999995
0 0.435546875 0.56026075 0.87125 0.4925
0 0.05109375 0.4361975833333333 0.02375 0.08083400000000007
0 0.0714453125 0.4508850833333333 0.02625000000000001 0.06583400000000002
0 0.0932421875 0.43286458333333333 0.02187499999999999 0.080833
0 0.165703125 0.429375 0.09875 0.09583299999999999
0 0.2294140625 0.4361975833333333 0.018125000000000002 0.08250000000000002
0 0.3584765625 0.5867708333333334 0.03375 0.0908330000000001
0 0.4715234375 0.6773434166666666 0.09312500000000007 0.26499999999999996
0 0.6977734375 0.370625 0.09312500000000001 0.03250000000000005
0 0.831875 0.3347395833333333 0.06312499999999999 0.05166700000000005
