0 0.1012890625 0.544670578330893 0.144375 0.538462
0 0.196484375 0.6193498667642752 0.10625000000000001 0.5675420000000001
0 0.420390625 0.5783542591508052 0.08249999999999996 0.4859290000000001
0 0.546015625 0.47211324011713035 0.05125000000000002 0.27861099999999994
0 0.591953125 0.48194927086383593 0.06812499999999999 0.30394
0 0.6334375 0.44827430746705704 0.04874999999999996 0.23639800000000005
0 0.6763671875 0.48864774963396773 0.08499999999999996 0.3808630000000001
0 0.7386328125 0.5444076207906295 0.10375000000000001 0.3789870000000001
0 0.7271875 0.4794338843338214 0.078125 0.295497
0 0.8094140625 0.5170010439238654 0.08062499999999995 0.3217630000000001
0 0.8621875 0.5764600380673499 0.10999999999999999 0.4127580000000001
