0 0.10213861373390559 0.3951953125 0.022679999999999985 0.08875
0 0.13581561373390558 0.394140625 0.022680000000000016 0.08374999999999999
0 0.31234907296137343 0.5275390625 0.05292099999999997 0.20687499999999998
0 0.4782021888412017 0.43640625 0.046736 0.10249999999999998
0 0.5488243433476394 0.4 0.03780100000000004 0.09375
0 0.6472888068669529 0.382421875 0.01099699999999996 0.06
0 0.664639652360515 0.3804296875 0.020617999999999952 0.03749999999999998
0 0.6950831502145923 0.394140625 0.047422000000000034 0.08374999999999999
0 0.7959945751072961 0.3825390625 0.024742999999999994 0.04937499999999995
0 0.8480607296137339 0.3905078125 0.01512000000000005 0.04125000000000001
0 0.9247346909871246 0.3733984375 0.018556999999999865 0.06124999999999997
0 0.9810424206008584 0.3892578125 0.033676999999999915 0.07374999999999998
