0 0.0634765625 0.75825318491921 0.12875 0.448276
0 0.1383203125 0.5966364236983843 0.119375 0.7298849999999999
0 0.210234375 0.7107554955116696 0.230625 0.5160920000000001
0 0.33796875 0.5585530736086176 0.11812500000000004 0.7804589999999999
0 0.42890625 0.6176874272890485 0.226875 0.720689
0 0.530546875 0.49638702692998204 0.24625000000000008 0.9218389999999999
0 0.4509375 0.5785307522441652 0.07937500000000003 0.744827
0 0.69328125 0.6061924272890484 0.25875000000000004 0.718391
0 0.8241796875 0.5949070807899461 0.31937499999999996 0.76092
0 0.8009375 0.4971750233393178 0.11125000000000007 0.9333330000000001
