0 0.054609375 0.46015658333333337 0.075 0.239166
0 0.1016796875 0.51203125 0.06875 0.29083299999999995
0 0.17015625 0.5254684166666667 0.10187500000000001 0.4216670000000002
0 0.2797265625 0.6379690833333332 0.19 0.12916600000000011
0 0.2111328125 0.4798961666666666 0.04125000000000001 0.2875000000000001
0 0.28402343750000003 0.5388538333333334 0.09312499999999999 0.151667
0 0.3924609375 0.59796875 0.10875000000000001 0.08749999999999991
0 0.4052734375 0.45807325 0.060624999999999984 0.26
0 0.49953125 0.5301038333333333 0.10312500000000002 0.4649999999999999
0 0.5430078125 0.6024479166666666 0.04249999999999998 0.05999999999999998
0 0.615 0.6038545000000001 0.15749999999999997 0.7366659999999999
0 0.7298046875 0.5654163333333334 0.10062499999999996 0.10499999999999998
0 0.72953125 0.45661425000000005 0.07062500000000005 0.22750000000000004
0 0.811875 0.5611975833333332 0.09437499999999999 0.080834
0 0.8994140625 0.43973924999999997 0.04937499999999995 0.25833399999999995
