0 0.0126953125 0.42164831332357244 0.02625 0.14634200000000003
0 0.0316796875 0.43947231332357245 0.03875 0.14352699999999993
0 0.063828125 0.4509568286969253 0.036250000000000004 0.15759900000000002
0 0.0607421875 0.9796336749633967 0.023124999999999993 0.03846199999999999
0 0.0983984375 0.8610410248901903 0.030625 0.11538499999999999
0 0.1156640625 0.8587531537335286 0.01874999999999999 0.1191369999999999
0 0.1188671875 0.7516527364568082 0.023125000000000007 0.0853660000000001
0 0.126171875 0.9827462884333822 0.028124999999999997 0.030956999999999874
0 0.3992578125 0.9746450614934115 0.04125000000000001 0.047842999999999886
0 0.426875 0.9602063499267937 0.033125000000000016 0.07692299999999984
0 0.4734765625 0.9596802210834553 0.034375000000000044 0.07598499999999994
0 0.5339453125 0.9727690614934115 0.02562500000000001 0.04971899999999984
0 0.5825390625 0.9527013499267936 0.01937500000000003 0.076923
0 0.63546875 0.9579184787701318 0.024374999999999925 0.0806749999999999
0 0.756015625 0.7990828653001464 0.020000000000000018 0.09005699999999994
0 0.7757421875 0.7955152210834554 0.021874999999999978 0.07504700000000004
0 0.7946875 0.7940510922401172 0.015625 0.07317099999999993
0 0.8219921875 0.5204718653001464 0.02312499999999995 0.08818000000000002
0 0.8314453125 0.5092148653001464 0.02562500000000001 0.09005600000000005
0 0.877578125 0.4616704787701318 0.03562500000000002 0.08161299999999996
0 0.9714453125 0.4305291229868228 0.02562500000000001 0.09474700000000007
0 0.9894140625 0.4794934787701318 0.018750000000000044 0.08067600000000004
0 0.9924609375 0.3994147057101025 0.01375000000000004 0.06191400000000004
0 0.9948046875 0.44586267496339677 0.007500000000000062 0.04033800000000002
