0 0.0146484375 0.32255208333333335 0.03 0.190833
0 0.0464453125 0.3286458333333333 0.056874999999999995 0.18416700000000005
0 0.08687500000000001 0.33718716666666665 0.06312499999999999 0.19499999999999998
0 0.1090234375 0.3208333333333333 0.03 0.16916699999999998
0 0.54984375 0.3520836666666667 0.89875 0.27249999999999996
0 0.12644531250000002 0.31223925 0.026874999999999996 0.13333399999999995
0 0.1802734375 0.27375 0.030625000000000013 0.06416700000000002
0 0.2058984375 0.2960416666666667 0.060624999999999984 0.053332999999999964
0 0.242265625 0.2752604166666666 0.05187499999999998 0.07750000000000005
0 0.26863281250000004 0.3219795 0.04124999999999998 0.14250000000000004
0 0.3173046875 0.3242190833333333 0.03749999999999998 0.190833
0 0.3607421875 0.32755208333333335 0.05437500000000001 0.19083300000000003
0 0.397265625 0.33848925 0.051875000000000004 0.196667
0 0.4396875 0.33145833333333335 0.048750000000000016 0.19999999999999996
0 0.5018359375 0.3455729166666666 0.04625000000000001 0.21666700000000003
0 0.539609375 0.3493225833333333 0.04375000000000007 0.239167
0 0.597890625 0.35078125 0.05125000000000002 0.22750000000000004
0 0.6312109375 0.36494825000000003 0.04625000000000001 0.228333
0 0.828671875 0.350833 0.34062500000000007 0.250834
