0 0.0283203125 0.8059517682619647 0.058125 0.38387100000000013
0 0.4990234375 0.6042371032745593 0.999375 0.787097
0 0.0758203125 0.8532538261964735 0.058124999999999996 0.2887100000000001
0 0.1893359375 0.8499792670025188 0.015000000000000013 0.08225800000000016
0 0.3999609375 0.29361729219143573 0.29624999999999996 0.12903200000000006
0 0.28453125 0.6590599168765744 0.009374999999999967 0.05322600000000005
0 0.34015625 0.6565410251889169 0.00874999999999998 0.04999999999999999
0 0.360859375 0.6832539168765743 0.013124999999999998 0.05161199999999996
0 0.4237109375 0.6875845919395465 0.015000000000000013 0.06612900000000019
0 0.5105859375 0.685264483627204 0.014374999999999916 0.07096800000000007
0 0.52203125 0.7637891586901764 0.008750000000000036 0.08870899999999982
0 0.5310546875 0.6565410251889169 0.007500000000000062 0.04677399999999992
