0 0.028984375 0.30129721522694 0.043125000000000004 0.164949
0 0.19328125 0.4045596939970717 0.04000000000000001 0.24367300000000003
0 0.231875 0.3980587920937042 0.033125000000000016 0.22493000000000002
0 0.324921875 0.46671224597364563 0.028124999999999956 0.188379
0 0.3909375 0.5515844363103953 0.04749999999999999 0.23992500000000003
0 0.4190234375 0.37475786530014643 0.02937500000000004 0.089972
0 0.4913671875 0.6657983016105417 0.05375000000000002 0.3270860000000001
0 0.5236328125 0.6444797554904831 0.04125000000000001 0.2905350000000001
0 0.53828125 0.47269389604685214 0.03937499999999994 0.11340199999999995
0 0.5690625 0.6720006515373352 0.078125 0.40299900000000016
0 0.6319921875 0.6424283997071742 0.053750000000000075 0.30740400000000007
