0 0.059296875 0.5031253333333333 0.090625 0.07416599999999995
0 0.1052734375 0.4925520833333334 0.061875 0.06666699999999996
0 0.1253125 0.4869788333333333 0.048125 0.05833400000000003
0 0.181015625 0.4689583333333333 0.145625 0.07333300000000002
0 0.164921875 0.4794788333333333 0.05937500000000001 0.059167000000000046
0 0.1886328125 0.4767190833333333 0.04250000000000001 0.06583300000000003
0 0.2158203125 0.4739065833333333 0.02562500000000001 0.05000000000000012
0 0.26421875 0.5050003333333334 0.08625 0.16749999999999998
0 0.3419921875 0.5248955000000001 0.08500000000000002 0.205
0 0.452109375 0.45796875 0.200625 0.08749999999999998
0 0.37125 0.459583 0.03312499999999996 0.06416700000000002
0 0.4373046875 0.4571871666666667 0.03749999999999998 0.06916699999999998
0 0.45625 0.45557258333333334 0.03250000000000003 0.051666999999999984
0 0.4687890625 0.6237503333333333 0.049375 0.106666
0 0.5018359375 0.46479133333333333 0.04625000000000001 0.07416699999999994
0 0.5258203125 0.46203158333333333 0.026874999999999982 0.08083299999999993
0 0.549921875 0.6173958333333333 0.059374999999999956 0.12083300000000004
0 0.5725 0.4429166666666666 0.03249999999999997 0.14833300000000005
0 0.5991015625 0.6113024166666666 0.03500000000000003 0.04583300000000001
0 0.60375 0.44697950000000003 0.03187499999999999 0.141666
0 0.6448828125 0.5334378333333333 0.104375 0.09083299999999994
0 0.6328515625 0.4466145833333333 0.03375000000000006 0.14333300000000002
0 0.65140625 0.6135413333333334 0.07125000000000004 0.13749999999999987
0 0.6416015625 0.466458 0.03374999999999995 0.03333400000000005
0 0.6589453125 0.46911491666666666 0.05812499999999998 0.06166599999999992
0 0.645390625 0.47447883333333335 0.020625000000000004 0.05833400000000003
0 0.6671484375 0.46968716666666666 0.030625000000000013 0.06833400000000005
0 0.7040625 0.5497916666666667 0.046875 0.11500000000000006
0 0.6969921875 0.4694788333333333 0.02312499999999995 0.05833400000000011
0 0.732421875 0.6225 0.08999999999999997 0.125
0 0.73265625 0.65630175 0.07125000000000004 0.08749999999999991
0 0.7215234375 0.4752086666666666 0.030625000000000013 0.053333
0 0.7411328125 0.4833850833333333 0.041874999999999996 0.06583400000000002
0 0.7558203125 0.4685416666666667 0.02562500000000001 0.053333
0 0.7816015625 0.47875 0.03437499999999993 0.0625
0 0.815 0.47932325 0.032500000000000084 0.07250000000000001
0 0.9201171875 0.5561455000000001 0.05312499999999998 0.26583399999999996
0 0.9575390625 0.4228649166666667 0.08187500000000003 0.12249999999999998
