0 0.1669921875 0.7538905168374817 0.335 0.489681
0 0.3180859375 0.44308411713030743 0.10749999999999998 0.18667899999999996
0 0.4637890625 0.724073093704246 0.299375 0.548781
0 0.4009375 0.4616617613469985 0.11125000000000002 0.20075100000000004
0 0.4526171875 0.48714817862371884 0.20937499999999998 0.23264600000000002
0 0.5623828125 0.4028431537335285 0.073125 0.11726000000000006
0 0.6123828125 0.47513753440702783 0.073125 0.21669799999999997
0 0.7086328125 0.6002106515373353 0.19874999999999998 0.402439
0 0.665859375 0.4323627496339678 0.07562499999999994 0.38273900000000005
0 0.7990625 0.4111277364568082 0.04749999999999999 0.08630400000000002
0 0.8370703125 0.5061818535871156 0.08875 0.27110700000000004
