0 0.06330225 0.44819852216748773 0.07119199999999999 0.321503
0 0.09624687500000001 0.5036046847290641 0.091059 0.336117
0 0.1229884375 0.35197508374384234 0.061258999999999994 0.100209
0 0.144130125 0.549158630541872 0.067881 0.331941
0 0.1510046875 0.4109105024630542 0.038079999999999975 0.09185799999999997
0 0.1738865625 0.32627733990147784 0.03476799999999999 0.077244
0 0.1967288125 0.6128094285714286 0.07284800000000002 0.35908099999999993
0 0.1935861875 0.463701842364532 0.05463499999999999 0.16910300000000003
0 0.20615175 0.3889673004926108 0.05629100000000001 0.11899799999999999
0 0.2465661875 0.5464587339901478 0.05298 0.158664
0 0.24138525 0.4298058669950739 0.03973500000000002 0.07933200000000004
0 0.238837875 0.3327046650246306 0.028145000000000003 0.10647199999999997
0 0.2707663125 0.6865231724137931 0.08940399999999998 0.379959
0 0.2711030625 0.3768627586206897 0.04966900000000002 0.070981
0 0.282181 0.43049701477832514 0.03145699999999996 0.04801699999999999
0 0.31211175 0.5426587881773399 0.05629199999999995 0.16492700000000002
0 0.3010724375 0.2914784876847291 0.029800999999999966 0.045928999999999984
0 0.33979225 0.47076235467980293 0.07119199999999998 0.12317300000000002
0 0.3544406875 0.6683209556650246 0.100993 0.3611689999999999
0 0.3302781875 0.3746104334975369 0.021523999999999988 0.03966599999999995
0 0.3779554375 0.49950893596059115 0.061258000000000035 0.13152399999999992
0 0.3856391875 0.418886448275862 0.054635000000000045 0.08768300000000001
0 0.394595625 0.3632695566502463 0.05132500000000001 0.098121
0 0.4181173125 0.648570118226601 0.08940399999999998 0.3757830000000001
0 0.42847125 0.27922217733990146 0.039734999999999965 0.06263099999999999
0 0.4435861875 0.49998935467980293 0.05463499999999999 0.12317399999999994
0 0.4410378125 0.4257352315270936 0.04139100000000001 0.06889400000000002
0 0.4670623125 0.342497921182266 0.05794699999999997 0.08559499999999996
0 0.485318875 0.640278078817734 0.09105999999999997 0.41753699999999994
0 0.4950785625 0.4085538128078818 0.034767999999999966 0.07515599999999996
0 0.5152436874999999 0.3671284630541872 0.03807900000000003 0.13361200000000004
0 0.5702669375 0.6587384285714286 0.10761599999999993 0.35908100000000004
0 0.5594801875 0.3651468275862069 0.05298000000000003 0.12108499999999997
0 0.5610064375 0.42466902955665026 0.029800999999999966 0.09603299999999998
0 0.6262221875 0.647338591133005 0.147351 0.37369499999999994
0 0.5856720625 0.47274399014778323 0.04966899999999996 0.13778800000000005
0 0.58125475 0.29640459605911335 0.02483499999999994 0.05427999999999999
0 0.60065725 0.36642475862068963 0.039734999999999965 0.070981
0 0.6435804375 0.38982377339901475 0.09271499999999999 0.11690999999999994
0 0.6488 0.47236893596059115 0.06291399999999991 0.13152400000000006
0 0.6523635625 0.2954427586206897 0.03476799999999991 0.07098199999999996
0 0.661618125 0.3438348128078818 0.03642400000000001 0.07515700000000002
0 0.7098440625 0.38938875862068967 0.04966899999999996 0.070981
0 0.7212656875 0.6557949556650245 0.06953600000000004 0.3611690000000001
0 0.7033904375 0.43959812315270935 0.029801000000000077 0.05845600000000008
0 0.7155746875 0.3481751379310345 0.038078999999999974 0.10438399999999999
0 0.777305125 0.6591134827586206 0.09768199999999994 0.363257
0 0.751022125 0.43761648768472905 0.03642400000000001 0.04592900000000002
0 0.7676236875 0.3316848669950739 0.06953600000000004 0.07933200000000004
0 0.794495 0.42097444827586206 0.06291400000000003 0.08768200000000001
0 0.8162319375 0.4176085172413793 0.07781400000000005 0.13987500000000003
0 0.8544406875 0.6740435763546798 0.100993 0.3256790000000001
0 0.8409371875 0.3309927192118226 0.05463499999999999 0.11273500000000003
0 0.862544375 0.29433015270935964 0.04470200000000002 0.150313
0 0.8978234375 0.5708911034482759 0.061257999999999924 0.32776599999999995
0 0.9097095625 0.35750053201970444 0.06457000000000002 0.18580300000000002
0 0.9196435625 0.2654182463054187 0.06457000000000002 0.11482300000000001
0 0.935649875 0.6063821034482759 0.09106000000000003 0.32776600000000006
0 0.9626905625 0.5357297536945813 0.06456899999999999 0.388309
0 0.9687173125 0.3590481527093596 0.05794699999999997 0.15031300000000003
