0 0.2374609375 0.39923034992679357 0.046249999999999986 0.076923
0 0.279921875 0.39078734992679354 0.02812500000000001 0.07880000000000001
0 0.315078125 0.40250038067349925 0.06812499999999999 0.10037599999999998
0 0.4118359375 0.40234296339677894 0.04624999999999996 0.06754199999999998
0 0.4521875 0.40250038067349925 0.04874999999999996 0.10037599999999998
0 0.4980078125 0.4081994787701318 0.04250000000000004 0.08067500000000002
0 0.546640625 0.4107158653001464 0.05249999999999999 0.08818000000000002
0 0.6332421875 0.4299328960468522 0.053749999999999964 0.113509
0 0.7303125 0.4134156076134699 0.04874999999999996 0.08442799999999999
0 0.825859375 0.40696286530014647 0.04375000000000007 0.08817999999999998
