0 0.7101953125 0.7312499999999998 0.05812499999999998 0.18916700000000009
0 0.0352734375 0.710625 0.061875000000000006 0.15833299999999997
0 0.2514453125 0.6963545 0.05687500000000004 0.11000000000000003
0 0.2419921875 0.7206774166666667 0.023125000000000007 0.13916599999999998
0 0.3426171875 0.5344274166666667 0.023125000000000007 0.0774999999999999
0 0.3543359375 0.5489065833333334 0.015000000000000013 0.05166599999999999
0 0.3582421875 0.6069274166666666 0.021875000000000033 0.07750000000000005
0 0.390546875 0.4996871666666667 0.028749999999999998 0.0683339999999999
0 0.387734375 0.633333 0.011874999999999969 0.12749999999999995
0 0.402265625 0.5441149166666667 0.020625000000000004 0.05999999999999991
0 0.405859375 0.6255205 0.013124999999999998 0.11166699999999989
0 0.454375 0.6987496666666666 0.03250000000000003 0.14666700000000002
0 0.46203125 0.4916663333333333 0.008124999999999993 0.04333400000000006
0 0.4753125 0.5151045 0.015625 0.048333000000000036
0 0.5072265625 0.70671875 0.03375000000000006 0.15000000000000005
0 0.537890625 0.49984375 0.020625000000000004 0.05666700000000002
0 0.5419140625 0.6624996666666666 0.01937500000000003 0.08416699999999995
0 0.5534765625 0.5029684166666667 0.03375000000000006 0.046667000000000014
0 0.5708984375 0.6528649166666667 0.030000000000000027 0.12333299999999998
0 0.5855859375 0.49984375 0.015000000000000013 0.05666700000000002
0 0.5829296875 0.5604684166666666 0.006250000000000089 0.045834000000000076
0 0.592109375 0.6173440833333333 0.013124999999999942 0.098333
0 0.6042578125 0.5643746666666666 0.011249999999999982 0.05333400000000007
0 0.6138671875 0.4955725833333333 0.02312499999999995 0.051666999999999984
0 0.64453125 0.5216149166666667 0.008750000000000036 0.061666
0 0.66375 0.6494274166666666 0.03125 0.07750000000000005
0 0.6757421875 0.569583 0.021874999999999978 0.063334
0 0.705546875 0.55151075 0.02749999999999997 0.05499999999999994
0 0.7344140625 0.55651075 0.01937500000000003 0.05666600000000003
0 0.790078125 0.8444270833333333 0.06687500000000002 0.1608330000000001
0 0.8732421875 0.65484375 0.02312499999999995 0.05666700000000002
0 0.9430859375 0.8142190833333333 0.04562500000000003 0.19250000000000003
0 0.9491015625 0.6123440833333333 0.03375000000000006 0.09749999999999999
0 0.9821484375 0.7661975833333333 0.02937499999999993 0.20666700000000002
