0 0.8118359375 0.23104133333333335 0.10749999999999993 0.260834
0 0.1535546875 0.9430204999999999 0.03749999999999998 0.1108340000000001
0 0.1828515625 0.935833 0.035 0.12583400000000008
0 0.238515625 0.12994758333333334 0.08250000000000002 0.143334
0 0.2380859375 0.9105725833333334 0.07624999999999998 0.17583400000000005
0 0.2671875 0.661458 0.016874999999999973 0.03250000000000005
0 0.3071875 0.7720315833333333 0.016874999999999973 0.080833
0 0.326015625 0.7692708333333332 0.020625000000000004 0.0908330000000001
0 0.3243359375 0.6397395833333334 0.014374999999999971 0.050000000000000044
0 0.3547265625 0.7668750000000001 0.03375 0.09583299999999999
0 0.3715625 0.6430725833333334 0.016874999999999973 0.05166700000000005
0 0.386484375 0.5951045 0.011875000000000024 0.04833299999999996
0 0.3909375 0.5577600833333333 0.01687500000000003 0.03416699999999998
0 0.40265625 0.85682325 0.03999999999999998 0.07166600000000001
0 0.434609375 0.3122395833333333 0.043749999999999956 0.05166700000000002
0 0.4370703125 0.8655211666666668 0.026249999999999996 0.06916599999999991
0 0.4390234375 0.83651075 0.02999999999999997 0.05666600000000003
0 0.440859375 0.5053642500000001 0.013124999999999998 0.03916700000000003
0 0.4787890625 0.8369274166666667 0.01937500000000003 0.07749999999999997
0 0.480859375 0.7227600833333333 0.013124999999999998 0.034999999999999996
0 0.5926171874999999 0.8901038333333333 0.21000000000000002 0.21583400000000008
0 0.54390625 0.27416666666666667 0.07187499999999991 0.08583299999999998
0 0.6873046875 0.41260383333333334 0.03750000000000009 0.08999999999999993
