0 0.07390625 0.6797733862928349 0.10249999999999998 0.268924
0 0.05578125 0.8447517102803739 0.040625 0.302789
0 0.1545703125 0.724317738317757 0.02562500000000001 0.2111549999999999
0 0.1626171875 0.7624202679127726 0.021874999999999978 0.22111600000000003
0 0.17046875 0.6082274423676013 0.023749999999999993 0.08565699999999996
0 0.26082031250000004 0.515005355140187 0.183125 0.15537899999999996
0 0.187421875 0.7669133271028038 0.02812500000000001 0.249004
0 0.2063671875 0.8058423551401869 0.021875000000000006 0.1553780000000001
0 0.243046875 0.7305482679127726 0.027500000000000024 0.2211149999999999
0 0.27125 0.7788663271028038 0.03125 0.24501899999999996
0 0.2969921875 0.6674174735202493 0.023125000000000007 0.203187
0 0.3089453125 0.879336062305296 0.026874999999999982 0.237052
0 0.3169140625 0.6691549439252337 0.018750000000000044 0.18725099999999995
0 0.348125 0.7162003551401869 0.03125 0.15537900000000004
0 0.3514453125 0.8647778566978194 0.02562500000000001 0.26095599999999997
0 0.3801953125 0.6766148847352025 0.02562500000000001 0.16733
0 0.4138671875 0.678712031152648 0.021874999999999978 0.11952199999999996
0 0.4644140625 0.7835264423676013 0.019374999999999976 0.08167299999999995
0 0.4665625 0.6769745607476636 0.017500000000000016 0.13147399999999995
0 0.498125 0.7804111775700935 0.033125000000000016 0.07768899999999997
0 0.494140625 0.9682763831775703 0.020625000000000004 0.0577689999999999
0 0.5018359375 0.6132295607476635 0.015000000000000013 0.13147399999999995
0 0.5128125 0.6021462959501558 0.016874999999999973 0.12948200000000004
0 0.5265234375 0.7427115607476635 0.02937500000000004 0.13147400000000004
0 0.5313671875 0.6211975607476635 0.02312499999999995 0.13147399999999995
0 0.5786328125 0.690093062305296 0.073125 0.23705199999999993
0 0.6135546875 0.8802047975077882 0.038125000000000075 0.23306800000000003
0 0.6421484375 0.9433975015576325 0.030625000000000013 0.10756999999999997
0 0.6767578125 0.9365527663551402 0.04249999999999998 0.11752999999999997
0 0.6815234375 0.7548129439252337 0.02937500000000004 0.18725099999999983
0 0.693984375 0.5632791775700935 0.013125000000000053 0.07768999999999991
0 0.7109375 0.6752370903426791 0.016249999999999987 0.14741
0 0.7369140625 0.678860414330218 0.01937500000000003 0.17529900000000004
0 0.831484375 0.6002594423676012 0.012499999999999956 0.08167299999999995
0 0.872109375 0.6307546479750779 0.01187500000000008 0.06573700000000006
0 0.8917578125 0.6423469719626168 0.010624999999999996 0.09760900000000003
0 0.9086328125 0.9165266199376947 0.0412499999999999 0.15936300000000006
0 0.902109375 0.6423469719626168 0.013125000000000053 0.09960100000000002
0 0.9395703125 0.8850575327102804 0.026874999999999982 0.22509999999999994
0 0.9614453125 0.9013542087227414 0.02562500000000001 0.193227
0 0.9819921875 0.8907800031152648 0.02187500000000009 0.213147
