0 0.09274800734214392 0.932734375 0.103384 0.10624999999999996
0 0.09733128928046991 0.8361328125 0.051691999999999995 0.07374999999999998
0 0.1282872907488987 0.86359375 0.07236899999999999 0.08687499999999992
0 0.1977784317180617 0.8359375 0.046053000000000004 0.078125
0 0.2156932907488987 0.8687890625 0.07236899999999998 0.08062500000000006
0 0.2599841483113069 0.89921875 0.07894700000000002 0.08750000000000002
0 0.307504577092511 0.8234765625 0.07988699999999999 0.06499999999999995
0 0.41411914831130686 0.8851953125 0.07706800000000004 0.08875
0 0.4248108604992658 0.9473046875 0.04887199999999993 0.10062500000000008
0 0.4927735741556534 0.839921875 0.04041400000000007 0.09062499999999996
0 0.6050838649045521 0.913203125 0.10996199999999999 0.09875
0 0.6958394331864904 0.9306640625 0.06672900000000001 0.11312500000000003
0 0.6976015756240822 0.869609375 0.05921100000000003 0.04437499999999994
