0 0.3398828125 0.839825019033675 0.04249999999999998 0.207317
0 0.0438671875 0.7646984172767204 0.023125 0.03283299999999991
0 0.040078125 0.5500607730600293 0.005624999999999998 0.019700000000000023
0 0.0454296875 0.5538127730600293 0.006249999999999999 0.017824000000000072
0 0.064765625 0.7619976749633967 0.020624999999999998 0.03846199999999999
0 0.0767578125 0.7649960307467057 0.01125000000000001 0.024390999999999958
0 0.0835546875 0.6092740307467057 0.007499999999999993 0.026266000000000022
0 0.09203125 0.6111500307467057 0.009375000000000008 0.026266999999999995
0 0.1155859375 0.6108524172767203 0.014374999999999999 0.03283300000000008
0 0.13718750000000002 0.9042112459736457 0.04875 0.18855499999999994
0 0.13609375 0.6108524172767203 0.024374999999999994 0.034709000000000025
0 0.1543359375 0.6694694480234261 0.04625000000000001 0.05722299999999998
0 0.16953125 0.9236385710102489 0.03937499999999999 0.15009399999999992
0 0.1597265625 0.5753887730600292 0.0037500000000000033 0.01876200000000013
0 0.1778515625 0.6027070307467057 0.035 0.025328999999999935
0 0.16640625 0.5764410307467057 0.008124999999999993 0.024389999999999988
0 0.2054296875 0.569462159590044 0.03874999999999998 0.02908100000000009
0 0.22234375 0.907322859443631 0.05499999999999999 0.18105099999999996
0 0.2291015625 0.8540621537335285 0.035 0.11913700000000006
0 0.258515625 0.5797552210834553 0.08375000000000002 0.07504700000000013
0 0.24078125 0.6538200614934114 0.008750000000000008 0.049719000000000006
0 0.268359375 0.6293158038067349 0.013124999999999998 0.04221400000000014
0 0.2855078125 0.6307799326500731 0.010000000000000009 0.044090000000000094
0 0.347734375 0.5501750307467057 0.10625000000000001 0.025328000000000045
0 0.348125 0.598174448023426 0.09375 0.05628600000000006
0 0.3359765625 0.6514620922401171 0.06562499999999999 0.0712940000000001
0 0.3662890625 0.7250449633967789 0.018125000000000002 0.06754200000000002
0 0.378828125 0.8549300556368961 0.036250000000000004 0.13977499999999998
0 0.409453125 0.8511079575402636 0.036250000000000004 0.15853699999999993
0 0.4016796875 0.5603797730600293 0.007500000000000007 0.019700000000000023
0 0.4144921875 0.5947210614934114 0.023125000000000007 0.04784200000000008
0 0.4157421875 0.7457962210834553 0.02312499999999995 0.07504700000000013
0 0.4091796875 0.5618439019033674 0.006249999999999978 0.021576000000000057
0 0.419453125 0.5599679019033674 0.004375000000000018 0.021576000000000057
0 0.425078125 0.5401536442166911 0.0050000000000000044 0.01688599999999993
0 0.4433203125 0.5508144172767204 0.026875000000000038 0.032832999999999994
0 0.45 0.8764628960468521 0.03187499999999999 0.11350800000000007
0 0.4541796875 0.600419159590044 0.007500000000000007 0.027204999999999886
0 0.460859375 0.6594490614934114 0.012500000000000011 0.047841999999999996
0 0.4662890625 0.7480850922401171 0.019374999999999976 0.07317000000000004
0 0.4796484375 0.5958424172767203 0.029374999999999984 0.03471
0 0.482421875 0.5522785461200586 0.027500000000000024 0.03658599999999995
0 0.48609375 0.880811122986823 0.024375000000000036 0.09662299999999986
0 0.486484375 0.6330678038067349 0.012499999999999956 0.04221400000000014
0 0.4969140625 0.7491363499267936 0.019374999999999976 0.076923
0 0.496484375 0.6736343191800879 0.013125000000000053 0.054408999999999964
0 0.5062890625 0.8872638653001464 0.01874999999999999 0.08911800000000007
0 0.5091796875 0.5562149019033674 0.006249999999999978 0.021576000000000057
0 0.5161328125 0.6192944172767203 0.010000000000000009 0.03471000000000008
0 0.5154296875 0.594790159590044 0.007500000000000062 0.027204999999999886
0 0.516953125 0.5543389019033674 0.0050000000000000044 0.021576000000000057
0 0.5451171875 0.8446552152269399 0.053749999999999964 0.16510300000000003
0 0.525859375 0.6715298038067351 0.013124999999999942 0.042213999999999974
0 0.52515625 0.594790159590044 0.008125000000000049 0.027204999999999886
0 0.5254296875 0.6178302884333821 0.0068750000000000755 0.030019000000000063
0 0.5323046875 0.5566267730600294 0.006249999999999978 0.01969999999999994
0 0.5348046875 0.5952030307467057 0.006249999999999978 0.02345200000000001
0 0.537578125 0.5518225153733528 0.0050000000000000044 0.012195000000000077
0 0.7009375 0.8457074729136164 0.328125 0.17260799999999996
0 0.5410546875 0.5801930307467057 0.007500000000000062 0.026266999999999995
0 0.54578125 0.649200159590044 0.009375000000000022 0.029080000000000033
0 0.54828125 0.6130260307467057 0.009374999999999911 0.02626700000000008
0 0.550234375 0.6822606749633968 0.013124999999999942 0.04033800000000002
0 0.5541796875 0.6729939326500732 0.007499999999999951 0.04596599999999996
0 0.559609375 0.6293158038067349 0.012500000000000067 0.04221400000000014
0 0.5591796875 0.6057053865300146 0.006249999999999978 0.009380999999999981
0 0.59515625 0.555206803806735 0.07062499999999994 0.042213999999999974
0 0.5704296875 0.6000072884333822 0.006249999999999978 0.030956999999999874
0 0.6066796875 0.603049803806735 0.006249999999999978 0.042213
0 0.6186328125 0.6024094172767204 0.010624999999999996 0.03470899999999994
0 0.640390625 0.888561859443631 0.05249999999999999 0.18011199999999994
0 0.63203125 0.5990692884333821 0.008749999999999925 0.03001899999999998
0 0.6385546875 0.605109159590044 0.0068749999999999645 0.027205000000000052
0 0.6441796875 0.5982445461200586 0.007500000000000062 0.035647999999999895
0 0.669609375 0.9069109882869693 0.04375000000000007 0.18292699999999992
0 0.6536328125 0.5997086749633969 0.009999999999999898 0.040337999999999936
0 0.6643359375 0.6034616749633968 0.014375000000000027 0.0384610000000001
0 0.67640625 0.5768529019033675 0.008125000000000049 0.022514000000000034
0 0.6835546875 0.576029159590044 0.007499999999999951 0.028141999999999973
0 0.6885546875 0.5835331595900439 0.006249999999999978 0.027205000000000052
0 0.697734375 0.6586243191800879 0.013124999999999942 0.05347099999999999
0 0.80125 0.5508144172767204 0.219375 0.032832999999999994
0 0.6954296875 0.5992526442166911 0.006249999999999978 0.015009999999999976
0 0.7136328125 0.9100236017569546 0.04125000000000001 0.17542199999999997
0 0.6973046875 0.5787289019033675 0.006250000000000089 0.022514000000000034
0 0.7141796875 0.6040579019033675 0.0068749999999999645 0.020637999999999917
0 0.744140625 0.5706286749633968 0.05249999999999999 0.0384610000000001
0 0.76015625 0.603233159590044 0.008750000000000036 0.029081000000000006
0 0.76265625 0.6338925461200585 0.008749999999999925 0.03658500000000006
0 0.76765625 0.5976051595900439 0.008749999999999925 0.029080000000000116
0 0.7716796875 0.605109159590044 0.006249999999999978 0.027205000000000052
0 0.77890625 0.6158410307467057 0.008124999999999938 0.02439000000000007
0 0.81671875 0.9042112459736457 0.05624999999999991 0.18855499999999994
0 0.798984375 0.6131402884333821 0.01187500000000008 0.030019000000000063
0 0.8487890625 0.9629060922401171 0.08187500000000003 0.07129499999999998
0 0.8148828125 0.6055220307467057 0.010624999999999996 0.023451999999999928
0 0.8190625 0.6623331595900439 0.016874999999999973 0.027204
0 0.8257421875 0.6821464172767203 0.02187500000000009 0.032832999999999994
0 0.8561328125 0.5998930307467057 0.010000000000000009 0.023451999999999928
0 0.8762890625 0.8988107613469986 0.04999999999999993 0.19981199999999996
0 0.9040234375 0.8492578960468521 0.030625000000000013 0.11163199999999995
0 0.95203125 0.8667832825768668 0.040000000000000036 0.1228900000000001
0 0.9719921875 0.9357894114202049 0.053749999999999964 0.12476600000000006
