0 0.38515625 0.6376623529411765 0.10250000000000004 0.46327699999999994
0 0.5025390625 0.6145870588235294 0.08062499999999995 0.48681699999999994
0 0.55796875 0.4854298235294118 0.024375000000000036 0.14500899999999997
0 0.6692578125 0.4563781764705882 0.009999999999999898 0.05837999999999999
0 0.7025390625 0.45261117647058824 0.01937500000000003 0.05649799999999997
0 0.7837890625 0.45931935294117643 0.11312500000000003 0.06214700000000005
0 0.8576953125 0.4549598823529412 0.02562500000000001 0.08097999999999998
0 0.872734375 0.44572394117647063 0.012500000000000067 0.06591299999999996
0 0.910625 0.4507281764705882 0.03187499999999999 0.058380999999999975
0 0.9446875 0.4549598823529412 0.016874999999999973 0.08097999999999998
0 0.9637890625 0.4511938823529412 0.01937500000000003 0.080979
