0 0.0458984375 0.23887393430656936 0.0925 0.06349199999999995
0 0.1275390625 0.25289459854014595 0.080625 0.10924299999999997
0 0.2263671875 0.12448710218978104 0.02312499999999998 0.038282
0 0.2701171875 0.12798468613138686 0.02312499999999995 0.028945000000000002
0 0.275 0.2855069124087591 0.03187499999999999 0.08216600000000002
0 0.289140625 0.12319797810218977 0.020625000000000004 0.02240800000000002
0 0.3705078125 0.330414897810219 0.135 0.36227800000000004
0 0.32484375 0.11299366423357662 0.024375000000000036 0.047618999999999995
0 0.3644921875 0.12278983211678832 0.023125000000000007 0.024276000000000013
0 0.817265625 0.25021130656934304 0.36375 0.11671400000000001
