0 0.2176223125 0.5165441176470589 0.40165999999999996 0.22124999999999997
0 0.0617580625 0.8702941176470589 0.049793000000000004 0.12249999999999993
0 0.0779621875 0.5908823529411765 0.021577 0.06375000000000003
0 0.0866046875 0.7707352941176471 0.037344 0.07750000000000007
0 0.0907536875 0.8941911764705883 0.037345 0.15749999999999986
0 0.1015885 0.5411029411764706 0.015768000000000004 0.0649999999999999
0 0.1280986875 0.7549264705882354 0.03900400000000001 0.08250000000000003
0 0.151430875 0.6783823529411764 0.02821600000000002 0.06375000000000011
0 0.1480615 0.5696323529411764 0.015767999999999976 0.06375000000000011
0 0.165538875 0.6891911764705883 0.027385999999999994 0.056250000000000085
0 0.1714450625 0.553235294117647 0.019086999999999993 0.07750000000000007
0 0.214501875 0.5897058823529413 0.02904599999999999 0.08124999999999992
0 0.2309523125 0.6208088235294117 0.025726 0.09499999999999995
0 0.2683970625 0.7866176470588236 0.04896299999999998 0.13999999999999999
0 0.357239875 0.6598529411764706 0.02821600000000002 0.11499999999999998
0 0.3959553125 0.8266911764705883 0.057261000000000006 0.15874999999999997
0 0.3921910625 0.6186764705882353 0.018257999999999996 0.08374999999999998
0 0.418894625 0.6555882352941177 0.02074699999999996 0.09125000000000001
0 0.4376416875 0.7728676470588235 0.03900400000000004 0.08999999999999998
0 0.4418375 0.6026470588235294 0.017427000000000026 0.08749999999999991
0 0.5260106875 0.6796323529411764 0.13278 0.1625
0 0.4725425 0.5921323529411765 0.015768000000000004 0.0625
0 0.5532878125 0.828970588235294 0.04149399999999992 0.10500000000000013
0 0.585799375 0.9278676470588236 0.04398400000000002 0.1399999999999999
0 0.5875061875 0.8404411764705882 0.023235999999999923 0.10625
0 0.6617580625 0.8436029411764705 0.049792999999999976 0.1662500000000001
0 0.687824 0.8109558823529412 0.03236499999999998 0.13000000000000006
0 0.720189 0.7424264705882353 0.03153600000000001 0.08375000000000006
0 0.7443521875 0.7652941176470588 0.02157700000000007 0.1225000000000001
0 0.7662223125 0.7733823529411766 0.026556000000000024 0.11374999999999995
0 0.7771075 0.7362500000000001 0.016597000000000084 0.10249999999999998
0 0.802640125 0.8657352941176469 0.03568499999999997 0.17750000000000007
0 0.853120125 0.9421323529411765 0.06804999999999994 0.1125
0 0.911940375 0.9169117647058823 0.043154000000000026 0.16124999999999998
0 0.9256590625 0.7741176470588235 0.050622000000000056 0.13875000000000004
