0 0.13273437500000002 0.376981093704246 0.10625 0.549719
0 0.2546484375 0.4509231727672035 0.060624999999999984 0.3245779999999999
0 0.2959765625 0.450055270863836 0.03500000000000003 0.30206299999999997
0 0.4147265625 0.3913766456808199 0.09625 0.49249600000000004
0 0.4958984375 0.4811342459736457 0.06124999999999997 0.18855499999999994
0 0.562734375 0.49186511713030745 0.04437499999999994 0.1857410000000001
0 0.601796875 0.49699392679355786 0.028749999999999942 0.13508399999999995
0 0.6742578125 0.42100971303074664 0.16749999999999998 0.4484049999999999
0 0.724609375 0.46794836896046854 0.07562500000000005 0.28236399999999995
0 0.751015625 0.4914532459736457 0.05125000000000002 0.189493
0 0.8028125 0.49888714787701316 0.04874999999999996 0.21013200000000007
