0 0.1128125 0.6921874999999998 0.20375 0.2366670000000001
0 0.2460546875 0.586875 0.03874999999999998 0.09499999999999997
0 0.29171875 0.79234375 0.0875 0.306667
0 0.2951171875 0.45385416666666667 0.05375000000000002 0.06999999999999999
0 0.296171875 0.6330205 0.028750000000000053 0.10999999999999995
0 0.380390625 0.6862496666666668 0.05125000000000002 0.14666700000000002
0 0.391015625 0.6171354166666666 0.020000000000000018 0.045000000000000005
0 0.4037890625 0.6436975833333333 0.01874999999999999 0.08166700000000009
0 0.547421875 0.7975517499999999 0.21625 0.39999999999999997
0 0.6576953125 0.62411425 0.026249999999999996 0.1016670000000001
0 0.7723046875 0.65817675 0.16249999999999998 0.18166700000000002
0 0.920625 0.6280205 0.03249999999999997 0.11166700000000003
0 0.932265625 0.6270315833333334 0.020000000000000018 0.08333300000000003
0 0.961875 0.6230205 0.03125 0.11000000000000003
0 0.9765625 0.6322399166666667 0.01749999999999996 0.09166599999999996
