0 0.5103898843338214 0.4090625 0.295498 0.485
0 0.27549938653001466 0.8728515625 0.010319000000000042 0.0031250000000000444
0 0.33887751537335287 0.8881640625 0.013133000000000011 0.018749999999999933
0 0.3453302576866764 0.8423046875 0.007504000000000016 0.0068749999999999645
0 0.35640290190336754 0.8832421875 0.02063799999999996 0.021874999999999978
0 0.3542983865300146 0.8434765625 0.010319000000000042 0.00374999999999992
0 0.3748221288433382 0.8441796875 0.004690999999999977 0.0068749999999999645
0 0.38232712884333825 0.843203125 0.005628999999999994 0.004999999999999893
0 0.39204990190336747 0.8812890625 0.020638 0.018749999999999933
0 0.3978622576866764 0.88328125 0.00750500000000003 0.008124999999999938
0 0.6450352884333821 0.8538671875 0.03095700000000004 0.022499999999999964
0 0.6997419019033675 0.846796875 0.020637999999999917 0.02749999999999997
0 0.8956539882869693 0.8248828125 0.18198900000000004 0.04250000000000009
