0 0.0205078125 0.37958333333333333 0.04125 0.10666700000000003
0 0.2237109375 0.6626041666666667 0.07749999999999999 0.380833
0 0.363671875 0.6291669999999999 0.185 0.5016660000000001
0 0.31828125 0.248125 0.07187499999999997 0.2825
0 0.3570703125 0.2676041666666667 0.08937500000000004 0.25666700000000003
0 0.3689453125 0.09364583333333333 0.05812499999999998 0.184167
0 0.5545703125 0.10026041666666667 0.05687500000000001 0.2025
0 0.644140625 0.46703158333333333 0.08250000000000002 0.20833300000000002
0 0.6458984375 0.10630174999999999 0.06187500000000001 0.213334
0 0.77375 0.7421350833333333 0.12624999999999997 0.5041669999999999
0 0.7940625 0.112917 0.04749999999999999 0.18999999999999997
0 0.8339453125 0.1328645833333333 0.05687500000000001 0.20666700000000002
0 0.9527734375 0.7715625 0.09250000000000003 0.454167
0 0.9768359375 0.4578645833333333 0.04500000000000004 0.20833299999999996
