0 0.3333984375 0.6426045 0.06062500000000004 0.1741659999999999
0 0.4313671875 0.6141666666666666 0.05312499999999998 0.20916699999999996
0 0.480546875 0.6352086666666666 0.028749999999999998 0.1775
0 0.53 0.593333 0.06374999999999997 0.25249999999999995
0 0.5628125 0.6230725833333334 0.016874999999999973 0.17583399999999996
0 0.588203125 0.6229163333333334 0.03562499999999991 0.2308339999999999
0 0.619921875 0.6457809166666667 0.028750000000000053 0.18583399999999997
0 0.706484375 0.6426038333333334 0.04312499999999997 0.214167
0 0.8572265625 0.6653125 0.06562500000000004 0.2675000000000001
0 0.9079296875 0.6686979166666668 0.03874999999999995 0.24749999999999991
