0 0.315430125 0.595900401171303 0.254882 0.7847729999999999
0 0.0673828125 0.5973649165446558 0.135742 0.796486
0 0.1015624375 0.2811125402635432 0.030273999999999995 0.127379
0 0.184570375 0.5812587203513909 0.168945 0.8345540000000001
0 0.125976125 0.30161041142020495 0.036133 0.12298699999999997
0 0.22851575 0.2562223748169839 0.056639999999999996 0.19033700000000003
0 0.6240229374999999 0.5241584875549048 0.48339899999999997 0.9458270000000001
0 0.48046875 0.6105420146412883 0.18066400000000005 0.7745240000000001
0 0.5263671249999999 0.5095166954612006 0.099609 0.720352
0 0.849609875 0.4919468916544656 0.154296 0.6822839999999999
0 0.967773875 0.5929725109809664 0.06054599999999999 0.5812589999999999
