0 0.01953125 0.9423440833333334 0.039375 0.09833299999999993
0 0.0370703125 0.8552079999999999 0.058125 0.0950000000000002
0 0.078125 0.9002083333333334 0.125 0.13750000000000004
0 0.190703125 0.87265625 0.09937499999999999 0.07249999999999994
0 0.2834375 0.8501565833333333 0.08000000000000002 0.11249999999999998
0 0.3439453125 0.8340628333333333 0.05812500000000004 0.1200000000000001
0 0.3733203125 0.8458854166666666 0.08937500000000004 0.10916700000000008
0 0.4563671875 0.8412503333333333 0.085625 0.106666
0 0.4842578125 0.7602600833333334 0.07374999999999998 0.16
0 0.5879296875 0.8757288333333334 0.16312500000000008 0.24583400000000002
0 0.5930859375 0.7375520833333332 0.0462499999999999 0.06583300000000003
0 0.6437890625 0.8465100833333333 0.04937499999999995 0.09749999999999999
0 0.6521875 0.7959378333333333 0.04874999999999996 0.09083299999999994
0 0.6712890625 0.7667705000000001 0.05062500000000003 0.17249999999999988
0 0.7626171875 0.8600520833333333 0.1468750000000001 0.19166700000000012
0 0.8060546875 0.8008850833333333 0.03875000000000006 0.06583400000000002
0 0.904375 0.7510416666666666 0.18874999999999997 0.30333300000000013
0 0.8848046875 0.77734375 0.03750000000000009 0.05666700000000002
