0 0.25667968750000003 0.56151075 0.06875 0.305833
0 0.4996484375 0.1875 0.99875 0.375
0 0.0872265625 0.45526075000000005 0.03375 0.24250000000000002
0 0.11375 0.4528125 0.063125 0.26583300000000004
0 0.403828125 0.47494791666666664 0.06687500000000002 0.185833
0 0.433515625 0.62067675 0.11499999999999999 0.306667
0 0.4859375 0.6500520833333333 0.11062499999999997 0.316667
0 0.676015625 0.5834892500000001 0.08250000000000002 0.320834
0 0.7169921875 0.49572883333333334 0.05437499999999995 0.24500000000000002
0 0.8073046875 0.456875 0.07000000000000006 0.21916700000000003
0 0.959140625 0.4473955 0.05125000000000002 0.20500000000000007
