0 0.4494140625 0.8008807647058824 0.080625 0.36063999999999996
0 0.15515625 0.8268972352941176 0.10250000000000001 0.3427489999999999
0 0.2480078125 0.8164753529411766 0.10500000000000001 0.362524
0 0.310859375 0.8323138823529411 0.10625000000000001 0.33144999999999997
0 0.3775 0.8264848235294115 0.06437500000000002 0.344632
0 0.5037890625 0.8359647058823529 0.050000000000000044 0.3248579999999999
0 0.551015625 0.809291882352941 0.08250000000000002 0.379472
0 0.6096875 0.8200090000000001 0.078125 0.35122499999999995
0 0.67203125 0.8210671764705881 0.07062500000000005 0.35593199999999997
0 0.742421875 0.8019912352941175 0.09062499999999996 0.3926549999999999
0 0.8183203125 0.8042866470588235 0.11937500000000001 0.38888899999999993
