0 0.055664125 0.6171874166666668 0.03613299999999999 0.10807299999999993
0 0.07617181249999999 0.7877601666666667 0.04199200000000001 0.13151100000000002
0 0.1162104375 0.5898441666666666 0.03027400000000001 0.10156200000000008
0 0.146484 0.733073 0.032227000000000006 0.12760400000000013
0 0.2226564375 0.5312500833333332 0.02929699999999999 0.09765600000000012
0 0.296874875 0.50130175 0.027344000000000035 0.08723999999999998
0 0.391601125 0.7630209999999998 0.036133000000000026 0.12630200000000005
0 0.415038875 0.5416663333333332 0.027344000000000035 0.10416700000000005
0 0.4843746875 0.6666668333333332 0.03808599999999995 0.12109400000000003
0 0.47851575 0.50651075 0.02441399999999999 0.08723899999999991
0 0.515625 0.6406255 0.03125 0.11067700000000007
0 0.572266 0.5872393333333333 0.03125 0.10546900000000003
0 0.6201173125 0.5455730833333333 0.02636700000000003 0.09895800000000003
0 0.6757815625 0.7734372500000001 0.035155999999999965 0.13411499999999985
0 0.6728513125 0.5091141666666666 0.02636700000000003 0.09895900000000002
0 0.739258 0.6692710833333333 0.03320299999999998 0.13020800000000002
0 0.834960875 0.5546875 0.0283199999999999 0.11067700000000007
0 0.8935549375 0.9296873333333334 0.04492200000000002 0.1367189999999998
0 0.9394529375 0.8385411666666668 0.04589900000000002 0.16276099999999985
0 0.9707035625 0.6041670833333334 0.03417899999999996 0.12890599999999988
0 0.983398 0.6171876666666666 0.03125 0.11588500000000009
0 0.9931638125 0.9648439999999999 0.01074200000000003 0.06510399999999998
