0 0.12402786382393396 0.8808130625 0.06340599999999999 0.14414399999999994
0 0.030261348005502064 0.90837675 0.061594 0.18018
0 0.04787380055020633 0.82022725 0.054348 0.07078499999999999
0 0.25459799037138925 0.8705170625 0.08695599999999998 0.1428569999999999
0 0.3428624429160935 0.8761954375 0.07789799999999995 0.12483900000000003
0 0.39315095873452544 0.8693205625 0.08152200000000002 0.15830100000000003
0 0.4916467372764786 0.88843825 0.04166700000000012 0.07078499999999999
0 0.5069446423658872 0.8332266875 0.027173999999999983 0.037322999999999995
0 0.5348914429160936 0.91174 0.077898 0.093951
0 0.5258655474552957 0.840017375 0.01087000000000008 0.043758000000000075
0 0.5627352214580468 0.84845075 0.03985499999999991 0.055340999999999974
0 0.619231537826685 0.8917751875 0.09420300000000004 0.14800500000000005
0 0.7072267372764786 0.8680209375 0.04166699999999997 0.04633200000000004
0 0.8056914112792297 0.867406375 0.07246300000000003 0.10553400000000002
0 0.9146877689133426 0.85102475 0.04710199999999985 0.05662800000000001
0 0.9572938005502063 0.8924739375 0.054348000000000125 0.04633199999999993
0 0.9852056423658873 0.849026375 0.025362000000000006 0.043757999999999964
