0 0.3180078125 0.6128339575402635 0.04125000000000001 0.1594750000000001
0 0.392109375 0.5426872518301611 0.013124999999999998 0.09943800000000001
0 0.4084765625 0.6270893133235725 0.034375000000000044 0.14634199999999994
0 0.4412890625 0.5541727672035139 0.018125000000000002 0.10975599999999999
0 0.4745703125 0.581377767203514 0.026875000000000038 0.10975599999999991
0 0.5290234375 0.5857701537335286 0.030000000000000027 0.119136
0 0.5777734375 0.5817896383601757 0.030000000000000027 0.10787999999999996
0 0.582109375 0.5010263191800878 0.012499999999999956 0.05440900000000005
0 0.6170703125 0.6062237979502196 0.05812499999999998 0.1332079999999999
0 0.6012109375 0.5765725095168375 0.01375000000000004 0.10318999999999999
