0 0.5217578125 0.74125 0.07374999999999998 0.3133330000000001
0 0.19484375 0.44875 0.024999999999999994 0.06500000000000002
0 0.2158984375 0.42921908333333336 0.03 0.06749999999999996
0 0.241328125 0.4169274166666666 0.03687499999999999 0.07750000000000005
0 0.2923046875 0.3940625 0.03875000000000001 0.07916700000000006
0 0.3331640625 0.7564059166666667 0.050624999999999976 0.21666699999999986
0 0.3490234375 0.43046841666666663 0.030000000000000027 0.045000000000000005
0 0.429609375 0.6539586666666666 0.07500000000000001 0.24166600000000008
0 0.5001171875 0.581458 0.05312499999999998 0.15833399999999997
0 0.5946484375 0.5846354166666666 0.06062500000000004 0.170833
0 0.6445703125 0.56421875 0.05812499999999998 0.150833
0 0.7099609375 0.53817675 0.07625000000000004 0.18083400000000002
0 0.797890625 0.6686975833333334 0.14625 0.330834
0 0.911640625 0.5554684166666667 0.11499999999999999 0.2950000000000001
0 0.957890625 0.38338575 0.08250000000000002 0.1491659999999999
