0 0.2874609375 0.7235940833333334 0.07750000000000001 0.2841659999999999
0 0.3763671875 0.6782815833333333 0.085625 0.27
0 0.4424609375 0.6519795 0.07625000000000004 0.14166599999999985
0 0.4554296875 0.7542705 0.07 0.2983340000000001
0 0.494609375 0.7195312499999998 0.043749999999999956 0.29083300000000006
0 0.6102734375 0.6511455 0.09187500000000004 0.266667
0 0.6834765625 0.6899996666666667 0.06562500000000004 0.3358339999999999
0 0.6961328125 0.7478121666666667 0.07250000000000001 0.3499999999999999
0 0.791796875 0.6913024166666667 0.12125000000000008 0.295833
0 0.9133203125 0.7691663333333333 0.08812500000000001 0.294167
