0 0.516328125 0.6901045 0.09875 0.29750000000000004
0 0.0209765625 0.79015625 0.03375 0.07083299999999992
0 0.1743359375 0.78380175 0.013749999999999984 0.08666699999999998
0 0.225625 0.6911454999999999 0.0325 0.26583399999999996
0 0.305546875 0.6930725833333332 0.1225 0.30083400000000005
0 0.421875 0.37588508333333337 0.09437499999999999 0.06583399999999995
0 0.5023828125 0.17755175 0.16624999999999995 0.02416700000000001
0 0.4770703125 0.38104166666666667 0.02562500000000001 0.054167
0 0.56421875 0.37661491666666663 0.11750000000000005 0.05999999999999998
0 0.67046875 0.69734375 0.11750000000000005 0.3049999999999999
0 0.7730078125 0.6960413333333334 0.04125000000000001 0.2616669999999999
0 0.8519140625 0.8057295 0.01937500000000003 0.079166
0 0.94015625 0.8145309166666667 0.039999999999999925 0.12416699999999992
0 0.9882421875 0.8172916666666667 0.021874999999999978 0.11583299999999985
