0 0.0908466875 0.5891852746781115 0.068889 0.4299670000000001
0 0.193272125 0.5630167324749642 0.098889 0.4804560000000001
0 0.28944043750000004 0.5599813390557941 0.185555 0.5928340000000001
0 0.3374781875 0.546576268955651 0.054444999999999966 0.504886
0 0.430373375 0.554170035765379 0.044443999999999984 0.535831
0 0.460981125 0.5599813390557941 0.067778 0.594462
0 0.5807858125 0.5511336423462089 0.16777800000000004 0.649837
0 0.6735765 0.5242391816881259 0.11111099999999996 0.640065
0 0.7624345625 0.5609056423462089 0.15888900000000006 0.6498370000000001
0 0.8825299375 0.6041295021459228 0.07777800000000001 0.4739419999999999
0 0.9796656875 0.626203583690987 0.03777799999999998 0.41205300000000006
