0 0.34277368750000003 0.6627838349514562 0.4125 0.667702
0 0.7568359375 0.33545782524271844 0.48359399999999997 0.2810560000000001
0 0.6271484375 0.6891000970873786 0.029686999999999908 0.24844699999999997
0 0.6392573125 0.6277516407766991 0.026563000000000003 0.17701799999999998
0 0.652734375 0.7395735728155339 0.042969000000000035 0.284162
0 0.7169919375 0.8948376213592233 0.07656299999999994 0.206522
0 0.7033208125 0.7791650873786408 0.04140599999999994 0.26087
0 0.7525385625 0.714704650485437 0.06562500000000004 0.15993799999999997
0 0.751952625 0.8039951359223301 0.051562999999999914 0.18633500000000006
0 0.8943361875 0.6468102718446601 0.20937499999999998 0.366459
0 0.824609625 0.8012998155339806 0.051562 0.29658400000000007
0 0.8615234375 0.835825640776699 0.06171899999999997 0.17701899999999998
0 0.8712895625 0.9293734174757281 0.06562500000000004 0.13509300000000005
0 0.9169921875 0.7500538252427185 0.05312499999999998 0.281056
0 0.977734375 0.7969906893203883 0.042968999999999924 0.09782600000000007
