0 0.0966796875 0.5490103016105418 0.19375 0.32739199999999996
0 0.1649609375 0.5863913191800878 0.04625000000000001 0.053471000000000074
0 0.22765625 0.5730048653001464 0.070625 0.08817999999999994
0 0.2771875 0.5876019941434846 0.048750000000000016 0.09286999999999998
0 0.2969921875 0.6241428345534407 0.05375000000000002 0.06566599999999999
0 0.34734375 0.28578373060029283 0.1175 0.17729899999999998
0 0.396640625 0.5613714363103952 0.14499999999999996 0.23827400000000004
0 0.5659375 0.37989034407027816 0.078125 0.16698000000000002
0 0.656484375 0.3677395036603221 0.07562499999999994 0.194184
0 0.748125 0.6008233133235725 0.12687499999999996 0.14446499999999993
0 0.761328125 0.3622506998535871 0.06687500000000002 0.15384600000000004
0 0.9022265625 0.47087662664714497 0.16000000000000003 0.28986899999999993
