0 0.11717228257686678 0.69801325 0.12285699999999998 0.07047599999999998
0 0.19903367496339677 0.6686100625 0.03999999999999999 0.081905
0 0.29346119033674967 0.665777625 0.05142899999999998 0.08380899999999991
0 0.399745251830161 0.4687073125 0.09714199999999999 0.08952400000000005
0 0.4964187306002928 0.4118059375 0.17714299999999994 0.108572
0 0.47967399414348466 0.858691 0.09142799999999995 0.125714
0 0.5679609633967789 0.4657295 0.06857099999999995 0.07999999999999996
0 0.6658857979502196 0.4830078125 0.134286 0.16761899999999996
0 0.849709122986823 0.858691 0.09428599999999998 0.125714
0 0.8642078960468522 0.69991825 0.11142899999999997 0.07047599999999998
0 0.9050327057101025 0.8949873125 0.062857 0.057143000000000055
