0 0.1935514375 0.62187175 0.031224000000000002 0.08607600000000004
0 0.2123825625 0.57733725 0.03459899999999999 0.039661999999999975
0 0.212610375 0.356287875 0.013502000000000014 0.02784800000000004
0 0.227173875 0.624451375 0.028691999999999995 0.07594899999999993
0 0.221049375 0.3598440625 0.013502000000000014 0.017720999999999987
0 0.25857806250000004 0.363304 0.01856499999999997 0.032912
0 0.299169 0.40803 0.032912 0.032911000000000024
0 0.349536875 0.4719848125 0.028691999999999995 0.04135
0 0.382447875 0.6136129375 0.028691999999999995 0.07679400000000003
0 0.409983125 0.6121434375 0.036287000000000014 0.09367099999999995
0 0.4213145 0.486993625 0.016878000000000004 0.051476999999999995
0 0.4381925 0.49232275 0.01687700000000003 0.05485200000000007
0 0.660738375 0.854762125 0.07594900000000004 0.16202499999999997
0 0.6622565 0.6782315625 0.04810099999999995 0.0962019999999999
0 0.7299466875 0.6787618125 0.03797499999999998 0.10464200000000001
0 0.758723625 0.6800035 0.05232099999999995 0.10970500000000005
0 0.7727195625 0.67441025 0.034599000000000046 0.10295299999999996
0 0.8044738125 0.690395625 0.04135 0.11392400000000003
