0 0.773125 0.6251045000000001 0.09375 0.29749999999999993
0 0.068359375 0.8973955 0.138125 0.20333400000000004
0 0.13874999999999998 0.779792 0.12687500000000002 0.15833299999999997
0 0.18109375 0.9293753333333333 0.08687500000000001 0.13750000000000004
0 0.198984375 0.68963575 0.074375 0.08749999999999991
0 0.281484375 0.5880211666666667 0.10562499999999997 0.19416599999999998
0 0.30656249999999996 0.8352604166666667 0.14125000000000001 0.32666700000000004
0 0.27144531250000004 0.6466663333333332 0.05812500000000001 0.16916700000000015
0 0.3583984375 0.9209899166666666 0.09187499999999998 0.1550000000000001
0 0.348515625 0.64317675 0.051875000000000004 0.18083399999999994
0 0.407890625 0.6299996666666666 0.08374999999999999 0.20833399999999994
0 0.4122265625 0.8654684166666667 0.06562499999999999 0.16999999999999993
0 0.44640625 0.8881770833333333 0.13312500000000005 0.22166700000000006
0 0.410546875 0.79328125 0.05937500000000001 0.10333299999999997
0 0.4884765625 0.9209899166666666 0.128125 0.1550000000000001
0 0.4859375 0.5009378333333333 0.07999999999999996 0.09000000000000001
0 0.56140625 0.6292708333333333 0.10312500000000002 0.21500000000000016
0 0.5698828125 0.8753649166666667 0.1043750000000001 0.24750000000000005
0 0.5917578125 0.63296875 0.07374999999999998 0.21166699999999997
0 0.6113671875 0.8889059166666667 0.05437500000000006 0.21833400000000003
0 0.664140625 0.9158333333333334 0.145625 0.16666700000000004
0 0.684296875 0.6236461666666666 0.12187499999999996 0.224166
0 0.68625 0.779792 0.09562499999999996 0.15666599999999997
0 0.862890625 0.87609375 0.208125 0.24250000000000002
0 0.87984375 0.5184371666666666 0.055624999999999925 0.13250000000000006
