0 0.931640625 0.7549352286282306 0.05125000000000002 0.402548
0 0.0626953125 0.94468386083499 0.08875 0.10573200000000002
0 0.1123828125 0.7140747296222664 0.041249999999999995 0.433121
0 0.179296875 0.7123373001988071 0.06 0.4076430000000001
0 0.2133984375 0.9072972206759443 0.06125 0.180892
0 0.25179687500000003 0.6767647992047714 0.05937499999999998 0.379618
0 0.315625 0.7089797296222664 0.06375000000000003 0.43312100000000003
0 0.3716015625 0.6786014512922466 0.09625 0.638216
0 0.419375 0.9146319343936382 0.0625 0.16560499999999995
0 0.437734375 0.679968226640159 0.04375000000000001 0.346497
0 0.5042187499999999 0.5314255109343937 0.11812499999999998 0.30827999999999994
0 0.5803125 0.700351226640159 0.04749999999999999 0.34777
0 0.6373046875 0.7214878767395627 0.06937499999999996 0.5515920000000001
0 0.69859375 0.7622112982107356 0.05625000000000002 0.35031899999999994
0 0.7591796875 0.7214878767395627 0.09999999999999998 0.5515920000000001
0 0.846328125 0.7324686580516898 0.06687500000000002 0.428026
0 0.9851953125 0.7608417992047714 0.026874999999999982 0.3808910000000001
