0 0.4414175816448152 0.666484375 0.35164000000000006 0.574375
0 0.03933253873659118 0.49515625 0.080854 0.415
0 0.021692426698450538 0.1183203125 0.03737599999999999 0.05812500000000001
0 0.087341126340882 0.4571484375 0.135774 0.34187500000000004
0 0.06393179737783075 0.12789062499999998 0.05034300000000001 0.08375
0 0.15884890226460072 0.13109375 0.04805500000000002 0.08750000000000001
0 0.2162965387365912 0.4207421875 0.07932899999999996 0.304375
0 0.24275490226460072 0.13109375 0.04957999999999997 0.08750000000000001
0 0.3385804970202622 0.3828515625 0.14797899999999997 0.19
0 0.3031564266984505 0.1262109375 0.037376000000000034 0.07687500000000001
0 0.3442516364719905 0.1182421875 0.031273999999999975 0.05437499999999999
0 0.4990479022646007 0.17953125 0.04805499999999995 0.03937499999999999
0 0.5435272169249106 0.17359375 0.041190000000000115 0.05500000000000002
0 0.5809980071513706 0.22203125 0.045766999999999974 0.03937499999999999
0 0.6040245315852205 0.1873828125 0.033562000000000015 0.04250000000000001
0 0.6623793361144219 0.4796484375 0.12890899999999994 0.37437499999999996
0 0.6783956924910608 0.08277343749999999 0.054157000000000004 0.0925
0 0.7876165387365911 0.3433984375 0.07932900000000007 0.15500000000000003
0 0.8154093218116806 0.119453125 0.039664000000000005 0.036250000000000004
0 0.8217019022646008 0.214765625 0.04805499999999995 0.05125000000000002
0 0.8430599022646007 0.250390625 0.049579999999999874 0.05124999999999999
0 0.8815813849821216 0.372109375 0.10678899999999995 0.169375
0 0.8961207973778307 0.2404296875 0.05034300000000006 0.03875000000000001
0 0.9526135315852204 0.2583984375 0.03508700000000001 0.061874999999999986
