0 0.1714294122236671 0.28730493749999997 0.04994800000000003 0.10859300000000002
0 0.1912004122236671 0.476171875 0.05098900000000001 0.12187499999999996
0 0.2385433133940182 0.3599609375 0.075963 0.139063
0 0.26013736280884264 0.430077875 0.06347600000000002 0.153125
0 0.2687203133940182 0.293359375 0.07596300000000004 0.07500000000000001
0 0.32959697269180754 0.39296825 0.061394 0.133594
0 0.361596022106632 0.2951174375 0.048908 0.061717999999999995
0 0.38370841222366714 0.354297125 0.05098899999999997 0.098437
0 0.44536136280884264 0.37187525 0.06451599999999998 0.13437500000000002
0 0.5085769726918076 0.370313 0.06139400000000003 0.126562
0 0.6178346540962288 0.708984875 0.09157100000000006 0.247656
0 0.7060242639791938 0.6853513125 0.08844900000000011 0.24453199999999997
0 0.7099254343302992 0.54999975 0.09781399999999996 0.08750000000000002
0 0.7661221924577373 0.5279291875 0.05515099999999998 0.05312600000000001
0 0.819186434330299 0.677734875 0.09677400000000004 0.247656
0 0.8267327035110532 0.5611325625 0.08012500000000002 0.06562500000000004
0 0.8834344070221066 0.7216801875 0.15816900000000006 0.2718750000000001
