0 0.02734375 0.5242184166666667 0.05625 0.23194500000000007
0 0.0751953125 0.2552083333333333 0.151042 0.5125
0 0.041796875 0.7768229166666666 0.059375 0.15416700000000017
0 0.1115234375 0.9005211666666666 0.092708 0.19444400000000014
0 0.1126953125 0.5705729166666668 0.089583 0.21666699999999986
0 0.1686845625 0.7315970000000002 0.06562500000000002 0.09583399999999997
0 0.5727216875 0.16015625 0.851041 0.322222
0 0.1843095625 0.9049479166666666 0.064584 0.18611100000000005
0 0.2304033125 0.6278645833333334 0.089584 0.20694400000000002
0 0.2481123125 0.29618099999999997 0.057291000000000036 0.156944
0 0.28365918749999997 0.89157975 0.084375 0.21111100000000013
0 0.29401075 0.3130208333333333 0.05625000000000002 0.151389
0 0.3543623125 0.31536425 0.058333000000000024 0.16527799999999995
0 0.380078125 0.5772571666666667 0.06666700000000003 0.22499999999999987
0 0.3948564375 0.8427086666666668 0.061458999999999986 0.1791659999999998
0 0.400129875 0.329514 0.059374999999999956 0.15833300000000003
0 0.4296875 0.5932291666666667 0.078125 0.2875000000000001
0 0.412629875 0.2284723333333333 0.029167 0.105555
0 0.441276375 0.9407115833333334 0.07604100000000003 0.11388900000000006
0 0.447786125 0.4575520833333333 0.06666700000000003 0.19166699999999995
0 0.4621748125 0.9041663333333334 0.07291600000000004 0.16666700000000004
0 0.47421875 0.3633678333333334 0.055207999999999924 0.18472199999999997
0 0.4987626875 0.27456575 0.06874999999999992 0.18194500000000002
0 0.5494140625 0.90043425 0.08020799999999995 0.19583300000000006
0 0.5518876875 0.24348991666666667 0.03750000000000009 0.154166
0 0.578125 0.8601565833333332 0.06354199999999999 0.23888900000000005
0 0.5820966875 0.2502600833333333 0.03854100000000005 0.15972299999999998
0 0.6357421875 0.9704856666666667 0.05312499999999998 0.054167000000000076
0 0.6455078125 0.8995657500000002 0.07291700000000001 0.18055599999999986
0 0.6654296875 0.30000033333333337 0.03749999999999998 0.16805499999999998
0 0.7036455 0.93168425 0.078125 0.13333300000000006
0 0.737890625 0.4928821666666667 0.05104200000000003 0.13194400000000006
0 0.7806640625 0.9362848333333332 0.08020800000000006 0.12222200000000012
0 0.804167 0.8119791666666666 0.0625 0.22500000000000023
0 0.8436845625 0.9109374999999998 0.06562499999999993 0.17361100000000018
0 0.859245125 0.57751725 0.06666599999999989 0.13333300000000006
0 0.864192375 0.7398440833333334 0.07604199999999994 0.22222199999999984
0 0.86953125 0.40546908333333337 0.039583000000000035 0.12777699999999995
0 0.8952470625 0.6907115833333334 0.08125000000000004 0.23750000000000013
0 0.910026375 0.8931425833333334 0.07604099999999991 0.20833299999999996
0 0.9588545 0.8561627499999999 0.078125 0.27361200000000013
0 0.95755175 0.3296005833333333 0.05520899999999995 0.11388900000000006
0 0.972265625 0.6651045 0.05208299999999999 0.17222199999999996
