0 0.423359375 0.6163255724743778 0.138125 0.629456
0 0.0866015625 0.38458906149341143 0.03499999999999999 0.049719000000000006
0 0.0906640625 0.3463114172767204 0.019375000000000003 0.03471
0 0.1132421875 0.3742700614934114 0.023124999999999993 0.048780999999999984
0 0.23546875 0.3464698345534407 0.024375000000000008 0.06566600000000003
0 0.2388671875 0.3567446749633968 0.022499999999999992 0.04033800000000002
0 0.3237890625 0.3759627057101025 0.018125000000000002 0.06378999999999994
0 0.6200390625 0.36406531918008783 0.018750000000000044 0.05347099999999999
0 0.7460546875 0.3329249633967789 0.03874999999999995 0.06941799999999997
0 0.8589453125 0.5203766149341142 0.1512500000000001 0.46904299999999993
0 0.798515625 0.3456460922401171 0.020625000000000004 0.07129400000000001
0 0.9078515625 0.37161447877013176 0.03375000000000006 0.08067500000000002
