0 0.8931640625 0.49819667057101025 0.14312499999999995 0.608818
0 0.042109375 0.7824436017569545 0.074375 0.17542200000000005
0 0.1141015625 0.7057049575402635 0.06625 0.15947400000000003
0 0.103203125 0.5470364787701317 0.03687499999999999 0.08067500000000007
0 0.1948046875 0.5445901903367496 0.03875000000000001 0.05159499999999995
0 0.333984375 0.712060663250366 0.07437500000000002 0.22232700000000005
0 0.4010546875 0.3915679326500732 0.03749999999999998 0.04596599999999996
0 0.4116796875 0.544704448023426 0.03812500000000002 0.056285000000000085
0 0.4623828125 0.634664411420205 0.041874999999999996 0.124765
0 0.52796875 0.6024276383601757 0.05500000000000005 0.10787900000000007
0 0.5754296875 0.5338593191800878 0.03749999999999998 0.05440900000000005
0 0.6193359375 0.605355896046852 0.0462499999999999 0.11350800000000007
