0 0.611015625 0.56388782284041 0.11375000000000002 0.24859200000000004
0 0.0758203125 0.4686588535871157 0.056874999999999995 0.27110700000000004
0 0.1424609375 0.5587235710102489 0.10750000000000001 0.15009299999999995
0 0.1535546875 0.42119228257686675 0.03812499999999999 0.12289000000000001
0 0.1548046875 0.5066725402635431 0.03812499999999999 0.12664099999999995
0 0.175 0.4543939941434846 0.031875000000000014 0.091932
0 0.2234765625 0.5280382459736457 0.09624999999999997 0.18855500000000003
0 0.2209375 0.45187760761347 0.04749999999999999 0.08442799999999995
0 0.310859375 0.5593370190336749 0.10625000000000001 0.206379
0 0.3852734375 0.43857847291361635 0.030625000000000013 0.170731
0 0.408828125 0.45148295754026346 0.03562500000000002 0.15947500000000003
0 0.4351171875 0.3912703191800878 0.021874999999999978 0.053469999999999976
0 0.4637109375 0.4895590248901903 0.07687499999999997 0.1153840000000001
0 0.448046875 0.3939700614934114 0.02749999999999997 0.049719000000000006
0 0.69671875 0.5144050556368961 0.08687499999999992 0.1388369999999999
0 0.700625 0.45833034992679356 0.0625 0.07879900000000004
0 0.6875 0.44913270571010244 0.03312499999999996 0.061914
0 0.76796875 0.48370250951683746 0.055625000000000036 0.10318900000000003
0 0.8121484375 0.4983437979502196 0.06125000000000003 0.13227000000000003
0 0.9341796875 0.5065677862371889 0.09999999999999998 0.31519700000000006
0 0.9924609375 0.5328607247437774 0.01375000000000004 0.267354
