0 0.5576171875 0.4318746666666667 0.08437499999999998 0.30416699999999997
0 0.11203125 0.14822916666666666 0.04000000000000001 0.03750000000000001
0 0.151484375 0.13541699999999998 0.04374999999999998 0.065
0 0.206640625 0.13541699999999998 0.051875000000000004 0.06333300000000003
0 0.346640625 0.13171908333333335 0.05125000000000002 0.066666
0 0.4100390625 0.14302116666666667 0.049375 0.069166
0 0.47 0.13708299999999998 0.06437500000000007 0.06500000000000002
0 0.5342578125 0.13671908333333332 0.04249999999999998 0.06666600000000002
0 0.6030859375 0.13182325 0.04500000000000004 0.0725
0 0.6630078125 0.13562533333333335 0.04125000000000001 0.07333299999999998
0 0.7410546875 0.14750033333333334 0.03749999999999998 0.044166000000000004
0 0.798671875 0.14786425 0.028124999999999956 0.040834
0 0.867265625 0.14953125 0.05249999999999999 0.04083300000000001
