0 0.0048828125 0.6752604166666666 0.010625 0.07750000000000005
0 0.021484375 0.81151075 0.04375 0.05500000000000016
0 0.0269140625 0.6784374999999999 0.019375 0.048333000000000036
0 0.08140625 0.7338545 0.039999999999999994 0.11166600000000004
0 0.4097265625 0.15276041666666665 0.128125 0.20083299999999996
0 0.5580078125 0.5078121666666666 0.10375000000000001 0.10000000000000002
0 0.7498046875 0.32348991666666665 0.03875000000000006 0.155
0 0.764453125 0.4781253333333333 0.036250000000000004 0.07416600000000002
0 0.78328125 0.3288538333333333 0.039999999999999925 0.15166700000000008
0 0.8312109375 0.5279684166666666 0.04500000000000004 0.17000000000000007
0 0.8465234375 0.4901565833333334 0.029999999999999916 0.11249999999999998
0 0.860625 0.14057325 0.0006249999999999867 0.009999999999999972
0 0.8660546875 0.15244758333333333 0.007499999999999951 0.019167000000000028
0 0.87453125 0.3061455 0.009375000000000022 0.015833999999999942
0 0.936171875 0.8480725833333334 0.12187500000000007 0.30083400000000005
0 0.9094140625 0.17807325 0.018124999999999947 0.009166000000000007
0 0.9253125 0.3286455 0.016249999999999987 0.017499999999999998
