0 0.0146484375 0.4745538797653959 0.03 0.2447449999999999
0 0.021484375 0.3657056686217009 0.044 0.30630699999999994
0 0.0380859375 0.12903225806451613 0.078 0.258258
0 0.067015625 0.2753470205278592 0.083 0.20420399999999997
0 0.0691796875 0.45757946334310856 0.06899999999999999 0.28228200000000003
0 0.1361328125 0.26266625806451616 0.07299999999999998 0.258258
0 0.4946953125 0.16482218768328447 0.777 0.28078000000000003
0 0.1950859375 0.4334850146627566 0.07700000000000001 0.288288
0 0.3772421875 0.3828435601173021 0.14700000000000002 0.37988000000000005
0 0.9195546875 0.22939933431085047 0.038999999999999924 0.153153
0 0.9601328125 0.23526443695014668 0.07299999999999995 0.16516499999999998
