0 0.32635416666666667 0.3942578125 0.06833300000000005 0.104375
0 0.044792 0.387578125 0.0325 0.036250000000000004
0 0.08401075000000001 0.3941015625 0.05499999999999999 0.06624999999999998
0 0.14020866666666668 0.3894921875 0.05416599999999999 0.05312500000000003
0 0.17619825 0.3746875 0.039166 0.04812499999999997
0 0.24838575 0.3755859375 0.024999999999999984 0.04624999999999996
0 0.4309375 0.3766015625 0.048333000000000036 0.065
0 0.46781283333333334 0.3924609375 0.059165999999999976 0.04625000000000001
0 0.5477086666666667 0.394140625 0.05416600000000001 0.05124999999999996
0 0.54536425 0.3637109375 0.04083400000000004 0.04625000000000001
0 0.6597395833333334 0.3905078125 0.05083299999999998 0.04125000000000001
0 0.6832815833333333 0.36671875 0.020832999999999952 0.023749999999999993
0 0.74234375 0.3875 0.05666700000000002 0.06374999999999997
0 0.7858857499999999 0.396328125 0.02500000000000006 0.03562500000000002
0 0.8251045 0.375625 0.04750000000000002 0.06312499999999999
0 0.9117190833333334 0.38328125 0.06583299999999988 0.07187499999999997
