0 0.1229296875 0.5503878975109809 0.131875 0.590056
0 0.266484375 0.5463632225475842 0.10625000000000001 0.5515950000000002
0 0.360078125 0.36813315373352856 0.12937499999999996 0.11726099999999998
0 0.5174218749999999 0.36730941142020496 0.12187500000000001 0.12476600000000006
0 0.4753515625 0.346627251830161 0.03375 0.09756100000000004
0 0.52046875 0.3511598345534407 0.024374999999999925 0.06566600000000003
0 0.54921875 0.371061411420205 0.05500000000000005 0.12476600000000002
0 0.72546875 0.38490489604685213 0.05500000000000005 0.11350899999999992
0 0.8286328125 0.5532365534407027 0.073125 0.423076
0 0.90375 0.42789947877013174 0.0625 0.08067499999999998
