0 0.0971875 0.5819972380952381 0.04875 0.17835399999999993
0 0.15875 0.7824330952380952 0.06437499999999999 0.29115900000000006
0 0.1917578125 0.6842335714285714 0.04124999999999998 0.14634099999999994
0 0.20953125 0.3036294761904762 0.009374999999999994 0.05335400000000004
0 0.236171875 0.48474123809523806 0.028124999999999983 0.08079300000000003
0 0.28035156250000004 0.7674940952380952 0.06562499999999996 0.19359800000000008
0 0.255234375 0.2731414761904762 0.011874999999999969 0.05335399999999998
0 0.2594140625 0.35059523809523807 0.018125000000000002 0.08079300000000003
0 0.2705859375 0.31058342857142857 0.015000000000000013 0.05792700000000004
0 0.2924609375 0.31772628571428574 0.013749999999999984 0.071647
0 0.4585546875 0.27009247619047616 0.007500000000000007 0.056402999999999974
0 0.46796875 0.6558362857142856 0.023749999999999993 0.17530499999999996
0 0.74796875 0.48311590476190475 0.024375000000000036 0.1128049999999999
0 0.76703125 0.2205430952380952 0.009374999999999911 0.09298800000000002
0 0.784765625 0.3539344761904762 0.020000000000000018 0.056402
