0 0.0302734375 0.6217190833333334 0.061875 0.440833
0 0.06765625 0.6438020833333333 0.103125 0.37916700000000003
0 0.0476953125 0.48369791666666667 0.056874999999999995 0.12416699999999999
0 0.0885546875 0.42249966666666666 0.03874999999999999 0.08333400000000002
0 0.1276171875 0.6059899166666667 0.05437500000000001 0.40499999999999997
0 0.2176171875 0.6630205 0.178125 0.48500000000000004
0 0.290078125 0.5322399166666667 0.0675 0.21666599999999994
0 0.442421875 0.65817675 0.34125 0.680834
0 0.2984375 0.5192190833333333 0.04749999999999999 0.19083299999999995
0 0.3320703125 0.47744824999999996 0.026874999999999982 0.10333300000000005
0 0.5965625 0.6315100833333332 0.20499999999999996 0.598334
0 0.6824609375 0.6242708333333333 0.07624999999999993 0.4650000000000001
0 0.7581640625 0.6134375 0.08124999999999993 0.299167
0 0.7739453125 0.5846878333333333 0.05687500000000001 0.4025
0 0.8333203125 0.5946354166666666 0.08937499999999998 0.42083300000000007
0 0.905390625 0.6102604166666666 0.11375000000000002 0.451667
0 0.9508203125 0.6323958333333334 0.08812500000000001 0.49500000000000005
