0 0.72796875 0.47903531571218794 0.11874999999999991 0.422389
0 0.4736328125 0.23828057415565346 0.010000000000000009 0.03857000000000003
0 0.4861328125 0.24163000293685755 0.010624999999999996 0.04327400000000004
0 0.4987109375 0.24163000293685755 0.013749999999999984 0.04139300000000001
0 0.5419921875 0.32193657562408223 0.021874999999999978 0.060207000000000004
0 0.5644140625 0.31964200440528634 0.01937499999999992 0.06397000000000004
0 0.648125 0.341668436123348 0.03125 0.10630300000000006
0 0.6789453125 0.32615800587371513 0.02562500000000001 0.08466599999999995
0 0.7373828125 0.2534015726872247 0.010624999999999996 0.017873999999999987
0 0.96328125 0.24440714390602053 0.008750000000000036 0.016933000000000004
0 0.9768359375 0.2492250014684288 0.01375000000000004 0.020697000000000017
