0 0.9341796875 0.3577597777777778 0.10062499999999996 0.507118
0 0.0546875 0.4200476666666667 0.11125 0.7348750000000001
0 0.1090234375 0.21949388888888888 0.029375 0.08007100000000003
0 0.16921875 0.21016177777777775 0.024375000000000008 0.05694000000000005
0 0.281328125 0.19731566666666664 0.03562500000000002 0.058718999999999986
0 0.327265625 0.20760155555555554 0.05249999999999999 0.062278000000000014
0 0.3625 0.2189752222222222 0.03187499999999999 0.12188599999999998
0 0.3942578125 0.22643833333333332 0.04124999999999995 0.09341600000000001
0 0.465 0.24911544444444444 0.03312499999999996 0.116548
0 0.505390625 0.2534348888888889 0.05249999999999999 0.15480500000000003
0 0.559453125 0.2542161111111111 0.03562500000000002 0.14768699999999996
0 0.588671875 0.25484355555555555 0.028125000000000067 0.11121
0 0.6208203125 0.2531931111111111 0.02562500000000001 0.07295400000000005
0 0.779921875 0.3007021111111111 0.08999999999999997 0.27313099999999996
0 0.8445703125 0.3123318888888889 0.08812500000000001 0.253559
