0 0.0390625 0.222549401459854 0.078125 0.29225
0 0.057109375000000004 0.14014598540145987 0.074375 0.282913
0 0.12406249999999999 0.19416058394160585 0.173125 0.390289
0 0.32359375 0.11824817518248175 0.11812499999999998 0.239029
0 0.488828125 0.072992700729927 0.06687499999999996 0.146592
0 0.525625 0.03941605839416058 0.03187499999999999 0.080299
0 0.563203125 0.049635036496350364 0.03687499999999999 0.10084
0 0.59875 0.04671532846715328 0.0625 0.09523800000000002
0 0.6875 0.051094890510948905 0.125625 0.104575
0 0.905078125 0.15766423357664233 0.16125 0.315593
