0 0.10921875 0.7177346090775988 0.180625 0.5609759999999999
0 0.1763671875 0.7361877057101025 0.021875000000000006 0.06379000000000003
0 0.20578125 0.7404139575402636 0.03937499999999999 0.15947499999999992
0 0.29988281250000004 0.675767345534407 0.19749999999999998 0.645403
0 0.345078125 0.22936725183016102 0.13 0.09943700000000001
0 0.36453125 0.032210834553440704 0.16500000000000004 0.065666
0 0.4789453125 0.7767280688140556 0.15125000000000005 0.434334
0 0.5188671874999999 0.027818448023426062 0.085625 0.058161
0 0.5108984375000001 0.22392260761347 0.060624999999999984 0.08255099999999999
0 0.51734375 0.49168076134699856 0.05625000000000002 0.19981199999999996
0 0.606640625 0.6784670878477306 0.1449999999999999 0.639775
0 0.6841015625 0.027818448023426062 0.15875000000000006 0.058161
0 0.6646875 0.2255441537335285 0.109375 0.11913699999999999
0 0.6581640625 0.45946992679355786 0.08187499999999992 0.13696099999999997
0 0.7612890625 0.7345322898975111 0.17562500000000003 0.5093810000000001
0 0.8521875 0.4713845344070279 0.10999999999999999 0.219513
0 0.8660546875 0.02635431918008785 0.10124999999999995 0.05534699999999999
0 0.8616015625 0.21195512298682287 0.06500000000000006 0.096623
0 0.8444140625 0.7347677364568083 0.01937500000000003 0.08630399999999981
0 0.9239453125 0.7213733513909225 0.150625 0.5544089999999999
