0 0.185802375 0.3059064375 0.07516300000000001 0.15522900000000003
0 0.08984375 0.499221375 0.181373 0.232026
0 0.1200283125 0.35168975 0.12091500000000001 0.30555599999999994
0 0.2245265625 0.46203525 0.160131 0.196079
0 0.28804756249999997 0.43369575 0.09640499999999999 0.14869300000000002
0 0.3458758125 0.4147835625 0.10457500000000003 0.12745100000000004
0 0.4693821875 0.4372445 0.11601299999999998 0.17320300000000005
0 0.532845625 0.384433375 0.08333299999999999 0.10620999999999997
0 0.61152 0.4395743125 0.12581700000000007 0.151961
0 0.749017375 0.4483825625 0.1683 0.15849699999999994
0 0.702499875 0.389054625 0.06045699999999998 0.08333400000000002
0 0.835491125 0.3706281875 0.06699299999999997 0.14705800000000002
0 0.847209875 0.442899875 0.091503 0.12254899999999996
0 0.93078525 0.48072425 0.13398699999999997 0.165032
