0 0.4960546875 0.5763545 0.06875000000000003 0.23666600000000004
0 0.01953125 0.5965625 0.040625 0.07916699999999999
0 0.0511328125 0.63296875 0.07375 0.088333
0 0.11640625 0.6773961666666666 0.13437500000000002 0.16333300000000017
0 0.2827734375 0.8171874999999998 0.27999999999999997 0.3616670000000001
0 0.2073828125 0.6045315833333333 0.04249999999999998 0.08333299999999995
0 0.35921875 0.6896871666666667 0.11750000000000005 0.19333399999999998
0 0.613671875 0.6456774166666667 0.05937500000000007 0.13916600000000004
0 0.6527734375 0.6996878333333334 0.09249999999999992 0.15333299999999994
0 0.623046875 0.4427600833333334 0.028124999999999956 0.03416699999999998
0 0.7091015625 0.8040104166666667 0.19125000000000003 0.38916700000000004
0 0.7456640625 0.5774479166666667 0.05062500000000003 0.06166699999999999
0 0.7873828125 0.6106253333333332 0.04249999999999998 0.0741660000000001
0 0.8636328125 0.55317675 0.04249999999999998 0.05666700000000002
0 0.8919140625 0.5970315833333334 0.05062499999999992 0.08250000000000002
0 0.93515625 0.6279163333333334 0.10187499999999994 0.10666699999999991
