0 0.6638671875 0.7127604166666667 0.2406250000000001 0.514583
0 0.0634765625 0.5184895833333334 0.128125 0.4249999999999998
0 0.1125 0.6856774166666666 0.15625 0.38958299999999996
0 0.0994135625 0.5182288333333332 0.12812500000000002 0.18333400000000002
0 0.175 0.7416663333333333 0.15625 0.4791669999999999
0 0.2154296875 0.9135413333333333 0.037500000000000006 0.1354169999999999
0 0.2318354375 0.24557325 0.02968800000000002 0.07291599999999998
0 0.24765675 0.9130208333333334 0.056249999999999994 0.15208299999999988
0 0.27578125 0.3789059166666666 0.103125 0.15624999999999997
0 0.331640625 0.516667 0.17656200000000002 0.3145830000000001
0 0.431640625 0.078125 0.082812 0.15625
0 0.5466791875 0.5718746666666666 0.240626 0.3645840000000001
0 0.495313 0.16718750000000002 0.0625 0.11041699999999999
0 0.5455078125 0.16744825 0.07343699999999997 0.10416599999999998
0 0.7830073125 0.5341145833333333 0.182813 0.708333
