0 0.0932685625 0.9026683748169839 0.15916599999999997 0.19124999999999995
0 0.0578251875 0.7348792093704246 0.085 0.2562499999999999
0 0.09880175 0.686059663250366 0.086667 0.21999999999999997
0 0.1683984375 0.7868521229868229 0.093333 0.09625000000000006
0 0.28940137499999996 0.8205270863836018 0.10666600000000001 0.1625
0 0.317917 0.5753879941434846 0.06333299999999997 0.09124999999999994
0 0.418463875 0.5776738653001464 0.059165999999999996 0.09000000000000004
0 0.426171875 0.7343521229868228 0.029167 0.09624999999999997
0 0.5052998125 0.5837097364568081 0.07250000000000001 0.08625
0 0.5066279375 0.7468173499267936 0.046665999999999985 0.07749999999999993
0 0.5799873125 0.725422767203514 0.056665999999999994 0.10875000000000001
0 0.5771748125 0.5832814787701317 0.04166599999999998 0.08000000000000006
0 0.6473828125 0.9198846998535871 0.1366670000000001 0.15500000000000003
0 0.685963875 0.5507064421669107 0.06000000000000005 0.14750000000000002
0 0.7443876875 0.5579575402635432 0.03750000000000009 0.12875000000000003
0 0.8741279375 0.8993466325036603 0.170833 0.19750000000000006
0 0.8716015625 0.588674963396779 0.03500000000000003 0.06874999999999994
0 0.946042 0.7823846998535873 0.09416599999999997 0.15374999999999994
0 0.9202216875 0.5866032210834554 0.03749999999999998 0.07374999999999997
