0 0.22994825 0.66501725 0.164583 0.634722
0 0.013671875 0.4568574166666666 0.029167 0.04444500000000007
0 0.0981123125 0.4385416666666666 0.027082999999999996 0.054167000000000076
0 0.1211591875 0.4446181666666667 0.022916000000000006 0.03888899999999995
0 0.20078125 0.4477428333333333 0.009374999999999994 0.02777800000000008
0 0.352995125 0.6697913333333334 0.129166 0.573611
0 0.472526375 0.6290794166666667 0.2 0.5458339999999999
0 0.5220703125 0.6762155 0.151042 0.5472219999999999
0 0.647786125 0.6503473333333334 0.16145900000000002 0.573611
0 0.674088875 0.44835091666666665 0.059374999999999956 0.09305500000000004
0 0.778125 0.6647568333333332 0.1572920000000001 0.5583330000000001
