0 0.5887109375 0.6385416666666667 0.14 0.5541670000000001
0 0.0419921875 0.4597913333333334 0.084375 0.199167
0 0.0923046875 0.47234375 0.03875000000000001 0.18083299999999994
0 0.1383203125 0.48999966666666667 0.02562500000000001 0.0858339999999999
0 0.1673046875 0.41369825 0.07 0.289166
0 0.3460546875 0.6316149166666667 0.19374999999999998 0.43749999999999994
0 0.2980859375 0.42088575 0.07624999999999998 0.15000000000000005
0 0.3244140625 0.40229166666666666 0.04999999999999999 0.11500000000000006
0 0.5826171875 0.4384375 0.27249999999999996 0.2975000000000001
0 0.7680859375 0.4640625 0.04625000000000001 0.20333300000000007
0 0.7913671875 0.48359375 0.08499999999999996 0.24416700000000002
0 0.8143359375 0.365833 0.04625000000000001 0.125834
0 0.8742578125 0.4380208333333333 0.04249999999999998 0.15166700000000008
0 0.904375 0.38239550000000005 0.06374999999999997 0.07916699999999999
0 0.9055078125 0.4636458333333333 0.04125000000000001 0.18250000000000002
0 0.95609375 0.48432258333333333 0.08625000000000005 0.23749999999999996
