0 0.86140625 0.7860537352445194 0.04062499999999991 0.1879040000000001
0 0.3210546875 0.7901073726812816 0.03875000000000001 0.17278600000000005
0 0.3601171875 0.7910536913996628 0.05375000000000002 0.16846699999999992
0 0.4274609375 0.7801966256323778 0.04624999999999996 0.134989
0 0.45828125 0.7799302630691399 0.04062500000000002 0.124191
0 0.48859375 0.7558488347386172 0.02437499999999998 0.0777529999999999
0 0.5210546875 0.7748131753794267 0.03750000000000009 0.08423299999999993
0 0.561328125 0.7327717908937604 0.03562500000000002 0.05939500000000006
0 0.5834765625 0.839384328836425 0.06562499999999993 0.1544280000000001
0 0.6402734375 0.8415443288364249 0.06187500000000001 0.15226800000000015
0 0.7234375 0.8376399224283305 0.04875000000000007 0.11986999999999985
0 0.7477734375 0.7908463946037099 0.030625000000000013 0.183585
0 0.7907421875 0.8166151635750422 0.08562499999999995 0.23218099999999992
0 0.82546875 0.7478742411467116 0.024375000000000036 0.11339099999999998
0 0.83875 0.7884210320404721 0.03312499999999996 0.16954600000000017
0 0.8980859375 0.8085825042158515 0.04562500000000003 0.23326100000000013
0 0.9425 0.8141888010118044 0.06437499999999996 0.21922300000000008
