0 0.3521875 0.6011058360049323 0.07937500000000003 0.2636139999999999
0 0.0496484375 0.6191718249075215 0.0925 0.1010260000000001
0 0.0970703125 0.47547187422934645 0.08812499999999998 0.15627500000000003
0 0.111640625 0.8204227447595561 0.083125 0.257301
0 0.1090234375 0.45573760419235515 0.062499999999999986 0.195738
0 0.154140625 0.5097139580764488 0.01999999999999999 0.05367000000000005
0 0.2102734375 0.8935866917385943 0.09250000000000003 0.14601400000000006
0 0.211328125 0.5178989617755857 0.06812499999999999 0.10812900000000004
0 0.2629296875 0.11097410604192355 0.13187499999999996 0.222573
0 0.28828125 0.9139137792848335 0.07187500000000002 0.09628999999999997
0 0.3482421875 0.31496214056720095 0.02312499999999995 0.06393
0 0.363671875 0.3136310036991368 0.02812500000000001 0.05603700000000001
0 0.4053125 0.9152449161528977 0.07874999999999999 0.10497199999999987
0 0.4100390625 0.31555495807644884 0.018125000000000002 0.052879999999999976
0 0.421015625 0.32142491245376076 0.02124999999999999 0.049724000000000074
0 0.466171875 0.9006445511713933 0.06 0.08445200000000005
0 0.4547265625 0.46590832305795316 0.03437499999999999 0.07261200000000007
0 0.467265625 0.3143219124537608 0.019999999999999962 0.05130200000000003
0 0.479375 0.4750366387176326 0.03187499999999999 0.034727999999999974
0 0.50828125 0.46684609494451296 0.03937499999999994 0.05998499999999998
0 0.539921875 0.9040494143033292 0.059374999999999956 0.07734800000000004
0 0.5917578125 0.32807832675709003 0.10375000000000001 0.127861
0 0.611796875 0.9009905055487053 0.05999999999999994 0.08287300000000003
0 0.6858203125 0.9053805511713934 0.05687500000000001 0.08445099999999992
0 0.7575 0.6408696498150431 0.09500000000000008 0.19968399999999997
0 0.7714453125 0.49846450554870536 0.057499999999999996 0.08287299999999996
0 0.846875 0.8886038286066584 0.0625 0.15311700000000006
0 0.8620703125 0.48734947472256473 0.08812500000000001 0.29755400000000004
0 0.8640234375 0.8671891972872996 0.09250000000000003 0.22888699999999995
0 0.913203125 0.811154467324291 0.03562500000000002 0.18784500000000004
0 0.9344140625 0.7714975548705303 0.018749999999999933 0.14048899999999992
