0 0.0146484375 0.3923865036603222 0.029297 0.19472899999999996
0 0.0146479375 0.36456796339677894 0.014648999999999999 0.07027800000000001
0 0.094726625 0.5666181171303075 0.146484 0.18594399999999991
0 0.0341801875 0.3821376691068814 0.02246 0.130307
0 0.0615229375 0.37335295168374816 0.044922000000000004 0.248902
0 0.185546875 0.5446561844802342 0.12109400000000001 0.14202
0 0.28613325 0.5314790556368961 0.10253899999999999 0.13909199999999994
0 0.3818356875 0.512445055636896 0.10058599999999995 0.13909199999999994
0 0.5781245625 0.5475841976573939 0.09570400000000001 0.43777499999999997
0 0.754883 0.837481915080527 0.251953 0.3191800000000001
0 0.827148875 0.7818449399707174 0.216796 0.431918
0 0.9472656875 0.752562486090776 0.10156200000000004 0.46559300000000003
0 0.9277348125 0.390922803806735 0.011718000000000006 0.043922999999999976
0 0.9482420625 0.39092206149341147 0.018554999999999988 0.048316999999999985
0 0.9667969375 0.37920967496339675 0.013672000000000017 0.04099500000000004
