0 0.1017578125 0.517926197080292 0.07375 0.21662
0 0.19140625 0.44472640875912406 0.384375 0.15312800000000007
0 0.4966015625 0.4420441167883211 0.03375000000000006 0.15873000000000004
0 0.5207421875 0.4099126642335766 0.022499999999999964 0.04948600000000004
0 0.6040234375 0.4461862627737226 0.02937500000000004 0.15686299999999995
0 0.633671875 0.45922190510948907 0.059374999999999956 0.224089
0 0.6698828125 0.4619041970802919 0.04249999999999998 0.21848700000000001
0 0.8055078125 0.4660463430656934 0.04125000000000001 0.21475300000000005
0 0.8716796875 0.4654017810218978 0.06937499999999996 0.20448200000000008
0 0.9255859375 0.3993012043795621 0.04500000000000004 0.07843099999999996
0 0.974296875 0.43467816058394165 0.028125000000000067 0.11951400000000002
