0 0.0146484375 0.7217921537335286 0.030625 0.11913699999999998
0 0.017578125 0.13796038067349928 0.035625 0.102252
0 0.01953125 0.43049546705710107 0.039375 0.261726
0 0.0224609375 0.08201715373352855 0.045625 0.11726100000000002
0 0.03125 0.6919757306002928 0.0625 0.17823599999999998
0 0.06742187499999999 0.10894947877013177 0.060000000000000005 0.080676
0 0.0740625 0.07968512298682284 0.04875 0.095685
0 0.12875 0.6436620512445095 0.158125 0.708255
0 0.0872265625 0.20490615373352852 0.06625 0.117261
0 0.1375 0.0817896383601757 0.06250000000000001 0.10788
0 0.1460546875 0.1325157364568082 0.037500000000000006 0.08724200000000003
0 0.17796875 0.5159575036603221 0.05562499999999998 0.19605999999999998
0 0.19859375 0.22888528257686674 0.056249999999999994 0.12195099999999996
0 0.2235546875 0.5381287306002929 0.10125000000000003 0.17636100000000002
0 0.196328125 0.8148465095168375 0.036250000000000004 0.10412799999999997
0 0.2319140625 0.38570269985358707 0.081875 0.153847
0 0.2198828125 0.3043441537335285 0.04125000000000001 0.11726000000000002
0 0.235546875 0.839535122986823 0.06 0.09380899999999985
0 0.2358984375 0.2460247364568082 0.030625000000000013 0.08536599999999997
0 0.258359375 0.07780912298682284 0.043125000000000024 0.095685
0 0.3061328125 0.828619896046852 0.073125 0.11350900000000004
0 0.3392578125 0.4079190863836018 0.073125 0.16322699999999998
0 0.346640625 0.12523925183016105 0.05125000000000002 0.098499
0 0.3703515625 0.6399524245973646 0.09749999999999998 0.42119999999999996
0 0.3625 0.27679738067349924 0.06312499999999999 0.10225100000000005
0 0.4052734375 0.38152060761347 0.06187500000000001 0.08442799999999999
0 0.444765625 0.7606408726207907 0.11500000000000005 0.4756099999999999
0 0.4200390625 0.13919699414348463 0.04999999999999999 0.090994
0 0.45625 0.20179454026354318 0.06312499999999999 0.126641
0 0.5246875 0.622060112737921 0.14125 0.753283
0 0.482109375 0.13924015373352855 0.04375000000000001 0.11726100000000002
0 0.5328515625 0.0943705710102489 0.06562500000000004 0.151032
0 0.5234765625 0.1890292518301611 0.03500000000000003 0.09756099999999998
0 0.606875 0.5008273147877014 0.125625 0.621013
0 0.623515625 0.6344099575402635 0.05249999999999999 0.1604129999999999
0 0.627265625 0.14869125183016108 0.05124999999999991 0.099437
0 0.651640625 0.08423592679355783 0.05125000000000002 0.13696
0 0.688984375 0.6259227979502197 0.07562500000000005 0.13414700000000004
0 0.68046875 0.7926483440702782 0.05625000000000002 0.16979400000000003
0 0.70609375 0.16392876720351393 0.05500000000000005 0.10975600000000002
0 0.7200390625 0.8048001844802343 0.08062499999999995 0.14071299999999987
0 0.7291015625 0.34783792679355785 0.06499999999999995 0.13696
0 0.75078125 0.2431406383601757 0.07187500000000002 0.106003
0 0.77171875 0.5079523133235725 0.05625000000000002 0.1444650000000001
0 0.7896484375 0.3508362825768667 0.06187500000000001 0.12101300000000001
0 0.809296875 0.1381888960468521 0.05999999999999994 0.11350800000000003
0 0.8359375 0.5006316691068814 0.07937499999999997 0.12945600000000002
0 0.827265625 0.8148465095168375 0.05249999999999999 0.10412799999999997
0 0.8409375 0.6310698286969254 0.07937499999999997 0.15572199999999986
0 0.836171875 0.700943859443631 0.05874999999999997 0.17917500000000003
0 0.8878515625 0.5777831844802342 0.06625000000000003 0.142589
0 0.8825390625 0.26970425183016106 0.04999999999999993 0.09943800000000001
0 0.9154296875 0.6037074114202049 0.06937500000000008 0.124765
0 0.9360546875 0.7383536017569546 0.09999999999999998 0.17542199999999997
0 0.945625 0.11569211713030748 0.06437499999999996 0.185741
