0 0.6872265625 0.648117 0.12749999999999995 0.30131800000000003
0 0.1663671875 0.8540986470588237 0.20999999999999996 0.2890769999999999
0 0.244453125 0.7883018235294117 0.130625 0.29661000000000004
0 0.2254296875 0.262053 0.06937499999999999 0.30131800000000003
0 0.29792968750000004 0.7052064705882354 0.131875 0.2834279999999999
0 0.277265625 0.3368861764705882 0.05124999999999996 0.15819200000000005
0 0.2841015625 0.21793535294117644 0.06624999999999998 0.211864
0 0.34 0.6130446470588236 0.15749999999999997 0.29001799999999994
0 0.4341015625 0.5238451764705883 0.09625 0.206215
0 0.4726171875 0.25929188235294115 0.05375000000000002 0.279661
0 0.5023046875 0.9075604705882353 0.09999999999999998 0.18267399999999992
0 0.5481640624999999 0.804002 0.11249999999999999 0.35122400000000004
0 0.52234375 0.26935264705882356 0.05500000000000005 0.29001899999999997
0 0.7883203125 0.28047258823529414 0.05687500000000001 0.30320099999999994
