0 0.02 0.5624832884333822 0.031875 0.030956999999999874
0 0.049375 0.5599679019033674 0.033125 0.021576000000000057
0 0.054375 0.5808775768667642 0.031874999999999994 0.06003699999999999
0 0.0662109375 0.6139380922401171 0.04625 0.07129499999999998
0 0.0969921875 0.6448950922401171 0.053750000000000006 0.07317099999999993
0 0.098828125 0.6132987057101025 0.03687499999999999 0.06378900000000005
0 0.0976953125 0.5645878038067349 0.026874999999999996 0.04221400000000014
0 0.1617578125 0.33800089604685213 0.07312500000000002 0.11256999999999996
0 0.1394921875 0.5892764172767204 0.022499999999999992 0.03470899999999994
0 0.1719921875 0.684199055636896 0.084375 0.1388360000000001
0 0.156640625 0.6200490614934114 0.05124999999999999 0.04971800000000003
0 0.197265625 0.5656400614934114 0.020625000000000004 0.04784200000000008
0 0.198515625 0.5373838038067349 0.020625000000000004 0.043151000000000064
0 0.2146484375 0.5679279326500731 0.029374999999999984 0.04596600000000004
0 0.24375 0.5828236749633968 0.03125000000000003 0.040337999999999936
0 0.2833203125 0.5735569326500731 0.026874999999999982 0.04502800000000007
0 0.334296875 0.580534803806735 0.02812500000000001 0.042213999999999974
0 0.3436328125 0.41817670571010246 0.04125000000000001 0.06378899999999997
0 0.4057421875 0.6145343191800878 0.053749999999999964 0.054408999999999964
0 0.423359375 0.7163916691068815 0.075625 0.1303939999999999
0 0.4327734375 0.5603969941434848 0.029374999999999984 0.09287099999999987
0 0.44875 0.5817013191800878 0.03125 0.054408999999999964
0 0.4667578125 0.6151747057101025 0.04125000000000001 0.06191300000000011
0 0.4875 0.5857519326500732 0.03187500000000004 0.04408999999999993
0 0.50046875 0.6536798653001464 0.05625000000000002 0.09005599999999997
0 0.4881640625 0.5374539019033675 0.01937500000000003 0.022513999999999867
0 0.5110546874999999 0.5988849326500733 0.03812500000000002 0.04596600000000004
0 0.5841796875 0.7509345344070278 0.09999999999999998 0.2185740000000001
0 0.6004296875 0.5863913191800878 0.03749999999999998 0.053471000000000074
0 0.6144921875 0.5512262884333822 0.021874999999999978 0.03095700000000004
0 0.6178125 0.5211381903367497 0.016874999999999973 0.05159400000000007
0 0.64421875 0.6222668345534408 0.05500000000000005 0.06566599999999999
0 0.6381640625 0.5213215461200585 0.018124999999999947 0.036586000000000035
0 0.6568359375 0.4248569633967789 0.04625000000000001 0.06754200000000002
0 0.65921875 0.542258159590044 0.024375000000000036 0.029080000000000033
0 0.68484375 0.65450360761347 0.05500000000000005 0.08442799999999995
0 0.6845703125 0.544134159590044 0.026874999999999982 0.027204
0 0.7228515625 0.5812894480234262 0.06562499999999993 0.05628499999999992
0 0.7078125 0.5541545461200585 0.016250000000000098 0.036586000000000035
0 0.731640625 0.5560315461200586 0.019999999999999907 0.03658499999999998
0 0.769140625 0.31560115373352854 0.083125 0.11726000000000002
0 0.7554296875 0.6373469326500733 0.03875000000000006 0.04596600000000004
0 0.7626953125 0.5545674172767203 0.02562500000000001 0.034709000000000025
0 0.778671875 0.5628961595900438 0.028124999999999956 0.027204000000000082
0 0.8209375 0.6712052518301611 0.04874999999999996 0.09849899999999998
0 0.8094921875 0.5672885461200585 0.02187500000000009 0.036585000000000145
0 0.851640625 0.5445460307467057 0.020625000000000004 0.025328000000000045
0 0.87359375 0.6566081229868228 0.05500000000000005 0.09380900000000002
0 0.8600390625 0.5761424172767203 0.018750000000000044 0.033772000000000024
0 0.882578125 0.5926165461200585 0.036250000000000004 0.03658499999999998
0 0.8778125 0.5574956749633968 0.015625 0.038461000000000016
0 0.8938671875 0.5639474172767205 0.02312499999999995 0.032832999999999994
0 0.9312109375 0.5957723191800878 0.04500000000000004 0.053471000000000074
0 0.9522265625 0.7063271229868229 0.06562499999999993 0.09474600000000011
0 0.940703125 0.6505240922401171 0.03687499999999999 0.07317000000000004
0 0.935390625 0.5355769019033676 0.02124999999999999 0.022514000000000034
