0 0.345546875 0.3645305073313783 0.058750000000000024 0.14446499999999995
0 0.1491015625 0.4634308211143695 0.03375 0.09568499999999996
0 0.1901953125 0.5049439237536657 0.08875 0.10694100000000001
0 0.1703515625 0.4362184105571848 0.035 0.04877999999999994
0 0.182421875 0.46858661583577715 0.027499999999999997 0.07317100000000001
0 0.2184375 0.3212515454545455 0.04874999999999999 0.09380899999999998
0 0.212421875 0.43076303225806456 0.027499999999999997 0.03377099999999997
0 0.264921875 0.5965921612903226 0.09 0.1613509999999999
0 0.3665625 0.8321398739002931 0.26625 0.330207
0 0.2797265625 0.4914001994134897 0.065 0.10881799999999996
0 0.2896484375 0.4414366862170088 0.02999999999999997 0.052532999999999955
0 0.3294921875 0.44536230791788856 0.02250000000000002 0.03752399999999998
0 0.3895703125 0.44900516715542527 0.057499999999999996 0.07879899999999995
0 0.420625 0.49521568035190616 0.09499999999999997 0.135085
0 0.4578125 0.5952995073313784 0.08000000000000002 0.14634199999999994
0 0.4685546875 0.43106261583577715 0.03749999999999998 0.07129499999999996
0 0.4930078125 0.4499982375366569 0.041250000000000064 0.056285
0 0.5499609375000001 0.5834591612903226 0.10749999999999998 0.16322699999999998
0 0.558671875 0.518913193548387 0.08999999999999997 0.19512199999999996
0 0.6453515625 0.6525010791788857 0.15874999999999995 0.3545959999999999
0 0.6655078125 0.46207468621700876 0.04125000000000001 0.05065699999999998
0 0.70359375 0.468349513196481 0.05499999999999994 0.06003799999999993
0 0.7134375 0.4408533401759531 0.0475000000000001 0.06754299999999991
0 0.77890625 0.6453433225806452 0.13374999999999992 0.3245769999999999
0 0.7848046875 0.4592056158357771 0.03749999999999998 0.07317100000000001
0 0.8573828125 0.5001978533724339 0.07374999999999998 0.12758000000000003
0 0.923203125 0.5321563343108504 0.0675 0.153846
0 0.945234375 0.6295931759530792 0.10625000000000007 0.450282
