0 0.06663029969418961 0.8496875 0.078354 0.14187499999999997
0 0.11278340366972477 0.11765625 0.083251 0.07187500000000001
0 0.18991819571865445 0.09109375 0.07247799999999999 0.056249999999999994
0 0.26536349541284404 0.3585546875 0.14789400000000003 0.16374999999999995
0 0.3034202232415902 0.3675390625 0.19196900000000003 0.174375
0 0.38171171865443426 0.3741796875 0.336925 0.22562499999999996
0 0.25212277981651376 0.0823828125 0.04603300000000004 0.041249999999999995
0 0.36791481957186545 0.046953125 0.109696 0.066875
0 0.5284005474006116 0.060625 0.14985300000000004 0.094375
0 0.6709050948012232 0.445390625 0.3006850000000001 0.17624999999999996
0 0.7388655749235473 0.8192578125 0.2703240000000001 0.104375
0 0.6692901437308869 0.0535546875 0.06953999999999996 0.06999999999999999
0 0.8007814831804282 0.37 0.20764 0.15812500000000002
0 0.8202220795107034 0.0998046875 0.12340800000000013 0.100625
0 0.8567002874617736 0.7912109375 0.13614100000000012 0.1399999999999999
0 0.9296990397553516 0.797578125 0.06170500000000011 0.09937499999999999
0 0.9655787278287461 0.084296875 0.045054000000000045 0.09062500000000001
