0 0.64522975 0.8737103099415204 0.05628499999999992 0.17415699999999998
0 0.0271895 0.8465573099415205 0.048781000000000005 0.17415699999999998
0 0.3223404375 0.8097277543859649 0.029393999999999976 0.06179799999999993
0 0.473988 0.40024019883040934 0.18824199999999996 0.451311
0 0.4160723125 0.796487590643275 0.025641000000000025 0.10486899999999998
0 0.47951075 0.7916417192982456 0.024390999999999996 0.07116100000000002
0 0.5020688125 0.792052730994152 0.011256999999999961 0.06928800000000007
0 0.547601625 0.7878967192982456 0.020638000000000045 0.07303400000000011
0 0.5811753125 0.7958476257309942 0.026892000000000027 0.09363300000000005
0 0.59802725 0.7847427894736841 0.009380999999999973 0.05524300000000013
