0 0.1337890625 0.4686804117647059 0.268125 0.29943499999999995
0 0.2983984375 0.4173587647058824 0.029374999999999984 0.06026399999999997
0 0.3715625 0.516808 0.11124999999999996 0.351224
0 0.3489453125 0.37139982352941175 0.02562500000000001 0.046138999999999986
0 0.4941015625 0.37979935294117645 0.06624999999999998 0.11205300000000001
0 0.634765625 0.5476787647058824 0.114375 0.461394
0 0.697109375 0.4138668235294118 0.07437499999999997 0.14500899999999997
0 0.7691015625 0.4170403529411765 0.06562500000000004 0.163842
0 0.856875 0.4334084705882353 0.09375 0.132768
0 0.9293359375 0.5662039411764707 0.13937500000000003 0.5150659999999999
