0 0.1754588125 0.6512523550295859 0.16624299999999997 0.2502149999999999
0 0.16939325 0.30128326232741615 0.16539500000000001 0.217652
0 0.17720575 0.28682783431952663 0.180662 0.28448999999999997
0 0.353144625 0.360781976331361 0.08227299999999999 0.18423299999999998
0 0.356537625 0.6565895226824457 0.08396899999999996 0.19965699999999995
0 0.4114115 0.653419909270217 0.079729 0.20479899999999993
0 0.4666166875 0.6548755226824459 0.13146799999999997 0.19965699999999995
0 0.516842625 0.3593263629191321 0.08396899999999996 0.18766100000000005
0 0.5829917499999999 0.6670034714003945 0.21204400000000007 0.09682999999999997
0 0.5968045 0.5986141518737672 0.04749800000000004 0.07369300000000009
0 0.7006128125 0.3762719506903353 0.10517399999999999 0.13281900000000002
0 0.7724274375 0.5799072110453648 0.061917 0.11482400000000005
0 0.86940425 0.602024530571992 0.04071199999999997 0.13967400000000005
