0 0.796953125 0.37958401317715956 0.06812499999999999 0.29643600000000003
0 0.1275 0.5296079150805271 0.09437499999999999 0.31895000000000007
0 0.193359375 0.5797387862371889 0.075625 0.31519699999999995
0 0.2220703125 0.5891639458272329 0.12062500000000001 0.342401
0 0.38328125 0.35517579209370426 0.07187499999999997 0.22514099999999995
0 0.476171875 0.41417975549048314 0.05874999999999997 0.290806
0 0.55359375 0.33099608638360173 0.05625000000000002 0.161351
0 0.59609375 0.3946900497803807 0.05500000000000005 0.22889299999999996
0 0.6826171875 0.5723133879941434 0.11687499999999995 0.4878050000000001
0 0.7046875 0.31925711713030747 0.04749999999999999 0.18667900000000004
0 0.7498828125 0.7012173206442167 0.10499999999999998 0.532833
0 0.8246875 0.7569849092240117 0.14125 0.40806699999999996
0 0.85078125 0.38111824011713036 0.07062499999999994 0.2795500000000001
0 0.9525 0.40022201317715955 0.0625 0.2973739999999999
