0 0.510234375 0.3695309166666667 0.10562499999999997 0.24833400000000003
0 0.0212890625 0.34937466666666667 0.018125 0.05333400000000003
0 0.097578125 0.3732288333333333 0.098125 0.12083400000000007
0 0.2393359375 0.35593716666666664 0.139375 0.13250000000000003
0 0.3326953125 0.33552050000000005 0.02562500000000001 0.10999999999999999
0 0.3481640625 0.33906283333333337 0.05062500000000003 0.11999999999999995
0 0.3475 0.3325524166666667 0.033125000000000016 0.10833300000000001
0 0.4355078125 0.3519270833333334 0.04125000000000001 0.15999999999999992
0 0.4639453125 0.3454166666666667 0.05687500000000001 0.14749999999999996
0 0.4895703125 0.2853128333333333 0.025624999999999953 0.058333000000000045
0 0.517421875 0.29463575 0.02749999999999997 0.08750000000000002
0 0.52234375 0.2994791666666667 0.024375000000000036 0.09999999999999994
0 0.5487890625 0.35604199999999997 0.05062499999999992 0.22
0 0.6465234375 0.30723925 0.06062500000000004 0.13499999999999993
0 0.655546875 0.30432258333333334 0.028750000000000053 0.11333400000000005
0 0.7440625 0.32265625 0.016875000000000084 0.07250000000000005
0 0.753125 0.30947949999999996 0.03125 0.141666
0 0.7566015625 0.29015658333333333 0.03375000000000006 0.11416600000000003
0 0.7842578125 0.34411491666666666 0.04125000000000001 0.18583300000000003
0 0.79875 0.33130175 0.03187499999999999 0.213334
0 0.9215234375 0.272083 0.030000000000000027 0.0625
0 0.9403125 0.2635934166666667 0.015625 0.075834
