0 0.5752734374999999 0.5842184166666667 0.15437499999999998 0.483334
0 0.10734375 0.4745315833333334 0.05500000000000001 0.08083299999999993
0 0.1744921875 0.4991663333333333 0.023125000000000007 0.041667000000000044
0 0.294765625 0.51796875 0.020625000000000004 0.08666700000000012
0 0.48296875 0.509792 0.02437499999999998 0.03249999999999997
0 0.5015234375 0.5010416666666666 0.030624999999999958 0.05333300000000015
0 0.6234375 0.521458 0.015625 0.031666999999999966
0 0.7118359375 0.51463575 0.04625000000000001 0.08833300000000006
0 0.7892578125 0.646667 0.19874999999999998 0.251666
0 0.93140625 0.5656249999999999 0.13437500000000002 0.1566670000000001
