0 0.310758375 0.6716641666666666 0.076013 0.225225
0 0.0048828125 0.6071223333333333 0.01098 0.13626200000000002
0 0.040646249999999995 0.60019025 0.039695999999999995 0.132883
0 0.13334075 0.59723425 0.025337000000000012 0.04166600000000006
0 0.19372875 0.6582908333333334 0.11908799999999997 0.02702700000000006
0 0.166754375 0.6091985833333333 0.043075 0.05067600000000002
0 0.204656125 0.6953128333333334 0.066723 0.05743200000000007
0 0.2289113125 0.625985 0.027026999999999995 0.033784000000000036
0 0.35019025 0.7473955 0.07094600000000001 0.07882900000000011
0 0.449324 0.7792091666666666 0.06334499999999998 0.10022500000000001
