0 0.013671875 0.6412563499267935 0.02875 0.07692400000000006
0 0.072265625 0.7643833689604685 0.14625 0.2814259999999999
0 0.2210546875 0.8522657554904831 0.35125 0.2917449999999999
0 0.095390625 0.6166128960468521 0.083125 0.11163199999999995
0 0.168203125 0.6473596017569546 0.09875000000000002 0.174484
0 0.26460937500000004 0.7481377554904831 0.13749999999999998 0.29174500000000003
0 0.2473046875 0.6147358960468522 0.10125 0.111633
0 0.3166796875 0.4155201229868229 0.06875000000000003 0.09380900000000006
0 0.340625 0.629973411420205 0.09375 0.12476600000000006
0 0.3594140625 0.7402218843338214 0.111875 0.2954970000000001
0 0.4581640625 0.6538113440702781 0.08187499999999998 0.16885600000000006
0 0.5369921875 0.7146653689604685 0.11687499999999995 0.2823640000000001
0 0.65453125 0.7485937862371889 0.13375000000000004 0.31519700000000006
0 0.653515625 0.6105720248901904 0.0824999999999999 0.1153849999999999
0 0.7041015625 0.6326741537335285 0.06499999999999995 0.11913700000000006
0 0.7244140625 0.7355837613469985 0.08187500000000003 0.19981200000000005
0 0.81375 0.6799640863836018 0.12687500000000007 0.1632269999999999
0 0.89484375 0.7445960497803806 0.18062499999999992 0.23076900000000009
0 0.9322265625 0.6345683748169838 0.09750000000000003 0.19043100000000007
0 0.9569921875 0.6872587920937042 0.08437499999999998 0.22326500000000002
