0 0.0283203125 0.9119795 0.057813 0.172916
0 0.046093999999999996 0.5580729166666667 0.0625 0.12499999999999993
0 0.09296825 0.5651045 0.009375999999999995 0.14270799999999992
0 0.1384770625 0.9552086666666666 0.05078099999999999 0.08541600000000009
0 0.15703125 0.5255208333333333 0.03906299999999999 0.12083300000000004
0 0.171484125 0.8411461666666668 0.067969 0.16354099999999994
0 0.204688 0.9252604166666666 0.0625 0.13854200000000017
0 0.194922125 0.5007815833333333 0.036718 0.11250000000000004
0 0.22187475 0.8598955 0.05468799999999999 0.234375
0 0.247265875 0.5007812500000001 0.027344000000000007 0.10208299999999992
0 0.2833984375 0.77161425 0.06093799999999999 0.19583400000000006
0 0.3273435 0.50442675 0.015625 0.11874999999999998
0 0.3646486875 0.89296875 0.06874999999999998 0.21145800000000006
0 0.358984875 0.46406283333333337 0.028906000000000043 0.09062500000000002
0 0.394141125 0.52473925 0.06796800000000003 0.19583400000000006
0 0.4001948125 0.6921878333333332 0.04140700000000003 0.12083300000000019
0 0.4875005 0.6619795 0.04843699999999995 0.17395799999999997
0 0.5017573125 0.5 0.02578199999999997 0.09583299999999999
0 0.522265875 0.7169274166666666 0.059374999999999956 0.16979100000000003
0 0.5376955625 0.6088545 0.034375000000000044 0.078125
0 0.5802739375 0.6567705 0.04531200000000002 0.17395899999999997
0 0.621875 0.79296875 0.0625 0.24270800000000006
0 0.6281255 0.591667 0.046875 0.15625
0 0.7052734375 0.56380175 0.029686999999999908 0.11770900000000006
0 0.743359875 0.7213538333333332 0.06015599999999999 0.24479200000000004
0 0.7990236875 0.5403645833333334 0.03906200000000004 0.11250000000000004
0 0.79999975 0.6934899166666666 0.025000000000000022 0.12291600000000003
0 0.8474609375 0.7166663333333334 0.04531300000000005 0.16874999999999987
0 0.8552734375 0.6236975833333332 0.029688000000000048 0.11250000000000011
0 0.8888676875 0.5463541666666667 0.03906200000000004 0.10000000000000002
0 0.89765625 0.68307325 0.04062499999999991 0.16666600000000006
0 0.95390575 0.7434899166666668 0.05468799999999996 0.18541600000000003
0 0.9728520625 0.5781253333333334 0.050780999999999965 0.13749999999999987
