0 0.57768775 0.49927784986595175 0.055033999999999916 0.17752999999999994
0 0.154296875 0.24363878552278823 0.309568 0.11063500000000001
0 0.3583984375 0.8614292225201073 0.717949 0.2744419999999999
0 0.1105638125 0.46115389008042895 0.04252700000000001 0.09605499999999995
0 0.1634914375 0.44609812868632714 0.030644000000000005 0.13636299999999996
0 0.565666875 0.5056191876675603 0.746717 0.281304
0 0.3477510625 0.2657141340482574 0.019386999999999988 0.05831900000000001
0 0.6425845 0.25140168632707777 0.015634000000000037 0.05059999999999997
0 0.7917019375 0.2399277908847185 0.014384000000000063 0.03344800000000002
0 0.8024100625 0.2376213431635389 0.019386999999999932 0.025729000000000012
0 0.9208835 0.2628172386058982 0.01688500000000004 0.04202399999999997
0 0.9743930625 0.26683868632707775 0.019386999999999932 0.04974299999999998
