0 0.20515624999999998 0.5820526255506608 0.32125000000000004 0.759173
0 0.3722265625 0.8157955961820851 0.15999999999999998 0.349012
0 0.360546875 0.38517215124816445 0.02812500000000001 0.11947300000000007
0 0.4518359375 0.6690188766519823 0.07687499999999997 0.273754
0 0.4715625 0.39189514831130684 0.016249999999999987 0.07714000000000001
0 0.627890625 0.6709698751835536 0.11375000000000002 0.2539980000000001
0 0.7087109375 0.5249975785609398 0.04499999999999993 0.10254000000000002
0 0.763828125 0.6243695859030837 0.12937500000000002 0.2041390000000001
0 0.7704296875 0.5078348634361234 0.038125000000000075 0.088429
0 0.8222265625 0.5245381483113069 0.03437499999999993 0.07714100000000003
0 0.889375 0.5170580073421439 0.0625 0.10348099999999996
