0 0.0427734375 0.6295309166666666 0.060625 0.12250000000000005
0 0.1135546875 0.6418225833333334 0.07 0.1133339999999999
0 0.17296875 0.6382288333333334 0.05562500000000001 0.12083399999999996
0 0.2669921875 0.8043753333333333 0.17937499999999998 0.3875000000000001
0 0.225390625 0.63921875 0.08249999999999996 0.15000000000000005
0 0.281953125 0.60125 0.03624999999999995 0.06416700000000002
0 0.3640625 0.6658333333333334 0.08000000000000002 0.16833299999999993
0 0.3870703125 0.5660940833333333 0.026874999999999982 0.034165999999999995
0 0.398359375 0.5981253333333334 0.04375000000000001 0.07333299999999994
0 0.4185546875 0.63994825 0.03874999999999995 0.10333300000000005
0 0.4248046875 0.5850520833333334 0.03749999999999998 0.06749999999999996
0 0.4395703125 0.5741149166666667 0.026249999999999996 0.06000000000000005
0 0.4726171875 0.6134895833333333 0.05437500000000001 0.11250000000000011
0 0.510859375 0.7618753333333332 0.07499999999999996 0.135833
0 0.49671875 0.5679684166666666 0.025000000000000022 0.045000000000000075
0 0.5104296875000001 0.6070315833333334 0.03875000000000001 0.08250000000000002
0 0.5240625 0.63411425 0.046875 0.1033340000000001
0 0.5515234375 0.6165100833333333 0.030000000000000027 0.09833400000000007
0 0.5796875 0.74317675 0.07874999999999999 0.30666699999999986
0 0.5577734375 0.5746354166666666 0.030000000000000027 0.046667000000000014
0 0.58203125 0.59432325 0.040000000000000036 0.07250000000000001
0 0.6124609375 0.5930211666666666 0.04500000000000004 0.06916600000000006
0 0.676015625 0.6235413333333334 0.051875000000000004 0.136667
0 0.70890625 0.5971871666666666 0.040000000000000036 0.06833400000000005
0 0.74359375 0.57869825 0.024374999999999925 0.04166599999999998
0 0.76703125 0.6058854166666666 0.039999999999999925 0.10833300000000001
0 0.8605859375 0.5757815833333334 0.04500000000000004 0.14333299999999993
0 0.9249609375 0.6766666666666667 0.10875000000000001 0.33416699999999994
