0 0.25546875 0.5810413333333334 0.024375000000000008 0.13666699999999998
0 0.3083984375 0.5875691111111112 0.030625000000000013 0.13111099999999995
0 0.3468359375 0.5875691111111112 0.014999999999999958 0.13111099999999995
0 0.3901953125 0.5872224444444444 0.02562500000000001 0.138889
0 0.4124609375 0.5418751111111111 0.014374999999999971 0.06777800000000006
0 0.4202734375 0.5975693333333334 0.02999999999999997 0.07444499999999997
0 0.4364453125 0.5317358888888888 0.02562500000000001 0.06111100000000006
0 0.439375 0.6088195555555556 0.03312499999999996 0.08111100000000003
0 0.4519140625 0.5430553333333333 0.01937500000000003 0.043333999999999956
0 0.4809765625 0.6554166666666666 0.06562500000000004 0.27111100000000005
0 0.5134375 0.558471888888889 0.015625 0.09333399999999988
0 0.5269921875 0.5552781111111111 0.023125000000000062 0.09777699999999998
0 0.5720703125 0.578125 0.02562500000000001 0.15888899999999997
0 0.606875 0.5871524444444444 0.03312499999999996 0.10888900000000007
