0 0.0478515625 0.6135413333333334 0.096094 0.5124999999999998
0 0.1640625 0.8830732500000001 0.171875 0.2291659999999999
0 0.293359125 0.6294274166666667 0.192969 0.48229099999999986
0 0.3111328125 0.6502600833333333 0.041406 0.4406249999999999
0 0.3798828125 0.5153645833333332 0.072656 0.14583300000000002
0 0.46249975 0.5343753333333333 0.054688000000000014 0.10520800000000004
0 0.5619138125 0.6442708333333332 0.07343799999999989 0.33854200000000007
0 0.597265125 0.6161455 0.035156999999999994 0.234375
0 0.627344 0.5473961666666667 0.03125 0.06875000000000002
0 0.652734125 0.6395833333333334 0.06796899999999995 0.26041700000000007
0 0.69374975 0.629167 0.05468799999999996 0.2520829999999999
0 0.8275390625 0.6450520833333334 0.050000000000000044 0.2218749999999999
0 0.886328375 0.7471354166666666 0.07500000000000007 0.13854200000000017
0 0.87656225 0.6359375 0.03984399999999999 0.07916700000000006
0 0.91015625 0.6994788333333334 0.03906299999999996 0.15312499999999987
0 0.9482421875 0.7450524166666668 0.05468700000000004 0.1708330000000001
0 0.9873041875 0.7697913333333334 0.022656999999999927 0.16666700000000004
