0 0.4996484375 0.22802506227106228 0.99875 0.12588
0 0.067578125 0.35988103540903543 0.03687499999999999 0.07271299999999999
0 0.1353125 0.39243002808302807 0.048125 0.05629399999999999
0 0.20359375 0.38138802564102564 0.05500000000000002 0.05316600000000008
0 0.262265625 0.42565403785103784 0.05125000000000002 0.07740399999999997
0 0.262578125 0.34282004884004885 0.03687499999999999 0.09773200000000003
0 0.2905078125 0.34287304029304033 0.04249999999999998 0.08209599999999997
0 0.3130859375 0.4045010268620269 0.044999999999999984 0.05394800000000004
0 0.3065625 0.33158404151404147 0.016874999999999973 0.08365899999999998
0 0.66640625 0.4325101916971917 0.665 0.384676
0 0.3849609375 0.45955306471306473 0.07687500000000003 0.13057000000000005
0 0.4699609375 0.45580403907203904 0.044999999999999984 0.07896800000000002
0 0.5851171875 0.4413880402930403 0.053750000000000075 0.08287699999999999
0 0.6334375 0.5000600708180708 0.07937499999999997 0.14229800000000006
0 0.75890625 0.4814450647130647 0.07125000000000004 0.13057100000000002
