0 0.14192708333333334 0.5126948124999999 0.285417 0.510157
0 0.18177116666666668 0.5039065 0.225 0.23515599999999998
0 0.378125 0.15039112500000001 0.09375 0.13046799999999997
0 0.4101559166666666 0.4499995 0.15624999999999997 0.11015699999999995
0 0.5390628333333334 0.444921625 0.18333299999999988 0.17734400000000006
0 0.6096350833333334 0.408984375 0.22187499999999996 0.23046899999999998
0 0.5401041666666666 0.4072268125 0.038542000000000076 0.074218
0 0.7049479166666668 0.504296875 0.21770799999999993 0.21484400000000003
0 0.8476565833333334 0.625390375 0.30104099999999995 0.261719
0 0.8661455 0.5935544375 0.265625 0.7484379999999999
