0 0.0792578125 0.9462503333333334 0.04125000000000001 0.10499999999999998
0 0.1336328125 0.9544274166666668 0.04250000000000001 0.07749999999999997
0 0.2701171875 0.9650520833333333 0.146875 0.0666670000000001
0 0.22125 0.94182325 0.03125 0.07250000000000008
0 0.3656640625 0.9728642500000001 0.050624999999999976 0.04083399999999996
0 0.3775390625 0.9332291666666667 0.019374999999999976 0.03833300000000003
0 0.4034375 0.9464580000000001 0.015625 0.0324999999999999
0 0.4215625 0.98338575 0.046875 0.025833000000000144
0 0.567421875 0.9718746666666668 0.09000000000000008 0.05333399999999999
0 0.6198046875 0.9371354166666667 0.03750000000000009 0.04666699999999994
0 0.665625 0.9392187499999999 0.03249999999999997 0.024167000000000122
0 0.6780859375 0.9748961666666668 0.04500000000000004 0.03749999999999994
0 0.6854296875 0.95703125 0.03749999999999998 0.040000000000000036
0 0.856328125 0.9057809166666666 0.285625 0.18583400000000014
