0 0.0234375 0.6051273806734992 0.0475 0.100375
0 0.052734375 0.7653213689604684 0.106875 0.281426
0 0.2080078125 0.7179449033674963 0.416875 0.5
0 0.07625 0.7189357803806734 0.064375 0.4043150000000001
0 0.1014453125 0.5148428653001464 0.02687500000000001 0.08911799999999999
0 0.13640625 0.6914149458272328 0.071875 0.34146299999999996
0 0.226171875 0.7835754612005855 0.09062499999999998 0.35365800000000003
0 0.315625 0.6670950439238652 0.09562500000000002 0.321763
0 0.2969921875 0.5951943133235725 0.023125000000000007 0.14540399999999998
0 0.3956640625 0.5808947979502197 0.04999999999999999 0.13320899999999988
0 0.4952734375 0.6876100688140556 0.15499999999999997 0.435272
0 0.5607421875 0.6286772035139092 0.053749999999999964 0.34802999999999995
0 0.626640625 0.5985708843338213 0.05125000000000002 0.29549699999999995
0 0.786875 0.7298759458272328 0.15625 0.34146400000000005
