0 0.1240234375 0.43581623743500864 0.249219 0.21359200000000003
0 0.2322265625 0.651509760831889 0.06484400000000001 0.09431300000000004
0 0.3431643125 0.6955440675909879 0.088281 0.10540899999999997
0 0.341796375 0.4642526239168111 0.04375000000000001 0.192788
0 0.3826174375 0.46634119237435007 0.061717999999999995 0.144244
0 0.456640875 0.4555871126516464 0.06015599999999999 0.174757
0 0.4994143125 0.46254084055459266 0.026561999999999975 0.062414000000000004
0 0.5576169375 0.6733546585788561 0.07734400000000008 0.09154
0 0.6093745 0.49753962391681117 0.07968799999999998 0.19140100000000004
0 0.640234625 0.4951382270363951 0.021094000000000057 0.044383000000000006
0 0.858983875 0.526665623916811 0.12265700000000002 0.1927880000000001
0 0.9814455625 0.5127992149046793 0.03437499999999993 0.17891800000000002
