0 0.059453125 0.760596041958042 0.035625 0.08422899999999989
0 0.06515625 0.6568046573426574 0.04000000000000001 0.11738399999999997
0 0.0980078125 0.6480196503496504 0.042499999999999996 0.10215099999999998
0 0.091640625 0.7312444475524476 0.02124999999999999 0.09766999999999999
0 0.111640625 0.8215036643356642 0.020625000000000004 0.12903300000000018
0 0.143671875 0.7488378391608392 0.028749999999999998 0.08064600000000004
0 0.1485546875 0.6495942447552447 0.037500000000000006 0.08960499999999996
0 0.1421875 0.8198876573426574 0.016250000000000014 0.11559099999999999
0 0.2590234375 0.8608458391608391 0.030625000000000013 0.07885299999999988
0 0.265 0.815080048951049 0.03187499999999999 0.09946199999999997
0 0.2665234375 0.6399556503496503 0.030624999999999958 0.10304600000000007
0 0.2796484375 0.7340416503496504 0.029374999999999984 0.10304600000000015
0 0.2971875 0.900751062937063 0.017500000000000016 0.12723999999999994
0 0.305 0.7666262587412587 0.03187499999999999 0.11917600000000003
0 0.3115234375 0.6483472587412588 0.029374999999999984 0.12007100000000004
0 0.4523828125 0.7015555594405595 0.26125 0.319892
0 0.342265625 0.6102764475524476 0.020625000000000004 0.09677400000000004
0 0.350625 0.8650172657342657 0.03249999999999997 0.13261699999999996
0 0.3556640625 0.6032166503496503 0.018125000000000002 0.10304699999999993
0 0.3780859375 0.8913966643356643 0.013749999999999984 0.12992799999999996
0 0.431328125 0.8888178671328671 0.03687499999999999 0.13530399999999995
0 0.4973046875 0.8580666713286714 0.03749999999999998 0.14337
0 0.515859375 0.9157656573426575 0.04312499999999997 0.11738299999999988
0 0.5471484375 0.9043350629370629 0.030625000000000013 0.1272400000000001
0 0.5670703125 0.9001816713286712 0.02562500000000001 0.14336900000000014
0 0.594765625 0.8752008741258742 0.020625000000000004 0.148746
0 0.6035546875 0.6727162517482518 0.03750000000000009 0.10483799999999996
0 0.6170703125 0.6649788601398601 0.026874999999999982 0.12276000000000005
0 0.6401953125 0.7408586643356643 0.02562500000000001 0.12992899999999996
0 0.6595703125 0.8930136713286714 0.02562500000000001 0.145161
0 0.6571875 0.722066041958042 0.01749999999999996 0.08602099999999994
0 0.6769140625 0.7408162517482517 0.01937500000000003 0.10483899999999997
0 0.74984375 0.6971466923076923 0.11812499999999992 0.18727599999999997
0 0.7152734375 0.8812130559440561 0.02937499999999993 0.11379899999999993
0 0.7371484375 0.8532834405594406 0.030625000000000013 0.082437
0 0.7451953125 0.9049702447552448 0.02562500000000001 0.09139800000000012
0 0.7738671875 0.8749834685314685 0.02312499999999995 0.13978500000000002
0 0.8116015625 0.7627814405594405 0.03374999999999995 0.082437
0 0.8451953125 0.8556628671328671 0.026874999999999982 0.13440900000000003
0 0.8783203125 0.869999867132867 0.02562500000000001 0.13620100000000007
0 0.8865625 0.7787354475524475 0.01749999999999996 0.09766999999999991
0 0.9026953125 0.7046466433566434 0.02562500000000001 0.08691799999999991
0 0.911640625 0.8139422657342656 0.020000000000000018 0.13172000000000017
0 0.9421484375 0.7937266643356644 0.030625000000000013 0.129032
