0 0.6228515625 0.6020625427728614 0.09687500000000004 0.2190739999999999
0 0.0341796875 0.5451626578171092 0.07 0.255902
0 0.1735546875 0.720549592920354 0.225625 0.33805500000000005
0 0.1375 0.5013914601769912 0.09500000000000001 0.144476
0 0.237734375 0.49837909144542775 0.07437500000000002 0.156751
0 0.289453125 0.6342598554572272 0.13062500000000002 0.3663839999999999
0 0.417265625 0.7364520206489675 0.20750000000000002 0.5203020000000002
0 0.3952734375 0.481920197640118 0.06125000000000003 0.11237099999999994
0 0.4896875 0.46233308259587025 0.046875000000000056 0.07931999999999997
0 0.4959375 0.5029370825958702 0.048750000000000016 0.077432
0 0.669375 0.7887016017699113 0.250625 0.4164300000000002
0 0.648671875 0.512442598820059 0.028124999999999956 0.057601999999999966
0 0.6837890625 0.5649465014749262 0.04999999999999993 0.18130399999999997
0 0.7235546875 0.593689575221239 0.10125000000000006 0.17847
0 0.794375 0.561241197640118 0.06312499999999999 0.11236999999999996
0 0.925703125 0.5786728879056047 0.06812499999999999 0.32577900000000004
0 0.9473046875 0.6039260029498525 0.10125000000000006 0.36260600000000004
0 0.9605078125 0.7665060117994099 0.0731250000000001 0.4409820000000001
