0 0.00390625 0.7066948345534407 0.008125 0.06472800000000001
0 0.4990234375 0.2986822840409956 0.999375 0.599437
0 0.016367187499999998 0.9431369941434846 0.023125 0.09193200000000008
0 0.0281640625 0.7056425768667642 0.019375 0.06097600000000002
0 0.0440625 0.7018905768667643 0.016875 0.05909900000000001
0 0.07222656250000001 0.6874508653001464 0.034374999999999996 0.09005700000000003
0 0.0878125 0.6157008345534407 0.0475 0.06566599999999999
0 0.079140625 0.9098479633967789 0.02062499999999999 0.06941800000000005
0 0.0982421875 0.9384459941434846 0.023125000000000007 0.09287100000000012
0 0.1050390625 0.9129595768667644 0.019375000000000003 0.06003799999999979
0 0.1460546875 0.6721432518301611 0.06937499999999999 0.09849899999999998
0 0.125390625 0.89559260761347 0.020625000000000004 0.08348899999999992
0 0.251640625 0.8202133382137627 0.239375 0.25797300000000006
0 0.1444921875 0.9206920922401172 0.02312499999999998 0.07317099999999993
0 0.1461328125 0.5977625768667643 0.01125000000000001 0.06003800000000004
0 0.1983984375 0.590897963396779 0.06125 0.06848099999999997
0 0.1846875 0.6358127057101025 0.016875 0.06191299999999994
0 0.2007421875 0.9750579326500732 0.021875000000000006 0.04596599999999996
0 0.256328125 0.5902585768667643 0.03562499999999999 0.06097500000000005
0 0.2593359375 0.6759663499267936 0.014374999999999971 0.07692299999999992
0 0.2901171875 0.6761497057101024 0.021875000000000033 0.06191400000000008
0 0.3028125 0.6316478345534408 0.015625 0.06472800000000001
0 0.3087890625 0.8876757364568081 0.018125000000000002 0.08630400000000006
0 0.361015625 0.7190040922401171 0.020625000000000004 0.07129400000000001
0 0.3712109375 0.5967103191800878 0.015000000000000013 0.055348000000000085
0 0.3801171875 0.7823822210834552 0.021874999999999978 0.07504699999999996
0 0.3982421875 0.7083433191800877 0.023125000000000007 0.05534700000000003
0 0.4090625 0.7716513499267935 0.01687500000000003 0.076923
0 0.4269140625 0.6867673191800879 0.018125000000000002 0.05440899999999988
0 0.43109375 0.7154354480234261 0.02437499999999998 0.05816199999999993
0 0.4309375 0.5761865768667642 0.01687500000000003 0.06003800000000004
0 0.458515625 0.6508217057101026 0.020625000000000004 0.06378999999999994
0 0.4665625 0.5421880614934114 0.01687500000000003 0.04971800000000003
0 0.4770703125 0.6667697057101025 0.02562500000000001 0.062851
0 0.4734375 0.6391086749633969 0.017500000000000016 0.04033800000000002
0 0.4787109375 0.7413596749633968 0.013749999999999984 0.03846199999999999
0 0.4851171875 0.9583303499267936 0.023125000000000007 0.07879899999999995
0 0.4993359375 0.6284920614934114 0.014999999999999958 0.047841999999999996
0 0.5025390625 0.6688732210834554 0.01937500000000003 0.07504699999999996
0 0.5274609375 0.5638773191800878 0.015000000000000013 0.05440900000000005
0 0.5544921875 0.6245557057101025 0.02187500000000009 0.062851
0 0.5582421875 0.5850414480234262 0.021874999999999978 0.057223999999999865
0 0.5895703125 0.5979469326500731 0.02562500000000001 0.045966000000000125
0 0.6194921875 0.5699181903367496 0.02312499999999995 0.05065700000000006
0 0.637890625 0.5358495768667643 0.020625000000000004 0.06003699999999999
0 0.6640625 0.5179113191800878 0.016874999999999973 0.05347099999999999
0 0.68328125 0.5668055768667642 0.008750000000000036 0.06003800000000004
0 0.68703125 0.5818856749633968 0.009375000000000022 0.04033699999999989
0 0.699609375 0.5782910922401171 0.012500000000000067 0.07129499999999998
0 0.7228125 0.5894338345534408 0.015625 0.06472800000000001
0 0.74578125 0.5915383499267937 0.009375000000000022 0.07692299999999992
0 0.7690625 0.6059079633967789 0.015625 0.06941800000000005
0 0.7751953125 0.8634690922401173 0.026875000000000093 0.07317099999999993
0 0.7867578125 0.6201633191800878 0.010000000000000009 0.05347099999999999
0 0.8053125 0.6259497364568082 0.01749999999999996 0.08724200000000004
0 0.8280078125 0.6241428345534407 0.010000000000000009 0.06660500000000001
0 0.9130859375 0.9064991171303074 0.17125 0.18480300000000005
0 0.842734375 0.6399765768667642 0.013124999999999942 0.06003800000000004
0 0.8618359375 0.6420810922401171 0.015000000000000013 0.07129400000000001
0 0.880234375 0.6495860922401171 0.012499999999999956 0.0712940000000001
0 0.8984375 0.6618943499267936 0.015625 0.076923
0 0.9143359375 0.6761497057101024 0.01375000000000004 0.06191400000000008
0 0.9359375 0.6790779633967788 0.016249999999999987 0.06941900000000002
0 0.9593359375 0.6782542210834553 0.01375000000000004 0.07504699999999996
0 0.98421875 0.6880470922401172 0.024374999999999925 0.07317100000000001
