0 0.277265625 0.5274482500000001 0.05124999999999996 0.22916599999999998
0 0.0966796875 0.3902604166666666 0.194375 0.20166700000000004
0 0.3746484375 0.5428642499999999 0.09312500000000001 0.289167
0 0.435234375 0.5343229166666666 0.04312499999999997 0.279167
0 0.5058203125 0.48630208333333336 0.026875000000000038 0.12916699999999995
0 0.6558984375 0.49151041666666667 0.030000000000000027 0.13916700000000004
0 0.6912890625 0.48328091666666667 0.018125000000000058 0.060834000000000055
0 0.7371875 0.5221871666666668 0.04874999999999996 0.19499999999999992
0 0.7795703125 0.4814586666666667 0.02562500000000001 0.115833
0 0.8599609375 0.51625 0.04562500000000003 0.1875
