0 0.00390625 0.4651045 0.00875 0.048333000000000036
0 0.0541015625 0.47666633333333336 0.09687499999999999 0.16833400000000007
0 0.032734374999999996 0.376042 0.04375 0.09500000000000004
0 0.0248828125 0.4255208333333333 0.010624999999999999 0.02750000000000008
0 0.080546875 0.3511458333333333 0.028124999999999997 0.05833299999999997
0 0.097578125 0.45265625 0.035625000000000004 0.07250000000000001
0 0.13089843750000002 0.5320312500000001 0.093125 0.16499999999999995
0 0.10671875 0.3863545 0.023749999999999993 0.10999999999999995
0 0.1209375 0.49244825 0.046875 0.10166599999999996
0 0.1291796875 0.3309375 0.03875000000000001 0.048332999999999994
0 0.169296875 0.34817675 0.028749999999999998 0.055834000000000016
0 0.2345703125 0.34911491666666666 0.02687500000000001 0.06083300000000006
0 0.342421875 0.3822399166666666 0.028749999999999998 0.09333300000000004
0 0.373125 0.3153128333333333 0.03250000000000003 0.05833299999999997
0 0.3719921875 0.37130175 0.023125000000000007 0.08749999999999998
0 0.3823046875 0.4013545 0.03875000000000001 0.11083300000000003
0 0.398046875 0.38557291666666665 0.028749999999999998 0.09333300000000004
0 0.4308203125 0.3475 0.025624999999999953 0.125833
0 0.448515625 0.33057291666666666 0.020625000000000004 0.09333299999999996
0 0.4889453125 0.4238538333333333 0.05687499999999995 0.153334
0 0.4973046875 0.3049479166666667 0.03749999999999998 0.06000000000000002
0 0.518046875 0.4342711666666667 0.028749999999999942 0.13083299999999998
0 0.5676953125 0.36067674999999993 0.026874999999999982 0.05666699999999999
0 0.6007421875 0.33578125 0.021874999999999978 0.10166699999999995
0 0.6541015625 0.3895315833333333 0.03500000000000003 0.08250000000000002
0 0.6659375 0.33166633333333334 0.015625 0.04166699999999993
0 0.6708203125 0.37968716666666663 0.026249999999999996 0.06833400000000005
0 0.7634375 0.5110413333333333 0.07999999999999996 0.135834
0 0.846875 0.3529163333333334 0.03125 0.10500000000000002
0 0.8714453125 0.3605729166666667 0.026874999999999982 0.09249999999999996
0 0.9623046875 0.37244825 0.03749999999999998 0.10333299999999997
0 0.9819921875 0.3190621666666667 0.023125000000000062 0.03833399999999998
