0 0.09484375 0.4390223038348083 0.15 0.06987699999999997
0 0.1487109375 0.6170373303834807 0.076875 0.30783800000000006
0 0.3374609375 0.5377510501474926 0.17062499999999997 0.11992400000000007
0 0.5132421875 0.623287592920354 0.491875 0.3371110000000001
0 0.2865234375 0.5242963451327434 0.030625000000000013 0.10859300000000001
0 0.3523046875 0.5267787876106195 0.10125 0.08876299999999998
0 0.442421875 0.6271281091445428 0.05874999999999997 0.31728000000000006
0 0.5424609375 0.5291351976401181 0.13937500000000003 0.11425899999999992
0 0.6249609375 0.5915495103244838 0.04625000000000001 0.2625120000000001
0 0.6506640625 0.5566360501474926 0.01937500000000003 0.12086899999999992
0 0.6646484375 0.5587587551622419 0.030625000000000013 0.13219999999999998
0 0.72203125 0.5520862389380531 0.07062499999999994 0.15297400000000005
0 0.7008203125 0.5668436814159292 0.026874999999999982 0.133145
0 0.729921875 0.5594690501474926 0.028749999999999942 0.11803599999999993
0 0.7469140625 0.5407009026548673 0.01937499999999992 0.12558999999999998
0 0.7970703125 0.5587587551622419 0.026874999999999982 0.13219999999999998
0 0.8845703125 0.5754595339233038 0.02562500000000001 0.14069899999999996
0 0.9241015625 0.5558632389380531 0.034375000000000044 0.15297500000000006
0 0.93078125 0.5859090501474927 0.040000000000000036 0.11992499999999989
0 0.966875 0.5720330914454277 0.03312499999999996 0.15864000000000003
