0 0.046367187500000004 0.6792190833333334 0.05437499999999999 0.19166599999999998
0 0.0769921875 0.62901075 0.02187499999999999 0.055000000000000014
0 0.088125 0.6294274166666667 0.0325 0.07583299999999997
0 0.123125 0.6286461666666666 0.032500000000000015 0.09999999999999994
0 0.1709375 0.71276075 0.046875 0.24250000000000002
0 0.246484375 0.7177604166666667 0.043125 0.20083299999999996
0 0.2964453125 0.7239062500000001 0.05812499999999998 0.26
0 0.3606640625 0.725 0.05062500000000003 0.25
0 0.4025 0.6779166666666666 0.03187499999999999 0.14666700000000002
0 0.4617578125 0.7203649166666666 0.07312500000000005 0.24750000000000005
0 0.5523828125 0.6732815833333333 0.166875 0.14333300000000002
0 0.6834765625 0.7391145833333334 0.06500000000000006 0.14416700000000007
0 0.9023046875 0.6570833333333334 0.03749999999999998 0.10499999999999998
0 0.9338671875 0.67067675 0.053750000000000075 0.18083399999999994
