0 0.0923046875 0.37223958333333335 0.037500000000000006 0.17500000000000004
0 0.14078125 0.82286425 0.009374999999999994 0.04083399999999996
0 0.176328125 0.8040621666666666 0.0050000000000000044 0.038334000000000014
0 0.3635546875 0.7380729166666667 0.03875000000000001 0.09333299999999989
0 0.4105078125 0.56453125 0.04125000000000001 0.040832999999999973
0 0.442890625 0.8442711666666667 0.05249999999999999 0.13249999999999998
0 0.4534765625 0.4970833333333333 0.034999999999999976 0.10500000000000005
0 0.493046875 0.855833 0.059374999999999956 0.25
0 0.520078125 0.5430205 0.036250000000000004 0.11166699999999989
0 0.6346875 0.8781246666666668 0.14250000000000007 0.240834
0 0.6536328125 0.7739583333333334 0.0412499999999999 0.07416699999999994
0 0.787421875 0.7774996666666666 0.028749999999999942 0.08416700000000003
0 0.812265625 0.7897399166666667 0.020625000000000004 0.09166600000000003
0 0.873046875 0.7986975833333334 0.028124999999999956 0.080834
0 0.9563671875 0.7973958333333334 0.021874999999999978 0.1208329999999999
