0 0.2041015625 0.6353305831202046 0.409543 0.7252599999999999
0 0.4132215625 0.42545206649616374 0.034792000000000045 0.18098899999999998
0 0.4361543125 0.42561465984654734 0.025845000000000007 0.16276000000000002
0 0.6028384375 0.35951161892583117 0.06162999999999996 0.12890599999999997
0 0.64577425 0.37978515601023016 0.040754999999999986 0.190104
0 0.6855875625 0.36471961892583116 0.034791000000000016 0.12890700000000002
0 0.751960875 0.43175201790281326 0.05864800000000003 0.20442700000000003
0 0.8054819375 0.3999463017902813 0.07654000000000005 0.12109400000000009
0 0.8731805625 0.40573424552429666 0.06461300000000003 0.20052000000000003
0 0.8938811875 0.4702555549872123 0.08548699999999998 0.264323
