0 0.2912890625 0.69212543045388 0.08187500000000003 0.329268
0 0.3424609375 0.6348582708638361 0.07687499999999997 0.30393899999999996
0 0.5442578125 0.46788698828696923 0.073125 0.18386500000000006
0 0.5524609375 0.6887930190336751 0.04499999999999993 0.20731699999999992
0 0.5921875 0.6776934363103954 0.046875 0.23733599999999996
0 0.609609375 0.49380249780380675 0.07437499999999997 0.28611700000000007
0 0.6655859375 0.516140859443631 0.07687500000000003 0.17917500000000003
0 0.6808984375 0.6681732401171303 0.06125000000000003 0.28048699999999993
0 0.768125 0.5082604304538799 0.12687500000000007 0.33020600000000006
0 0.747421875 0.6750378535871157 0.059374999999999956 0.27110700000000004
