0 0.51642475 0.470390819112628 0.11847399999999997 0.487719
0 0.0322265625 0.720567156996587 0.066265 0.41228099999999995
0 0.0372465625 0.7001673037542663 0.065261 0.48947399999999985
0 0.119893625 0.6971203890784983 0.113454 0.5807010000000001
0 0.200874125 0.6933413651877134 0.06726900000000002 0.475439
0 0.2200873125 0.5025811399317406 0.057229 0.192982
0 0.24521475 0.48881516382252566 0.05522099999999999 0.29824500000000004
0 0.32308875 0.4840607645051194 0.08634600000000003 0.387719
0 0.3695206875 0.4685588566552901 0.07028099999999998 0.368421
0 0.4408056875 0.45812788737201365 0.069278 0.35964900000000005
0 0.6103200625 0.49201800341296925 0.08132499999999998 0.44561400000000007
0 0.676667375 0.4615408566552901 0.07429700000000006 0.36842100000000005
0 0.69815175 0.5470267030716723 0.11847400000000008 0.4
0 0.7585848125 0.4453868020477816 0.10542200000000002 0.26666600000000007
0 0.805181375 0.7176152730375427 0.07530100000000006 0.49649199999999993
0 0.845122875 0.37256407849829354 0.09036099999999991 0.205264
0 0.902915875 0.7132925119453926 0.12248999999999999 0.5561400000000001
0 0.938276375 0.5740614334470989 0.10642599999999991 0.3491229999999999
