0 0.8852734375 0.6191859005847953 0.06187500000000001 0.275958
0 0.3203125 0.7409399415204678 0.641875 0.515435
0 0.636328125 0.5642684970760234 0.03562500000000002 0.12815699999999997
0 0.6656640625 0.58630567251462 0.018125000000000058 0.082319
0 0.6712890625 0.5628065087719298 0.018750000000000044 0.12441600000000003
0 0.688359375 0.5428598479532164 0.013125000000000053 0.04022499999999997
0 0.74078125 0.5784793684210526 0.03937500000000005 0.15902700000000003
0 0.7609375 0.5560177426900585 0.015625 0.06548199999999993
0 0.7992578125 0.549995730994152 0.009999999999999898 0.06922400000000002
0 0.824140625 0.548125730994152 0.020625000000000004 0.06735200000000013
0 0.84328125 0.6135670877192982 0.03937500000000005 0.22825099999999995
0 0.915 0.5945003450292398 0.03187499999999999 0.16651000000000005
0 0.956796875 0.6210510877192983 0.05874999999999997 0.23012100000000008
0 0.98375 0.618945134502924 0.03125 0.21702499999999994
