0 0.4986979166666667 0.35571136536030346 0.998611 0.28841
0 0.04739616666666666 0.42824945006321113 0.03888900000000001 0.05256099999999996
0 0.07664908333333333 0.4584116750948167 0.036111000000000004 0.07816699999999996
0 0.16692741666666666 0.7369101302149179 0.07777699999999999 0.172507
0 0.204514 0.6552730126422249 0.03194399999999997 0.11590300000000003
0 0.25364583333333335 0.7252817951959545 0.059721999999999976 0.15903
0 0.275694 0.6573835701643488 0.0625 0.1334230000000001
0 0.2732636666666666 0.5003582300884956 0.05416700000000004 0.07142799999999994
0 0.3217018333333333 0.6759174601769912 0.058333000000000045 0.14285700000000007
0 0.3619788333333333 0.6889775726927939 0.059723000000000005 0.1549860000000001
0 0.3994788333333334 0.506595565107459 0.05972299999999997 0.08760099999999994
0 0.3984375 0.6653867926675093 0.04722199999999995 0.134771
0 0.4646699166666666 0.54146901011378 0.06111100000000006 0.09164400000000002
0 0.5100696666666668 0.9626222300884957 0.11666599999999994 0.07142799999999987
0 0.5244788333333333 0.655452127686473 0.058333999999999886 0.15094299999999986
0 0.5298606666666666 0.4704578975979773 0.02083400000000002 0.07951499999999993
0 0.6006943333333333 0.9583278975979773 0.10555600000000005 0.07951499999999993
0 0.59869825 0.6557024601769912 0.04027699999999997 0.14285699999999993
0 0.6149306666666666 0.677015127686473 0.05277799999999999 0.15094299999999986
0 0.6488710833333333 0.5003582300884956 0.036112 0.07142799999999994
0 0.657292 0.6500611276864728 0.03333300000000013 0.15094300000000008
0 0.6760416666666668 0.9684301175726928 0.05416699999999993 0.05929899999999992
0 0.6963541666666666 0.6583136826801518 0.06805600000000005 0.14555299999999988
0 0.7804684166666668 0.5297568975979773 0.04444499999999992 0.07951499999999993
0 0.8050348333333334 0.6638722376738305 0.05833299999999989 0.14150900000000002
0 0.8580725833333332 0.6783631276864729 0.05000000000000012 0.15094299999999994
0 0.8491318333333334 0.48368456510745894 0.02777799999999993 0.08760100000000001
0 0.8644098333333332 0.6038693375474083 0.026388999999999996 0.04043099999999996
0 0.8917535833333332 0.5681611175726927 0.08333300000000025 0.06064599999999998
0 0.9093750000000002 0.9525200101137801 0.09583299999999983 0.09164399999999988
0 0.8973092499999998 0.6637046826801516 0.04027800000000011 0.1455530000000001
0 0.9315976666666668 0.6444072351453857 0.05277699999999985 0.11859900000000005
0 0.9661458333333334 0.6555349051833123 0.05833299999999989 0.148248
0 0.99279525 0.6615941251580277 0.009722000000000008 0.12803200000000012
