0 0.0919565 0.5618268125 0.047222 0.13518600000000003
0 0.2373265 0.550969625 0.047221999999999986 0.14537
0 0.2840924375 0.59256325 0.02962999999999999 0.07222300000000004
0 0.3907628125 0.5729090625 0.07407399999999997 0.20555600000000002
0 0.468706375 0.5339625625 0.043518999999999974 0.09722199999999998
0 0.516246625 0.5231192499999999 0.02129700000000001 0.07222200000000006
0 0.5400539375 0.5364361875 0.046296000000000004 0.08518599999999998
0 0.5920070625 0.5262511875 0.04999999999999993 0.08518499999999996
0 0.858839625 0.5314522500000001 0.02037 0.071297
0 0.87468175 0.5201895624999999 0.02407399999999993 0.065741
0 0.9391279375 0.5797380625 0.046296000000000004 0.11203699999999994
0 0.9646335625 0.5750941875 0.06574100000000005 0.14814800000000006
