0 0.028645833333333332 0.5247265625 0.0575 0.03374999999999995
0 0.09276008333333334 0.5081249999999999 0.034167 0.06375000000000003
0 0.12557258333333335 0.5003515625 0.051667 0.03437499999999993
0 0.16135383333333334 0.5101953125 0.027499999999999986 0.025624999999999953
0 0.16124966666666665 0.50328125 0.022500000000000003 0.03937499999999994
0 0.22026008333333336 0.5246484375 0.03416699999999995 0.06125000000000003
0 0.2637496666666666 0.5198828125 0.022500000000000037 0.04249999999999998
0 0.30182291666666666 0.5180859375 0.02916699999999998 0.04625000000000001
0 0.4013538333333333 0.48046875 0.151667 0.08625000000000005
0 0.7340621666666668 0.488125 0.038334000000000014 0.06312500000000004
0 0.7692708333333332 0.4882421875 0.0908330000000001 0.05312500000000003
0 0.8497399166666666 0.4980859375 0.09333300000000004 0.04562499999999997
