0 0.274140625 0.7112186998535871 0.05250000000000002 0.15384700000000007
0 0.314453125 0.6798066691068814 0.036250000000000004 0.13133199999999998
0 0.3629296875 0.6950873440702782 0.03875000000000001 0.167918
0 0.3856640625 0.6710919941434846 0.01874999999999999 0.091932
0 0.4049609375 0.6541176749633968 0.014374999999999971 0.03846199999999999
0 0.421328125 0.6626749326500732 0.03562500000000002 0.045966000000000125
0 0.4396875 0.6603870614934114 0.017500000000000016 0.049718000000000116
0 0.4898046875 0.668531448023426 0.03875000000000001 0.057223000000000065
0 0.5108203124999999 0.6618511903367496 0.026875000000000038 0.05159400000000007
0 0.5319921875 0.6599741903367496 0.023125000000000062 0.05159500000000012
0 0.5814453125 0.6846368653001463 0.026874999999999982 0.0881800000000001
0 0.610390625 0.6829442210834554 0.020625000000000004 0.07504699999999996
0 0.6694140625 0.7878276515373352 0.11249999999999993 0.40337700000000004
0 0.6358984375 0.6846368653001463 0.030625000000000013 0.0881800000000001
0 0.7717578125 0.7950599765739386 0.10375000000000001 0.36585399999999985
