0 0.47484375 0.9289586666666666 0.11749999999999994 0.11666600000000009
0 0.0107421875 0.6348961666666666 0.0225 0.038333000000000096
0 0.4990234375 0.3221875 0.99875 0.23500000000000001
0 0.06351562499999999 0.873333 0.08374999999999999 0.25
0 0.0680859375 0.4621354166666667 0.015 0.046667000000000014
0 0.1393359375 0.84557325 0.13999999999999999 0.2583329999999999
0 0.092421875 0.4713538333333333 0.027499999999999997 0.02833400000000008
0 0.106015625 0.46968783333333336 0.020000000000000004 0.028333000000000014
0 0.12046875 0.472292 0.02500000000000001 0.03166600000000005
0 0.173203125 0.63286425 0.004999999999999977 0.040000000000000036
0 0.18671875 0.4743229166666667 0.02375000000000002 0.029999999999999954
0 0.1840625 0.6220836666666666 0.017500000000000016 0.023333000000000048
0 0.20046875 0.47046841666666667 0.023749999999999993 0.045000000000000005
0 0.2250390625 0.4746878333333333 0.01874999999999999 0.02666600000000008
0 0.2432421875 0.4748961666666667 0.022499999999999992 0.03666600000000001
0 0.281015625 0.4791663333333333 0.020000000000000018 0.04333400000000006
0 0.337890625 0.7363541666666666 0.11375000000000002 0.19333299999999998
0 0.2953125 0.4846878333333333 0.017500000000000016 0.028333000000000014
0 0.321796875 0.6184375 0.06 0.048333000000000036
0 0.318515625 0.4798961666666666 0.02124999999999999 0.03833300000000003
0 0.34046875 0.4815621666666667 0.025000000000000022 0.038334000000000014
0 0.4123828125 0.4841663333333333 0.07375000000000004 0.043333999999999984
0 0.498515625 0.4909899166666667 0.020000000000000018 0.029999999999999954
0 0.5898046875 0.7046871666666666 0.10124999999999995 0.19333399999999998
0 0.78453125 0.63703125 0.10250000000000004 0.16500000000000004
0 0.81203125 0.30390591666666666 0.040000000000000036 0.09166699999999994
