0 0.6260283125 0.39255324242424244 0.026666999999999996 0.08656399999999995
0 0.70890625 0.4786230303030303 0.009167000000000036 0.06201600000000002
0 0.708333 0.4328639090909091 0.0008340000000000014 0.020670999999999978
0 0.712786125 0.4051093636363637 0.0050000000000000044 0.028423999999999994
0 0.724453125 0.4085390606060606 0.005832999999999977 0.021964
0 0.72723925 0.4685580909090909 0.009167000000000036 0.082687
0 0.747786125 0.45340657575757576 0.0050000000000000044 0.05297100000000004
0 0.761953125 0.47777733333333333 0.005832999999999977 0.06718399999999997
0 0.774453125 0.45189142424242423 0.0050000000000000044 0.05038700000000002
0 0.786120125 0.45189142424242423 0.004166000000000003 0.05038700000000002
0 0.7937626875 0.4587977272727272 0.007499999999999951 0.056847000000000016
0 0.8037626875 0.44520827272727276 0.007499999999999951 0.04780299999999992
0 0.805286125 0.4837441212121212 0.004167000000000032 0.043928
0 0.82390625 0.46120548484848484 0.009167000000000036 0.06976700000000001
0 0.837526375 0.4649866666666666 0.013332999999999928 0.034884000000000075
0 0.8424091875 0.5550386666666667 0.022499999999999964 0.13436700000000004
0 0.8387626875 0.4365167575757576 0.0066669999999999785 0.01808699999999996
0 0.9285029375 0.4929412424242425 0.14 0.18604599999999993
0 0.8771220625 0.5419779393939395 0.019166999999999934 0.07881100000000002
0 0.9607685625 0.5732204848484849 0.03416600000000003 0.17183500000000004
0 0.9894795 0.5549093333333334 0.01750000000000007 0.167959
