0 0.4762890625 0.590208 0.8624999999999999 0.2191669999999999
0 0.07671875 0.77567675 0.024374999999999994 0.055000000000000014
0 0.09421875 0.772083 0.023749999999999993 0.0625
0 0.2021484375 0.7546871666666667 0.029375000000000012 0.06999999999999999
0 0.274375 0.7397913333333334 0.03187500000000004 0.07416699999999994
0 0.300546875 0.784583 0.02812500000000001 0.06333400000000007
0 0.317109375 0.8526045 0.04312499999999997 0.04833299999999996
0 0.3345703125 0.78848925 0.025624999999999953 0.07249999999999994
0 0.361875 0.8288017499999999 0.03125 0.08833400000000013
0 0.3825 0.8258336666666666 0.03249999999999997 0.08583300000000005
0 0.416953125 0.8061455 0.036250000000000004 0.141667
0 0.47578125 0.80911425 0.040000000000000036 0.10333399999999997
0 0.5375390625 0.9035416666666666 0.04999999999999993 0.17750000000000007
0 0.5466015625 0.8700524166666668 0.03437499999999993 0.10916599999999994
0 0.58 0.8269788333333333 0.032500000000000084 0.05833400000000003
0 0.599140625 0.8741666666666666 0.05125000000000002 0.0858329999999999
0 0.7740625 0.6665621666666667 0.015625 0.03749999999999994
0 0.8090625 0.6749479166666666 0.01749999999999996 0.05999999999999991
0 0.8365234375 0.6883336666666667 0.02937499999999993 0.08583300000000005
0 0.977734375 0.5693746666666666 0.04312499999999997 0.05333399999999999
0 0.9700390625 0.6258850833333334 0.01937499999999992 0.06666699999999996
0 0.97140625 0.5030208333333334 0.009375000000000022 0.02749999999999993
