0 0.3273828125 0.548958 0.07374999999999998 0.28250000000000003
0 0.1416015625 0.7527607499999999 0.28375 0.4925000000000001
0 0.150078125 0.48104166666666665 0.0675 0.053333000000000075
0 0.2315234375 0.5063544999999999 0.061874999999999986 0.1100000000000001
0 0.4173046875 0.542083 0.07 0.18916699999999995
0 0.496484375 0.5164065833333333 0.07500000000000007 0.175833
0 0.6201171875 0.5444791666666666 0.05437499999999995 0.22583300000000003
0 0.7382421875 0.7122913333333334 0.14812499999999995 0.573334
0 0.904765625 0.7481253333333333 0.11499999999999999 0.4491659999999999
0 0.9069921875 0.8272399166666666 0.11624999999999996 0.3425000000000001
