0 0.0902734375 0.5237045555555555 0.155 0.7126340000000001
0 0.205 0.4858693333333333 0.06437500000000002 0.394128
0 0.27933593749999996 0.5377867777777777 0.139375 0.683274
0 0.441015625 0.5298237777777778 0.14625 0.7064060000000001
0 0.5023828125 0.26224833333333336 0.10374999999999995 0.21886100000000003
0 0.5467187499999999 0.5389581111111111 0.15000000000000008 0.6743769999999999
0 0.5711328124999999 0.6304764444444444 0.19750000000000006 0.441281
0 0.676875 0.4753604444444445 0.21999999999999997 0.7642350000000001
0 0.8131640625 0.5159798888888889 0.14312500000000006 0.705516
0 0.926640625 0.5141108888888889 0.14500000000000002 0.653025
