0 0.233203125 0.41568357046979865 0.34875 0.7016340000000001
0 0.3684765625 0.5444726375838925 0.03437499999999999 0.055890000000000106
0 0.4318359375 0.5879894563758389 0.044999999999999984 0.08254600000000004
0 0.4634765625 0.5420017583892618 0.06562499999999999 0.16938900000000004
0 0.51640625 0.48449376510067116 0.04062499999999997 0.06706800000000002
0 0.569453125 0.5015462214765101 0.06812499999999999 0.14617299999999994
0 0.6383984375 0.5116966308724833 0.06187500000000001 0.1607909999999999
0 0.7251953125 0.5243845033557046 0.057499999999999996 0.14961300000000005
0 0.73671875 0.6332733691275169 0.05625000000000002 0.24161599999999983
0 0.7875390625 0.5511876040268456 0.04999999999999993 0.17798800000000004
0 0.8144921875 0.5636653489932886 0.08437500000000009 0.15821100000000005
0 0.8634765625 0.5912849127516778 0.06624999999999992 0.16337100000000004
