0 0.067910125 0.6276271831831832 0.067245 0.366667
0 0.1333811875 0.6497296186186186 0.05423 0.23777800000000016
0 0.1813190625 0.573844066066066 0.04916900000000002 0.13444399999999995
0 0.2664913125 0.5724020690690691 0.026754 0.1388889999999999
0 0.405150375 0.6124320990990991 0.07447500000000001 0.1999999999999999
0 0.49994675 0.7110511621621621 0.08604400000000001 0.324444
0 0.4708280625 0.42696652252252254 0.01807700000000001 0.04777799999999994
0 0.5043885625 0.6114411081081081 0.065799 0.2177779999999999
0 0.5146815 0.44702702702702696 0.01735399999999998 0.05555599999999999
0 0.5348898125 0.44180202402402396 0.01156899999999994 0.0500000000000001
0 0.673539625 0.5488290510510511 0.020969000000000015 0.10444400000000001
0 0.707091875 0.5577180510510511 0.027476999999999974 0.10333299999999998
