0 0.1738265625 0.26347352713178296 0.06639999999999999 0.369841
0 0.07335781250000001 0.2809526666666667 0.1048 0.336508
0 0.3006625 0.8504799612403101 0.07919999999999999 0.260317
0 0.3158515625 0.13883391472868217 0.09599999999999997 0.27460300000000004
0 0.451509375 0.8391838992248062 0.07600000000000001 0.2777780000000001
0 0.5315203125 0.22013689922480623 0.05680000000000007 0.27619
0 0.548215625 0.7440936821705426 0.08240000000000003 0.33333300000000005
0 0.6934625 0.7615355426356589 0.08000000000000007 0.366667
0 0.7097328125 0.2650796666666667 0.0736 0.33492
0 0.8296390625 0.7795315891472868 0.0816 0.355555
0 0.9051921875 0.7692693410852712 0.08479999999999999 0.4174600000000001
