0 0.0883203125 0.27513888888888893 0.02562500000000001 0.09111099999999997
0 0.1325390625 0.4074308888888889 0.11249999999999999 0.12333299999999994
0 0.1826171875 0.6579858888888889 0.21000000000000002 0.37333400000000005
0 0.1183984375 0.2696531111111111 0.029375 0.06666600000000002
0 0.4455078125 0.597153 0.04125000000000001 0.221111
0 0.4483203125 0.4861106666666666 0.02562500000000001 0.0844450000000001
0 0.4538671875 0.421181 0.023125000000000007 0.034443999999999995
0 0.48078125 0.5998608888888889 0.04062499999999997 0.21666699999999997
0 0.4800390625 0.3761108888888889 0.019374999999999976 0.030000000000000002
0 0.52578125 0.5896524444444444 0.040000000000000036 0.23444500000000001
0 0.5803515625 0.623194888888889 0.034375000000000044 0.21555499999999997
0 0.5803125 0.46930544444444444 0.016874999999999973 0.07666699999999994
0 0.723828125 0.6090281111111111 0.1293749999999999 0.28555499999999995
0 0.687734375 0.3647222222222222 0.04437499999999994 0.071111
0 0.7273828125 0.4331245555555555 0.010000000000000009 0.020000000000000018
0 0.73765625 0.4305558888888889 0.008124999999999938 0.030000000000000002
0 0.7498046875 0.3570836666666667 0.007500000000000062 0.022222000000000037
0 0.7630078125 0.3506941111111111 0.010624999999999996 0.035556000000000046
0 0.7704296875 0.35041666666666665 0.006250000000000089 0.02222199999999999
0 0.871875 0.5959717777777778 0.09500000000000008 0.24333400000000005
0 0.8701953125 0.3531253333333333 0.057499999999999996 0.07333300000000006
