0 0.5099609375 0.5851574919472914 0.07624999999999998 0.37711
0 0.0320703125 0.85750882284041 0.057499999999999996 0.24859199999999995
0 0.1296484375 0.7552655402635432 0.060625 0.12851799999999988
0 0.275078125 0.7700901844802343 0.09875 0.14258999999999997
0 0.41609375 0.8523358535871157 0.14875 0.27110699999999993
0 0.4912109375 0.7877298286969252 0.07687500000000003 0.15572300000000008
0 0.5730078125 0.8798644055636895 0.135 0.2157600000000001
0 0.5340625 0.788694767203514 0.04874999999999996 0.10975599999999999
0 0.611796875 0.7230547057101026 0.059374999999999956 0.06378999999999994
0 0.6973828125 0.9003439882869693 0.10375000000000001 0.1829270000000001
0 0.84546875 0.9204126998535872 0.18062500000000004 0.1547839999999999
0 0.8798828125 0.8412008286969254 0.073125 0.15572299999999992
0 0.9497265625 0.8780325651537335 0.09750000000000003 0.24108799999999997
