0 0.400078125 0.6538545 0.09937499999999999 0.36083299999999996
0 0.498046875 0.6191149166666666 0.996875 0.5599999999999999
0 0.022578125 0.4825 0.036250000000000004 0.12750000000000003
0 0.040703125 0.51661425 0.03625 0.22666700000000004
0 0.07007812499999999 0.5554163333333333 0.0675 0.23083399999999998
0 0.2027734375 0.58557325 0.06125000000000003 0.26
0 0.631875 0.6675520833333334 0.06312499999999999 0.31666700000000003
0 0.633671875 0.78994825 0.059374999999999956 0.22916600000000006
0 0.695546875 0.7385413333333334 0.09062499999999996 0.385834
0 0.956171875 0.40296875000000004 0.028749999999999942 0.08749999999999998
