0 0.10593749999999999 0.6853757386196769 0.14125000000000001 0.341165
0 0.118984375 0.45741000734214393 0.044375 0.105263
0 0.170078125 0.4443710044052863 0.03562499999999999 0.06296999999999998
0 0.314921875 0.8132525976505139 0.27812499999999996 0.3693609999999999
0 0.2751953125 0.6664641600587372 0.181875 0.243421
0 0.221484375 0.44936371806167397 0.044375 0.05357199999999999
0 0.24109375 0.4675732907488987 0.05625000000000002 0.07330799999999993
0 0.274375 0.4351488604992658 0.033125000000000016 0.049811999999999974
0 0.29109375 0.5370600132158591 0.05499999999999999 0.1860899999999999
0 0.3331640625 0.5305400117474303 0.080625 0.16729299999999991
0 0.411953125 0.4789091497797356 0.036250000000000004 0.09868400000000006
0 0.47703125 0.45981957562408216 0.04062499999999997 0.06015100000000007
0 0.505 0.4535342892804699 0.03312499999999996 0.05263199999999994
0 0.529375 0.4508321468428781 0.03312499999999996 0.05827099999999998
0 0.581953125 0.585049872246696 0.09812500000000002 0.21146599999999993
0 0.56140625 0.4426678604992658 0.03937500000000005 0.04793199999999997
0 0.6449609375 0.4370855800293686 0.0462499999999999 0.12123999999999999
0 0.6608203125 0.5663718693098384 0.05812500000000009 0.17293200000000006
0 0.7310546875 0.5416421556534509 0.06937499999999996 0.18139099999999997
0 0.822734375 0.5202020117474303 0.13749999999999996 0.16447399999999993
