0 0.013671875 0.52692675 0.028125 0.11833400000000001
0 0.2051171875 0.4614583333333333 0.02250000000000002 0.0741670000000001
0 0.2532421875 0.45864616666666663 0.021875000000000033 0.10000000000000002
0 0.27109375 0.47 0.02437499999999998 0.12750000000000003
0 0.288515625 0.46312533333333333 0.020625000000000004 0.07416599999999995
0 0.303671875 0.4627604166666666 0.027500000000000024 0.07583299999999997
0 0.3279296875 0.463333 0.03749999999999998 0.125834
0 0.3385546875 0.4443229166666667 0.006249999999999978 0.029167000000000016
0 0.350234375 0.4575520833333333 0.013124999999999998 0.06666700000000003
0 0.3622265625 0.45458333333333334 0.034999999999999976 0.106667
0 0.3845703125 0.44807291666666665 0.02562500000000001 0.09166700000000001
0 0.4251171875 0.4432295 0.021875000000000033 0.079166
0 0.4464453125 0.455208 0.026249999999999996 0.09416699999999996
0 0.4453125 0.41088575 0.015625 0.025832999999999995
0 0.4707421875 0.4534895833333334 0.023125000000000007 0.11416699999999991
0 0.4871875 0.4526038333333333 0.016249999999999987 0.089167
0 0.5097265625 0.4738538333333333 0.03375 0.153334
0 0.517109375 0.4264065833333333 0.013125000000000053 0.04999999999999997
0 0.5346875 0.4416666666666667 0.016874999999999973 0.08416699999999995
0 0.5525390625 0.4394274166666667 0.018125000000000058 0.07583299999999997
0 0.5705078125 0.4546875000000001 0.010624999999999996 0.11166699999999989
0 0.580546875 0.454167 0.028749999999999942 0.12583299999999994
0 0.6124609375 0.45098958333333333 0.014375000000000027 0.11333300000000006
0 0.6272265625 0.45692675 0.03375000000000006 0.11750000000000001
0 0.664296875 0.4465100833333333 0.02749999999999997 0.09666699999999999
0 0.6894140625 0.4465100833333333 0.018124999999999947 0.09666699999999999
0 0.7068359375 0.44630175 0.014375000000000027 0.08833399999999998
0 0.7144921875 0.44911425 0.021874999999999978 0.10333400000000004
