0 0.013671875 0.6666145833333333 0.0275 0.14583300000000002
0 0.05625 0.6768229166666666 0.06437499999999999 0.1550000000000001
0 0.12296875 0.6604166666666668 0.023750000000000007 0.14666699999999988
0 0.13984375 0.6762496666666666 0.025000000000000022 0.14666700000000002
0 0.1772265625 0.6734899166666666 0.03375 0.1550000000000001
0 0.2063671875 0.67828125 0.023125000000000007 0.10333299999999997
0 0.3071484375 0.65484375 0.030625000000000013 0.055000000000000014
0 0.3433984375 0.6622395833333333 0.030625000000000013 0.05166700000000005
0 0.3489453125 0.6232809166666667 0.026874999999999982 0.06000000000000005
0 0.3759765625 0.64348925 0.034999999999999976 0.07083399999999991
0 0.392421875 0.67401075 0.028749999999999998 0.05666600000000003
0 0.4283984375 0.6771354166666667 0.02999999999999997 0.04499999999999985
0 0.4698046875 0.6913024166666667 0.03875000000000001 0.04583300000000001
0 0.5830078125 0.73421875 0.07374999999999998 0.15000000000000005
0 0.661328125 0.7394267500000001 0.0675 0.11749999999999987
0 0.696875 0.7751565833333333 0.09437499999999999 0.23750000000000013
0 0.7759375 0.7721878333333333 0.0787500000000001 0.15333299999999994
0 0.9221875 0.7777086666666667 0.14187499999999997 0.17916600000000008
