0 0.040038625 0.55338525 0.019532 0.040364999999999984
0 0.152343375 0.5377600833333332 0.043945999999999985 0.03515700000000003
0 0.169921375 0.7578129166666666 0.07421899999999998 0.06119700000000009
0 0.182616875 0.7265629166666666 0.059570999999999985 0.06119700000000009
0 0.3017575 0.5312498333333333 0.141602 0.12109399999999997
0 0.3193356875 0.7968755 0.10058599999999995 0.11067700000000007
0 0.318358875 0.6888023333333333 0.058594000000000035 0.10546899999999988
0 0.4248045625 0.5182296666666667 0.12793000000000004 0.11588499999999995
0 0.385742125 0.6158853333333334 0.036133000000000026 0.07291699999999997
0 0.3925780625 0.72526075 0.05078100000000002 0.087239
0 0.42578075 0.7890627499999999 0.08691500000000002 0.11979100000000005
0 0.4931638125 0.7317705 0.041991999999999974 0.11197900000000012
0 0.5517579375 0.6953127499999999 0.04492200000000002 0.08723899999999991
0 0.587891 0.51822875 0.09375 0.055989999999999984
0 0.6298823125 0.7122395 0.05664099999999994 0.08072899999999998
0 0.671874875 0.74609425 0.05957000000000001 0.07161400000000014
0 0.6816410625 0.4791669166666666 0.019530999999999965 0.029948000000000086
0 0.6972655 0.7174481666666667 0.046875 0.06901000000000017
0 0.7314455 0.6575525 0.078125 0.11067700000000007
0 0.8935541875 0.6757814999999999 0.20996099999999995 0.1744789999999999
0 0.988281625 0.5820309166666666 0.020506999999999942 0.059896000000000095
