0 0.0546875 0.6504297079646018 0.110625 0.372994
0 0.096875 0.5307269764011799 0.063125 0.12181300000000013
0 0.0929296875 0.6749355516224188 0.037500000000000006 0.29839499999999997
0 0.1437109375 0.6664283716814159 0.076875 0.345609
0 0.1862890625 0.5368060501474926 0.05000000000000002 0.11992499999999998
0 0.214453125 0.530367238938053 0.0675 0.15203100000000003
0 0.25503906249999997 0.6148439292035398 0.144375 0.3635500000000001
0 0.2613671875 0.6899185191740413 0.116875 0.340888
0 0.339609375 0.6335577404129793 0.07437500000000002 0.332389
0 0.3333203125 0.6149771415929204 0.05687500000000001 0.276676
0 0.3921484375 0.6242407728613569 0.06124999999999997 0.29083999999999993
0 0.4296875 0.6134478790560473 0.04749999999999999 0.24645899999999998
0 0.47515625 0.6386302979351032 0.07124999999999998 0.35033100000000006
0 0.5243359375000001 0.608162233038348 0.10874999999999996 0.43154
0 0.5990625 0.6055721179941003 0.078125 0.3975450000000001
0 0.66234375 0.6471918141592921 0.08687500000000004 0.3276679999999999
0 0.7396484375 0.6329652979351033 0.09187500000000004 0.35033000000000003
0 0.809453125 0.6056644306784661 0.130625 0.543909
0 0.9021875 0.6505557404129794 0.10999999999999999 0.33333299999999993
0 0.9353515625 0.5300752743362832 0.12750000000000006 0.47119900000000003
0 0.9301953125 0.46835782005899707 0.026874999999999982 0.049102999999999994
