0 0.0551953125 0.5299403529411765 0.026875000000000003 0.062146999999999966
0 0.123125 0.5190848823529413 0.12687500000000002 0.17984899999999993
0 0.1089453125 0.524111294117647 0.025624999999999995 0.07909600000000008
0 0.1791796875 0.519826294117647 0.03812500000000002 0.027306999999999998
0 0.2133984375 0.5094054117647059 0.029374999999999984 0.04802200000000002
0 0.25003906249999996 0.504760294117647 0.01812500000000003 0.029190999999999977
0 0.267890625 0.5058184705882354 0.02124999999999999 0.03295699999999997
0 0.3166015625 0.5199318823529412 0.03375 0.080979
0 0.322578125 0.5505401764705883 0.036250000000000004 0.057439000000000066
0 0.3975390625 0.5099978823529412 0.01874999999999999 0.031072999999999993
0 0.464140625 0.5301621176470588 0.05125000000000002 0.12241100000000002
0 0.55171875 0.517995588235294 0.024374999999999925 0.055556000000000064
0 0.6175 0.7330420588235294 0.12687499999999996 0.28719399999999995
0 0.632421875 0.6515033529411765 0.15249999999999997 0.161959
0 0.5896875 0.5209367647058823 0.015625 0.060264000000000054
0 0.6615625 0.5158802352941176 0.015625 0.042372999999999945
0 0.704765625 0.6548579411764706 0.0525000000000001 0.16572500000000007
0 0.694140625 0.5106426470588235 0.020625000000000004 0.03860700000000012
0 0.725 0.6242602352941178 0.0625 0.14406799999999995
0 0.7276953125 0.5374733529411765 0.02562500000000001 0.062146999999999966
0 0.767734375 0.5922568235294117 0.04437500000000005 0.0969870000000001
0 0.791796875 0.5178155294117647 0.028125000000000067 0.06968000000000012
0 0.7977734375 0.5790738235294117 0.02937500000000004 0.09416200000000004
0 0.836796875 0.595239705882353 0.06000000000000005 0.17608199999999996
0 0.8805859375 0.639177294117647 0.10749999999999993 0.2777770000000001
0 0.8456640625 0.48168599999999995 0.01937499999999992 0.051789000000000085
0 0.9324609375 0.5799936470588235 0.07687499999999992 0.19114799999999998
0 0.9490234375 0.4959784705882353 0.030625000000000013 0.08286299999999998
0 0.958359375 0.4990997058823529 0.043749999999999956 0.07533000000000001
0 0.9746875 0.5202804117647059 0.04812499999999997 0.09887000000000003
