0 0.10711614173228347 0.49644891666666663 0.14312500000000003 0.06038099999999994
0 0.08960629921259843 0.6377079166666667 0.049374999999999995 0.12241500000000001
0 0.17871555118110238 0.6682043333333333 0.05249999999999998 0.13647700000000004
0 0.21466535433070866 0.9036165833333333 0.10562500000000002 0.177006
0 0.24540354330708664 0.6166604166666666 0.044375000000000005 0.10835399999999999
0 0.2425295275590551 0.4879803333333333 0.028750000000000008 0.10504599999999997
0 0.28781003937007876 0.4963423333333334 0.04124999999999997 0.07361499999999992
0 0.6370964566929134 0.7588981666666667 0.7074999999999999 0.476427
0 0.472869094488189 0.3215564166666667 0.09625000000000002 0.04466500000000003
0 0.554498031496063 0.2932046666666666 0.03249999999999998 0.05459100000000002
0 0.8997933070866141 0.8014789166666666 0.05750000000000007 0.12241500000000001
0 0.9041240157480315 0.15878333333333333 0.016874999999999984 0.105045
0 0.916998031496063 0.1852025833333333 0.03249999999999998 0.049628000000000005
0 0.9593405511811023 0.27954433333333334 0.05125000000000005 0.10504500000000005
