0 0.2669921875 0.5412926470588235 0.023125000000000007 0.09039599999999995
0 0.3193359375 0.7334465294117647 0.04625000000000001 0.06968000000000003
0 0.3896875 0.7461009411764706 0.01749999999999996 0.06685500000000004
0 0.4207421875 0.7591028823529411 0.021875000000000033 0.08097999999999998
0 0.445078125 0.7847486470588234 0.036250000000000004 0.1384179999999999
0 0.5095703125 0.7635146470588234 0.025624999999999953 0.08851299999999995
0 0.562734375 0.7550512352941177 0.011874999999999969 0.042372999999999945
0 0.5705859375 0.753348294117647 0.01375000000000004 0.029189999999999994
0 0.572109375 0.7437522352941177 0.012499999999999956 0.042372999999999945
0 0.6609375 0.6801346470588235 0.015625 0.04049000000000003
0 0.6619140625 0.6812567058823529 0.018125000000000058 0.026365000000000006
0 0.6800390625 0.6858369411764705 0.01937500000000003 0.06591300000000004
0 0.7113671875 0.6681898823529411 0.021874999999999978 0.031073000000000076
0 0.762265625 0.742143294117647 0.083125 0.129002
0 0.7734765625 0.8323893529411764 0.09687500000000004 0.26177
0 0.96 0.6150987647058823 0.03187499999999999 0.060264000000000054
