0 0.4537890625 0.48109375000000004 0.049375 0.11916700000000002
0 0.0556640625 0.14322916666666666 0.113125 0.2875
0 0.186171875 0.16796875 0.31 0.3375000000000001
0 0.0502734375 0.4361975833333333 0.030000000000000006 0.08250000000000002
0 0.1190234375 0.4586975833333333 0.030625000000000013 0.08083400000000007
0 0.1665234375 0.38973991666666663 0.03 0.09333300000000004
0 0.37992187499999996 0.15234375 0.2775000000000001 0.305
0 0.3202734375 0.37692675 0.030000000000000027 0.11916700000000002
0 0.563359375 0.951042 0.23062499999999997 0.09500000000000004
0 0.4679296875 0.89692675 0.03749999999999998 0.11750000000000001
0 0.596953125 0.14395866666666668 0.255625 0.240833
0 0.584765625 0.022135416666666668 0.11375000000000002 0.045000000000000005
0 0.5770703125 0.315208 0.02562500000000001 0.09500000000000004
0 0.6229296875 0.30260383333333335 0.03874999999999995 0.089167
0 0.78015625 0.04296875 0.13437500000000002 0.08749999999999998
0 0.8143359375 0.9514059166666667 0.13937500000000003 0.09333400000000003
0 0.8551171875 0.24791633333333332 0.021874999999999978 0.10583400000000003
0 0.9275390625 0.1015625 0.14312500000000006 0.203333
0 0.8794921875 0.24427083333333335 0.02312499999999995 0.09083299999999998
