0 0.70984375 0.8266149166666666 0.11875000000000002 0.31166600000000005
0 0.0361328125 0.8489065833333332 0.073125 0.3000000000000001
0 0.07761718749999999 0.6833857499999999 0.084375 0.15
0 0.0865625 0.7824996666666667 0.07875 0.20833399999999994
0 0.28035156250000004 0.6748958333333333 0.19125 0.12000000000000004
0 0.248515625 0.58598925 0.020625000000000032 0.07083399999999991
0 0.2651171875 0.5917705 0.021874999999999978 0.04833399999999995
0 0.3584765625 0.77994825 0.065 0.22666599999999995
0 0.407890625 0.9278125 0.114375 0.141667
0 0.50921875 0.7515104166666666 0.21187499999999998 0.2650000000000001
0 0.5465234375 0.9105725833333334 0.12437500000000001 0.17583400000000005
0 0.86109375 0.7766670000000001 0.275 0.3766660000000001
0 0.935 0.8655208333333334 0.06312499999999999 0.15166700000000008
0 0.9581640625 0.8885940833333333 0.08125000000000004 0.16
