0 0.03125 0.6492513069016154 0.063125 0.2988719999999999
0 0.07890625 0.6651693083700441 0.07187500000000001 0.31860900000000003
0 0.13515625 0.6955968810572687 0.071875 0.337405
0 0.203125 0.6291048751835536 0.06312499999999999 0.254699
0 0.3692578125 0.5674676328928048 0.3225 0.8618419999999998
0 0.2571875 0.6840253069016152 0.046875 0.2969929999999999
0 0.4353515625 0.7635551762114536 0.09687499999999999 0.46898499999999993
0 0.52109375 0.7063443127753304 0.05625000000000002 0.381579
0 0.567734375 0.6545387342143906 0.043749999999999956 0.2810149999999999
0 0.672734375 0.6885440323054332 0.07562500000000005 0.4548870000000001
0 0.7237109375 0.7224380308370044 0.07687499999999992 0.43233099999999997
0 0.80609375 0.7317158942731278 0.1499999999999999 0.520677
0 0.976484375 0.6310405947136564 0.04437500000000005 0.3280079999999999
