0 0.4091015625 0.37007552941176475 0.065 0.17043399999999995
0 0.11859375 0.49112152941176473 0.11875 0.22033899999999998
0 0.23515625 0.4543975294117647 0.10249999999999998 0.21845600000000007
0 0.33453125 0.6120804705882353 0.195625 0.38418100000000005
0 0.3821875 0.5120688823529411 0.078125 0.23163899999999993
0 0.522578125 0.568649294117647 0.09875 0.37853099999999995
0 0.597890625 0.5345934117647059 0.083125 0.29943499999999995
0 0.579453125 0.41511564705882353 0.036250000000000004 0.09039600000000003
0 0.7166015625 0.6330288235294118 0.28437500000000004 0.396422
0 0.6222265625 0.415348 0.034375000000000044 0.10169500000000001
0 0.6725390625 0.45916941176470594 0.08062500000000006 0.19773999999999997
0 0.882734375 0.6000301176470588 0.13750000000000007 0.3229759999999999
