0 0.6980859374999999 0.6188332415812591 0.48312499999999997 0.7579739999999999
0 0.6878125 0.2326190614934114 0.016874999999999973 0.04784300000000001
0 0.7062109375 0.23907180380673496 0.015000000000000013 0.04315200000000003
0 0.7081640625 0.1895371595900439 0.018750000000000044 0.02720500000000001
0 0.709140625 0.21134167496339676 0.020000000000000018 0.038461000000000016
0 0.72484375 0.255019803806735 0.024375000000000036 0.042213
0 0.7178515625 0.17054764421669108 0.00374999999999992 0.01688599999999999
0 0.7246875 0.19434141727672033 0.015625 0.032833000000000015
0 0.7259375 0.2207226749633968 0.016874999999999973 0.038460999999999974
0 0.7298828125 0.15846690190336749 0.011249999999999982 0.02063800000000002
0 0.7387890625 0.17370341727672034 0.018125000000000058 0.03283400000000001
0 0.7419921875 0.22571028843338217 0.02187500000000009 0.030956999999999957
0 0.7418359375 0.1914131595900439 0.014375000000000027 0.02720499999999999
0 0.7440625 0.24980267496339678 0.016875000000000084 0.04033799999999998
0 0.7530078125 0.1588787730600293 0.010000000000000009 0.018762000000000004
0 0.7574609375 0.22946328843338215 0.01375000000000004 0.030956999999999957
0 0.75828125 0.15700277306002927 0.008750000000000036 0.018761000000000014
0 0.7605078125 0.19370203074670575 0.011249999999999982 0.02345199999999999
0 0.7692578125 0.15846690190336749 0.010624999999999996 0.02063800000000002
