0 0.4986979166666667 0.6923046875 0.999167 0.19500000000000006
0 0.08453125 0.4281640625 0.16583299999999998 0.174375
0 0.24010450000000003 0.91703125 0.17333300000000004 0.16437500000000005
0 0.4006246666666667 0.6953906249999999 0.3666669999999999 0.39625000000000005
0 0.35661424999999997 0.8295703125 0.2275 0.33875
0 0.46453125 0.4500390625 0.16416700000000004 0.3625
0 0.7051041666666666 0.918203125 0.13166700000000006 0.16125
0 0.7184892499999999 0.29828125 0.07083400000000022 0.16562500000000002
0 0.92338575 0.4692578125 0.15000000000000005 0.22875
0 0.9196871666666667 0.9449609375 0.06833399999999996 0.10812500000000003
