0 0.1816015625 0.32665736310395316 0.0975 0.3724199999999999
0 0.159375 0.08199121522693997 0.033125000000000016 0.166041
0 0.240234375 0.4555777306002928 0.07437500000000002 0.1763599999999999
0 0.26363281250000004 0.4955210805270864 0.10500000000000001 0.25328300000000004
0 0.275390625 0.3680899941434846 0.05125000000000002 0.09286999999999998
0 0.3044921875 0.44112079795021963 0.053749999999999964 0.13226999999999994
0 0.376875 0.6556883440702781 0.125625 0.16791700000000004
0 0.4998046875 0.5142129824304539 0.1325 0.274859
0 0.532109375 0.46131998828696924 0.07562500000000005 0.1829270000000001
0 0.58125 0.5809312401171303 0.09375 0.28048700000000004
0 0.6146875 0.6852425959004393 0.11062499999999997 0.263602
0 0.67734375 0.541793411420205 0.05625000000000002 0.12476600000000006
