0 0.2972265625 0.7528656341463414 0.06562499999999999 0.3043899999999998
0 0.359609375 0.6868294634146341 0.07437499999999997 0.29365800000000014
0 0.3798046875 0.5481709512195122 0.06937499999999996 0.14243900000000007
0 0.4075390625 0.8110978048780487 0.08187500000000003 0.312195
0 0.4201953125 0.39792695121951216 0.026875000000000038 0.14048800000000003
0 0.4644921875 0.6297563414634146 0.05375000000000002 0.27024400000000004
0 0.481328125 0.49054843902439027 0.06812499999999999 0.11414699999999997
0 0.4952734375 0.6887804634146342 0.06124999999999997 0.29365899999999995
0 0.5921875 0.4399999756097561 0.04875000000000007 0.1951219999999999
0 0.5956640625 0.2601221463414634 0.018749999999999933 0.07999999999999999
0 0.6239453125 0.255670756097561 0.026875000000000093 0.07804899999999995
0 0.8558203125 0.26945153658536586 0.026874999999999982 0.08390199999999998
