0 0.496875 0.5548676032210834 0.12562500000000004 0.650094
0 0.187890625 0.5604005666178624 0.145 0.7176359999999998
0 0.313828125 0.6166596281112738 0.22312499999999996 0.7645399999999999
0 0.3240625 0.19912152269399708 0.14125000000000004 0.399625
0 0.6828515625 0.7317624494875549 0.28437500000000004 0.533771
0 0.6563671875 0.6126513879941435 0.11624999999999996 0.487805
0 0.721328125 0.7524263879941434 0.224375 0.48874300000000004
0 0.7573046875 0.7507337437774525 0.28874999999999995 0.4737339999999999
0 0.7332421875 0.3536338477306003 0.11624999999999996 0.36303899999999995
0 0.84671875 0.7503919707174233 0.27437500000000004 0.454972
0 0.8172265625 0.3437267188872621 0.09687499999999993 0.358349
0 0.9719921875 0.7660413572474379 0.053749999999999964 0.4643529999999999
