0 0.1783984375 0.3637327815126051 0.06125 0.269106
0 0.0605859375 0.37342446218487396 0.076875 0.07750199999999999
0 0.095859375 0.41328826890756304 0.074375 0.16469300000000003
0 0.2533984375 0.6094775210084034 0.12312500000000001 0.314317
0 0.304609375 0.49885364705882346 0.10625000000000001 0.190528
0 0.309453125 0.3438688907563025 0.03687499999999999 0.135629
0 0.380859375 0.6995372941176471 0.169375 0.37890299999999993
0 0.3382421875 0.2942407899159664 0.023125000000000007 0.07534999999999999
0 0.36625 0.360543268907563 0.06437499999999996 0.16469300000000003
0 0.3751953125 0.26685746218487394 0.02562500000000001 0.07965599999999999
0 0.3981640625 0.30810244537815124 0.04999999999999999 0.06889100000000002
0 0.4203125 0.4415592016806722 0.07937500000000003 0.12163599999999997
0 0.443046875 0.321887806722689 0.06 0.085038
0 0.45703125 0.2928238067226891 0.03999999999999998 0.08611400000000001
0 0.5237109375 0.4429559411764706 0.10750000000000004 0.167922
0 0.5037109375 0.30768616806722693 0.044999999999999984 0.10118399999999998
0 0.569296875 0.6642799831932773 0.15250000000000002 0.39289500000000005
0 0.6202734375 0.4862013361344538 0.06062500000000004 0.203444
0 0.6840234375 0.3067580756302521 0.18624999999999992 0.24757800000000005
0 0.659921875 0.5941438319327731 0.12187499999999996 0.300323
