0 0.884296875 0.4854684166666667 0.09062500000000007 0.42166700000000007
0 0.2555859375 0.6585413333333333 0.13999999999999999 0.511667
0 0.4939453125 0.44661424999999993 0.15124999999999994 0.3516670000000001
0 0.4781640625 0.19786458333333334 0.04937500000000006 0.20666700000000002
0 0.594453125 0.14901075 0.06687500000000002 0.180833
0 0.7512109375 0.1790628333333333 0.04562500000000003 0.12083300000000001
0 0.7590234375 0.04380241666666667 0.030000000000000027 0.045833000000000006
0 0.79859375 0.04750033333333333 0.02375000000000005 0.0425
0 0.806875 0.04901075 0.03312499999999996 0.056666
0 0.8500390625 0.19249966666666665 0.05062499999999992 0.20833400000000002
0 0.8683203125 0.05098925000000001 0.026874999999999982 0.0725
0 0.8825 0.036458333333333336 0.03125 0.075
