0 0.4990234375 0.26061493411420206 0.999375 0.523452
0 0.019453125 0.4797574363103953 0.03625 0.23733599999999996
0 0.061953125 0.4793455651537335 0.066875 0.241088
0 0.146640625 0.48669214787701315 0.05249999999999999 0.20919300000000002
0 0.1921875 0.4914532459736457 0.04749999999999999 0.18855500000000003
0 0.2332421875 0.4841757613469985 0.05374999999999999 0.20168900000000006
0 0.26863281250000004 0.4720249209370424 0.04187499999999997 0.22701700000000005
0 0.2840625 0.4730771786237189 0.048750000000000016 0.23264500000000007
0 0.3229296875 0.4641522093704245 0.06937500000000002 0.25703600000000004
0 0.3469140625 0.45740185358711566 0.04999999999999999 0.27110700000000004
0 0.389921875 0.47518169399707166 0.05937500000000001 0.24484
0 0.4463671875 0.4929605344070278 0.05375000000000002 0.21951299999999996
0 0.4508203125 0.46794836896046854 0.057499999999999996 0.28236399999999995
0 0.5124609375 0.44827430746705704 0.04500000000000004 0.23639800000000005
0 0.5215624999999999 0.5259596691068814 0.046875000000000056 0.13039399999999998
0 0.5751953125 0.46618662664714494 0.08812500000000001 0.28705400000000003
0 0.641015625 0.45598088433382133 0.05125000000000002 0.29456
0 0.67109375 0.46543198243045386 0.05499999999999994 0.2729829999999999
0 0.6912890625 0.5025258901903368 0.050000000000000044 0.204503
0 0.7391015625 0.40412292679355777 0.06624999999999992 0.136961
0 0.817890625 0.4041670863836017 0.05249999999999999 0.161351
0 0.8610546875 0.4419704787701318 0.03874999999999995 0.08067499999999998
0 0.8865625 0.3968464421669107 0.04749999999999999 0.14821700000000004
0 0.9731640625 0.4474947247437775 0.05062500000000003 0.26735400000000004
