0 0.404765625 0.5715856822840409 0.08374999999999999 0.425891
0 0.15187499999999998 0.530924130307467 0.094375 0.48217599999999994
0 0.2066796875 0.4984493382137628 0.06937500000000002 0.25891200000000003
0 0.31921875 0.48163343631039535 0.05499999999999999 0.23733600000000002
0 0.3627734375 0.5381210131771595 0.060624999999999984 0.29643500000000006
0 0.458203125 0.4574537306002928 0.03687499999999999 0.17635999999999996
0 0.56625 0.47850360175695467 0.03312499999999996 0.17542199999999997
0 0.663203125 0.4705607920937042 0.03562500000000002 0.22514099999999995
0 0.738359375 0.49085701903367496 0.043749999999999956 0.20544100000000004
0 0.805546875 0.4780917306002928 0.06000000000000005 0.177298
0 0.858125 0.4768551171303075 0.03125 0.18480299999999997
0 0.892421875 0.4973529209370425 0.028124999999999956 0.22701699999999994
0 0.928515625 0.46513436896046856 0.05125000000000002 0.281426
0 0.964453125 0.5822723938506589 0.06812499999999999 0.395873
