0 0.0380859375 0.8151209411764706 0.076875 0.36628999999999995
0 0.138671875 0.5610808823529412 0.2775 0.779661
0 0.25082031250000003 0.5501552352941176 0.151875 0.44161900000000004
0 0.2506640625 0.419539 0.019374999999999976 0.05084700000000001
0 0.3653515625 0.5098896470588236 0.09625 0.240113
0 0.36765625 0.2871824117647059 0.03999999999999998 0.049905999999999964
0 0.463203125 0.33695005882352946 0.03562500000000002 0.13747699999999993
0 0.5330078125 0.33088764705882356 0.041874999999999996 0.13935999999999998
0 0.6042578125 0.3277664117647059 0.04125000000000001 0.148776
0 0.795 0.6122241176470589 0.4075 0.7721279999999999
