0 0.00390625 0.3524506470588235 0.00875 0.038606999999999995
0 0.005859375 0.26663588235294117 0.0125 0.08098000000000002
0 0.0078125 0.5145781176470589 0.01625 0.07344700000000001
0 0.0084375 0.5454197647058824 0.016875 0.05932199999999998
0 0.0328515625 0.6121248235294118 0.065625 0.19491499999999998
0 0.0196484375 0.5901404705882353 0.029375000000000002 0.08474599999999997
0 0.0194921875 0.3574965882352942 0.023125 0.10452
0 0.0253125 0.617807588235294 0.016875 0.05367200000000009
0 0.0333984375 0.6494518823529412 0.030625000000000003 0.129943
0 0.0371484375 0.22637923529411766 0.029375 0.09133699999999996
0 0.0515234375 0.6026671176470588 0.029375000000000005 0.12240999999999995
0 0.058046875 0.5198041176470588 0.028124999999999997 0.12335200000000003
0 0.0626171875 0.20042664705882354 0.021875 0.09039500000000002
0 0.08671875 0.20961029411764706 0.024375000000000008 0.077213
0 0.1203125 0.13358223529411764 0.01625 0.04237300000000001
0 0.122265625 0.24550747058823533 0.02062499999999999 0.08474599999999993
0 0.1334375 0.09114635294117647 0.015625 0.06403
0 0.142421875 0.5686635294117647 0.028124999999999983 0.06779700000000002
0 0.1993359375 0.6532711764705882 0.13874999999999998 0.15630800000000003
0 0.175625 0.2540986470588235 0.03187499999999999 0.09039599999999999
0 0.1826953125 0.1978455882352941 0.026874999999999982 0.054613999999999996
0 0.1812890625 0.5680177647058824 0.019375000000000003 0.06026399999999997
0 0.2430859375 0.5698262941176471 0.13999999999999999 0.127119
0 0.2025 0.5703664705882354 0.03187499999999999 0.08474599999999997
0 0.2013671875 0.36450099999999996 0.023125000000000007 0.10263600000000006
0 0.2070703125 0.2064890588235294 0.02562500000000001 0.08662900000000001
0 0.209140625 0.5484771176470588 0.020625000000000004 0.07156300000000003
0 0.215390625 0.29476870588235293 0.020625000000000004 0.07532899999999998
0 0.2110546875 0.5121771176470589 0.006874999999999992 0.02165700000000002
0 0.2149609375 0.5484771176470588 0.014374999999999999 0.07156300000000003
0 0.2240625 0.3709758235294118 0.017500000000000016 0.09510399999999998
0 0.2303125 0.5522431176470588 0.015625 0.07344599999999994
0 0.23671875 0.3850369411764705 0.024375000000000008 0.11581900000000005
0 0.2382421875 0.5521269411764705 0.021875000000000006 0.06685500000000004
0 0.23515625 0.011764705882352941 0.00874999999999998 0.023539999999999995
0 0.2393359375 0.025 0.013749999999999984 0.050847
0 0.2432421875 0.4991635882352941 0.02312499999999998 0.054613999999999996
0 0.2425390625 0.4482632941176471 0.018125000000000002 0.02730699999999991
0 0.2444921875 0.47573976470588236 0.021874999999999978 0.05932200000000006
0 0.2434375 0.4639750588235294 0.016250000000000014 0.03672299999999997
0 0.2440625 0.06919211764705882 0.017499999999999988 0.072505
0 0.2515625 0.01911764705882353 0.015625000000000028 0.039548
0 0.2583203125 0.5720694117647059 0.02562499999999998 0.09792900000000002
0 0.2553125 0.0573635294117647 0.015625 0.06779700000000001
0 0.2729296875 0.7010608235294117 0.03875000000000001 0.1468930000000001
0 0.2766796875 0.6794144117647059 0.03750000000000003 0.09887000000000003
0 0.267109375 0.04107088235294118 0.012500000000000011 0.030132
0 0.2794921875 0.5684834705882353 0.021875000000000033 0.08286199999999999
0 0.2826953125 0.6282817647058824 0.026874999999999982 0.061204999999999975
0 0.279609375 0.05572447058823529 0.013124999999999998 0.034839999999999996
0 0.2869140625 0.4824469411764706 0.019374999999999976 0.06685500000000004
0 0.28328125 0.06307741176470588 0.008124999999999993 0.049906000000000006
0 0.2894140625 0.11815711764705884 0.018125000000000002 0.07156299999999999
0 0.2913671875 0.44319517647058826 0.021874999999999978 0.05743899999999998
0 0.314453125 0.4361801764705882 0.06687500000000002 0.108286
0 0.29421875 0.28687558823529413 0.024375000000000036 0.10451999999999996
0 0.296171875 0.5838341176470588 0.02812500000000001 0.12335300000000002
0 0.2971484375 0.5138694705882353 0.030625000000000013 0.08286300000000006
0 0.2898828125 0.40329864705882357 0.011250000000000038 0.04048899999999996
0 0.2955859375 0.07419735294117646 0.015000000000000013 0.06308799999999999
0 0.3014453125 0.5290516470588235 0.02562500000000001 0.08851200000000006
0 0.298359375 0.4050015882352941 0.012500000000000011 0.053672000000000004
0 0.3057421875 0.04418152941176471 0.021875000000000033 0.06968
0 0.3024609375 0.586723 0.013749999999999984 0.10263700000000009
0 0.30203125 0.01982629411764706 0.008750000000000036 0.027306999999999998
0 0.314921875 0.4446551764705882 0.028124999999999956 0.106403
0 0.3155078125 0.024883823529411764 0.011250000000000038 0.044256
0 0.3187109375 0.06730911764705882 0.015000000000000013 0.07062199999999999
0 0.3251171875 0.1641160588235294 0.021874999999999978 0.08662900000000001
0 0.3244140625 0.42094570588235297 0.018125000000000002 0.07532899999999994
0 0.3576171875 0.5067267058823529 0.085625 0.17608300000000002
0 0.3288671875 0.0731914705882353 0.023125000000000007 0.084746
0 0.3390234375 0.5951341176470588 0.030624999999999958 0.12146900000000004
0 0.3376171875 0.22667547058823528 0.02312499999999995 0.08474600000000002
0 0.3376171875 0.4224162941176471 0.02312499999999995 0.077213
0 0.3353125 0.24145582352941178 0.015625 0.04425599999999999
0 0.339609375 0.16312176470588235 0.012500000000000011 0.061205000000000016
0 0.348671875 0.06813494117647059 0.028124999999999956 0.064971
0 0.3465625 0.07631270588235294 0.017500000000000016 0.07533000000000001
0 0.3519921875 0.22773364705882354 0.021874999999999978 0.08851199999999998
0 0.3454296875 0.17331029411764706 0.007499999999999951 0.029190999999999977
0 0.3512890625 0.5730637058823529 0.018124999999999947 0.1261770000000001
0 0.3486328125 0.14841588235294118 0.011249999999999982 0.030131999999999985
0 0.3570703125 0.38863447058823525 0.02562500000000001 0.084745
0 0.3540625 0.17648482352941178 0.016874999999999973 0.046138999999999986
0 0.3639453125 0.6712366470588236 0.02562500000000001 0.08945400000000005
0 0.3632421875 0.25074505882352943 0.021875000000000033 0.08757100000000001
0 0.363359375 0.039473529411764706 0.013124999999999998 0.06779600000000001
0 0.3738671875 0.6576935294117647 0.021875000000000033 0.11958599999999994
0 0.3756640625 0.04618070588235294 0.018125000000000002 0.07533
0 0.38234375 0.5750744705882352 0.024375000000000036 0.08286300000000006
0 0.3806640625 0.2450950588235294 0.018125000000000002 0.08757100000000005
0 0.3846875 0.03988594117647059 0.016874999999999973 0.065913
0 0.391796875 0.5804921176470588 0.02812500000000001 0.07344600000000003
0 0.3933984375 0.34219823529411764 0.030625000000000013 0.09322000000000004
0 0.39171875 0.4114658235294117 0.02437499999999998 0.09698700000000006
0 0.3938671875 0.08478770588235295 0.023125000000000007 0.07532900000000001
0 0.3938671875 0.256215 0.023125000000000007 0.10075300000000002
0 0.407734375 0.6740500588235294 0.044375 0.136535
0 0.397265625 0.1560544705882353 0.020625000000000004 0.084745
0 0.4082421875 0.5198795882352941 0.023125000000000007 0.053672000000000004
0 0.419609375 0.8104049999999999 0.04375000000000001 0.1525420000000001
0 0.408515625 0.556591 0.020625000000000004 0.100754
0 0.4103125 0.08708311764705882 0.015625 0.073446
0 0.4119140625 0.41123347058823534 0.019374999999999976 0.08380399999999995
0 0.4184375 0.47103176470588237 0.016249999999999987 0.05932199999999998
0 0.4194140625 0.03235294117647059 0.01874999999999999 0.065913
0 0.41578125 0.025 0.009375000000000022 0.051789
0 0.445078125 0.48589552941176467 0.06812499999999999 0.16854900000000006
0 0.4322265625 0.563183 0.03437499999999999 0.10169500000000009
0 0.4249609375 0.0780795294117647 0.014999999999999958 0.06967999999999999
0 0.4288671875 0.48651017647058825 0.02312499999999995 0.05837999999999999
0 0.4320703125 0.4794418823529412 0.02562500000000001 0.0809799999999999
0 0.4313671875 0.4324247647058823 0.02312499999999995 0.05932199999999998
0 0.4287109375 0.44596788235294116 0.014375000000000027 0.031072999999999993
0 0.42640625 0.026470588235294117 0.008750000000000036 0.053672000000000004
0 0.4346875 0.0818465294117647 0.015625 0.069679
0 0.4388671875 0.6010803529411765 0.023125000000000007 0.11205200000000007
0 0.45609375 0.6697438823529412 0.05499999999999999 0.17984899999999993
0 0.4401171875 0.711017 0.023125000000000007 0.10075300000000002
0 0.440390625 0.1743045882352941 0.020625000000000004 0.05555599999999998
0 0.44359375 0.2202006470588235 0.02437499999999998 0.08945400000000005
0 0.4510546875 0.20725000000000002 0.03749999999999998 0.10263699999999996
0 0.4421875 0.19943235294117648 0.016874999999999973 0.06403
0 0.4546484375 0.673404294117647 0.029374999999999984 0.1271190000000001
0 0.4480859375 0.0818465294117647 0.015000000000000013 0.06779600000000001
0 0.4551953125 0.6988921764705883 0.02562500000000001 0.108286
0 0.4505859375 0.44031788235294117 0.01375000000000004 0.031073999999999977
0 0.4498828125 0.16860229411764707 0.010000000000000009 0.028248999999999986
0 0.4537890625 0.6162208235294118 0.019374999999999976 0.045198000000000106
0 0.4550390625 0.4989196470588235 0.018125000000000002 0.09039599999999995
0 0.4569921875 0.053597529411764704 0.021875000000000033 0.068738
0 0.4600390625 0.2036640588235294 0.01937500000000003 0.08662900000000001
0 0.4615625 0.446380294117647 0.015625 0.029189999999999994
0 0.4615625 0.597981294117647 0.01687500000000003 0.027306999999999998
0 0.4657421875 0.4974490588235294 0.021874999999999978 0.08662899999999997
0 0.4656640625 0.023529411764705882 0.018125000000000002 0.047081
0 0.475625 0.5551842941176471 0.03125 0.07721299999999992
0 0.4738671875 0.6466907647058824 0.022499999999999964 0.1101689999999999
0 0.4705078125 0.43884729411764706 0.011249999999999982 0.029189999999999994
0 0.4717578125 0.06443182352941176 0.011250000000000038 0.04613899999999999
0 0.473984375 0.47603599999999996 0.012500000000000011 0.051789
0 0.48109375 0.21996829411764707 0.024375000000000036 0.07909599999999996
0 0.4845703125 0.26663588235294117 0.026875000000000038 0.08098000000000002
0 0.4825390625 0.7215550588235293 0.018125000000000002 0.08568700000000015
0 0.5274609375 0.3054113529411765 0.10875000000000001 0.11393599999999997
0 0.4821875 0.07702135294117647 0.01687500000000003 0.06402999999999999
0 0.4978125 0.2888224705882353 0.04749999999999999 0.08474600000000002
0 0.482734375 0.4326048235294118 0.013124999999999998 0.04425599999999995
0 0.4853125 0.020588235294117647 0.01687500000000003 0.043315
0 0.4862109375 0.5221750000000001 0.014375000000000027 0.051789
0 0.4901171875 0.3513818823529412 0.021874999999999978 0.080979
0 0.514453125 0.35832241176470586 0.06687499999999996 0.09792799999999999
0 0.5720703125 0.5837596470588235 0.18312500000000004 0.19114899999999999
0 0.4951171875 0.5672985294117647 0.02312499999999995 0.12052699999999987
0 0.497265625 0.0761965294117647 0.021250000000000047 0.06967999999999999
0 0.4961328125 0.43131429411764705 0.011249999999999927 0.027306999999999998
0 0.4967578125 0.24499047058823528 0.011250000000000038 0.032956000000000034
0 0.5045703125000001 0.7260191176470588 0.025624999999999953 0.12335200000000003
0 0.5015625 0.5121132352941176 0.016249999999999987 0.04237300000000003
0 0.5018359375 0.34867305882352945 0.015000000000000013 0.08662899999999997
0 0.5079687500000001 0.3664478823529411 0.02437499999999998 0.080979
0 0.5089453125000001 0.04135652941176471 0.026874999999999927 0.06968
0 0.5157031249999999 0.6955908823529412 0.03687500000000005 0.13182699999999992
0 0.5100390625 0.2174395294117647 0.018125000000000058 0.06779600000000005
0 0.525234375 0.2419854117647059 0.043749999999999956 0.04708100000000002
0 0.5176953125 0.5568243529411765 0.02562500000000001 0.11205200000000007
0 0.520625 0.5720065294117647 0.03187499999999999 0.11770200000000006
0 0.5165625 0.2976565882352941 0.015625 0.053673000000000026
0 0.519765625 0.5020524705882352 0.020625000000000004 0.03483999999999997
0 0.5295703125 0.372922705882353 0.026874999999999982 0.07533000000000001
0 0.5230078125 0.23004064705882352 0.011250000000000093 0.04048900000000005
0 0.5319140625 0.30395235294117645 0.01937500000000003 0.06308800000000006
0 0.53078125 0.28042294117647054 0.008750000000000036 0.015066000000000034
0 0.536640625 0.15982047058823529 0.020625000000000004 0.08380399999999999
0 0.539140625 0.4292512352941177 0.020625000000000004 0.042372999999999945
0 0.5406640625 0.364977294117647 0.01937500000000003 0.077213
0 0.5438671875 0.5776555294117647 0.023125000000000062 0.11770300000000003
0 0.5421875 0.30413241176470585 0.016874999999999973 0.04990500000000007
0 0.541484375 0.09856217647058822 0.013124999999999942 0.058381
0 0.5465625 0.22533264705882353 0.016250000000000098 0.04048900000000001
0 0.5505859375 0.30895658823529415 0.015000000000000013 0.053672000000000004
0 0.5525390625 0.15858223529411766 0.018750000000000044 0.09133700000000003
0 0.5540625 0.494921294117647 0.016249999999999987 0.07721200000000002
0 0.557265625 0.43007605882352934 0.020625000000000004 0.036724000000000034
0 0.5582421875 0.10214911764705882 0.021874999999999978 0.07156300000000003
0 0.5621484375 0.6246203529411765 0.02937500000000004 0.11393600000000005
0 0.5728125 0.4606621764705882 0.0475000000000001 0.10640300000000008
0 0.563671875 0.6077875294117647 0.028124999999999956 0.11864399999999996
0 0.5600390625 0.45479141176470583 0.01937500000000003 0.04708100000000002
0 0.5612890625 0.32095364705882357 0.01937500000000003 0.08851199999999998
0 0.567421875 0.5646535882352941 0.028125000000000067 0.10357800000000009
0 0.5618359375 0.056486411764705875 0.014374999999999916 0.048022
0 0.5696484375 0.3255454705882353 0.030624999999999902 0.08286300000000002
0 0.574921875 0.4758559411764706 0.028749999999999942 0.06685499999999996
0 0.5693359375 0.10091088235294117 0.014375000000000027 0.08098
0 0.576171875 0.2184444117647059 0.028750000000000053 0.049906000000000006
0 0.570234375 0.41707411764705876 0.012500000000000067 0.022599000000000095
0 0.5788671875 0.44625252941176463 0.023125000000000062 0.06968000000000003
0 0.5755078125 0.5217102941176471 0.009999999999999898 0.02730699999999991
0 0.5799609375 0.0671929411764706 0.01375000000000004 0.065913
0 0.58609375 0.5675947647058823 0.024375000000000036 0.11111100000000007
0 0.5856640625 0.043715823529411765 0.018124999999999947 0.04614
0 0.5888671875 0.09849929411764707 0.021874999999999978 0.07721199999999999
0 0.597578125 0.6826412352941176 0.03687499999999999 0.14406800000000003
0 0.5931640625 0.2138525882352941 0.018125000000000058 0.053672999999999985
0 0.6018359375 0.49828547058823525 0.01375000000000004 0.03484000000000006
0 0.6028125 0.46262064705882355 0.016249999999999987 0.04048899999999996
0 0.6057421875 0.5578408235294118 0.021874999999999978 0.044256000000000115
0 0.602109375 0.06760535294117648 0.012500000000000067 0.062147
0 0.6055859375 0.21026664705882356 0.01375000000000004 0.03860599999999997
0 0.609765625 0.06218870588235294 0.020625000000000004 0.07532900000000001
0 0.6103125 0.5878556470588234 0.016874999999999973 0.04049000000000003
0 0.6119140625 0.42730435294117647 0.01937500000000003 0.06402999999999996
0 0.6176953125 0.5335378823529411 0.026874999999999982 0.03013200000000007
0 0.6202734375 0.6588678823529411 0.030625000000000013 0.13182700000000008
0 0.616015625 0.48738829411764706 0.020625000000000004 0.079096
0 0.6098046875 0.013235294117647059 0.007499999999999951 0.028248999999999996
0 0.6226953125 0.5741973529411765 0.026874999999999982 0.062145999999999986
0 0.6215625 0.20649964705882354 0.015625 0.04048999999999999
0 0.6224609375 0.025 0.014375000000000027 0.051789
0 0.6294140625 0.4918000588235294 0.018750000000000044 0.08662899999999997
0 0.636640625 0.5515983529411764 0.020625000000000004 0.06308800000000006
0 0.63859375 0.2052624117647059 0.024375000000000036 0.04802199999999998
0 0.6401953125 0.3377864705882353 0.026875000000000093 0.08286300000000006
0 0.646953125 0.5798463529411765 0.03562500000000002 0.06403000000000005
0 0.6512890625 0.47390905882352935 0.018750000000000044 0.08568700000000007
0 0.658515625 0.504337294117647 0.020625000000000004 0.07909599999999992
0 0.722890625 0.5170741176470588 0.145625 0.22127999999999998
0 0.6612890625 0.2014954117647059 0.01937500000000003 0.049905999999999964
0 0.659609375 0.554666294117647 0.013124999999999942 0.029190000000000077
0 0.6725390625 0.5724189411764706 0.01937500000000003 0.11581899999999996
0 0.6835546875 0.6000744705882353 0.03874999999999995 0.13371
0 0.6845703125 0.49746064705882354 0.02562500000000001 0.03860600000000005
0 0.6812109375 0.1952006470588235 0.015000000000000013 0.04048999999999999
0 0.6863671875 0.13870364705882351 0.02312499999999995 0.03860600000000001
0 0.682734375 0.5268307058823529 0.012499999999999956 0.024482000000000007
0 0.6859375 0.1620635882352941 0.016874999999999973 0.053672999999999985
0 0.7011328125 0.4720889411764706 0.04125000000000001 0.06685499999999996
0 0.6931640625 0.18737141176470587 0.01937500000000003 0.048964000000000014
0 0.697890625 0.46214435294117645 0.020625000000000004 0.06403000000000005
0 0.704375 0.7275419999999999 0.03187499999999999 0.1506590000000001
0 0.70671875 0.34720247058823533 0.024375000000000036 0.08474599999999997
0 0.7126953125 0.554760294117647 0.02562500000000001 0.127119
0 0.7115625 0.43407541176470593 0.016874999999999973 0.04802300000000001
0 0.73546875 0.1788964117647059 0.05625000000000002 0.04802299999999997
0 0.7175390625 0.44248652941176475 0.01937500000000003 0.06779699999999994
0 0.7148828125 0.08503064705882353 0.010624999999999996 0.038607
0 0.73078125 0.5022848235294117 0.039999999999999925 0.04425600000000003
0 0.72796875 0.5574691176470589 0.024374999999999925 0.12146899999999995
0 0.742578125 0.1346404117647059 0.03562500000000002 0.04802299999999999
0 0.7394140625 0.07513835294117646 0.018125000000000058 0.062147
0 0.7394140625 0.5096271764705882 0.01937500000000003 0.106403
0 0.75234375 0.5713607647058824 0.024375000000000036 0.10922799999999999
0 0.7528125 0.029824176470588232 0.01749999999999996 0.056497
0 0.7608203125 0.7264315294117647 0.026874999999999982 0.11958600000000004
0 0.7555859375 0.073023 0.015000000000000013 0.05272999999999999
0 0.7548828125 0.46409123529411767 0.010000000000000009 0.042372999999999945
0 0.7600390625 0.4836212941176471 0.01937500000000003 0.079096
0 0.7690234375 0.34826064705882354 0.030625000000000013 0.09039599999999999
0 0.762109375 0.049133470588235285 0.013125000000000053 0.034839999999999996
0 0.7752734375 0.6941202941176471 0.030625000000000013 0.12805999999999992
0 0.7700390625 0.5713607647058824 0.018125000000000058 0.10922799999999999
0 0.78515625 0.8494767058823529 0.040000000000000036 0.17514100000000013
0 0.781875 0.5348178235294118 0.03249999999999997 0.09604499999999995
0 0.7904296875 0.6377394705882353 0.03875000000000006 0.134652
0 0.783359375 0.06031629411764706 0.012500000000000067 0.027306999999999998
0 0.7971484375 0.35055705882352944 0.02937500000000004 0.08662899999999997
0 0.7995703125 0.5077431764705882 0.026874999999999982 0.10828699999999998
0 0.8023828125 0.06219929411764706 0.010624999999999996 0.027306999999999998
0 0.8165234375 0.640860705882353 0.02937500000000004 0.12523499999999993
0 0.8214453125 0.5117425294117647 0.02562500000000001 0.11958600000000004
0 0.8391796875 0.8444191764705882 0.03749999999999998 0.15630900000000017
0 0.876953125 0.8473603529411764 0.03562500000000002 0.161959
0 0.898125 0.8249414117647058 0.03312500000000007 0.1497180000000001
0 0.9082421875 0.34931882352941174 0.023125000000000062 0.09416200000000004
0 0.90921875 0.5273371176470588 0.024375000000000036 0.12146900000000004
0 0.9308203125 0.34449464705882354 0.026874999999999982 0.08851200000000002
0 0.9313671875 0.5412287647058823 0.02312499999999995 0.11017000000000006
0 0.9451953125 0.6010270588235294 0.026874999999999982 0.08662900000000005
0 0.953984375 0.6882902352941176 0.04312499999999997 0.14312699999999995
0 0.9464453125 0.5392401764705882 0.02562500000000001 0.056498000000000055
0 0.9483203125 0.5728313529411765 0.02562500000000001 0.11393599999999997
0 0.9601953125 0.5823635294117647 0.02562500000000001 0.11958599999999994
0 0.9684375 0.6118613529411765 0.016250000000000098 0.06403000000000005
0 0.9795703125 0.3463776470588235 0.026874999999999982 0.08851200000000006
0 0.97984375 0.6070371764705883 0.024375000000000036 0.05649699999999991
0 0.9858203125 0.6799324117647059 0.026249999999999996 0.1487760000000001
0 0.98609375 0.622981294117647 0.025000000000000022 0.07909600000000008
0 0.9915625 0.35450311764705883 0.015625 0.07156299999999999
0 0.9924609375 0.3363274705882353 0.01375000000000004 0.033897999999999984
