0 0.0898434375 0.6984329477806789 0.061523999999999995 0.16318600000000014
0 0.1933598125 0.6919056684073107 0.042968000000000006 0.12793799999999997
0 0.25683612499999997 0.7375982088772846 0.09960899999999998 0.3537859999999999
0 0.410156375 0.6932114986945169 0.043944999999999956 0.154047
0 0.518555125 0.7049610156657964 0.03613199999999994 0.15274099999999996
0 0.5585935 0.7036549477806788 0.046875 0.16318599999999991
0 0.6152343125 0.7036554986945169 0.05664099999999994 0.15535199999999996
0 0.649414125 0.7062660496083552 0.03710900000000006 0.14882499999999993
0 0.7197265625 0.6958219817232376 0.035155999999999965 0.15796400000000002
0 0.7900390625 0.6958225326370758 0.04980499999999999 0.15012999999999999
0 0.8291018125 0.701044091383812 0.07324199999999992 0.21932100000000007
