0 0.9403125 0.6240104166666667 0.11124999999999996 0.6383329999999999
0 0.0432421875 0.4751045 0.021875 0.04916599999999997
0 0.0900390625 0.5784375 0.018125000000000002 0.04916700000000004
0 0.1095703125 0.5801045 0.026249999999999996 0.04750000000000002
0 0.145390625 0.38104166666666667 0.020625000000000004 0.053333
0 0.4160546875 0.42875033333333334 0.03749999999999998 0.105833
0 0.616953125 0.6083850833333333 0.130625 0.315834
0 0.758203125 0.55703125 0.06812499999999999 0.1641670000000001
0 0.7595703125 0.48083366666666666 0.05812500000000009 0.08416600000000003
0 0.857578125 0.4795833333333333 0.06687500000000002 0.10499999999999998
