0 0.183046875 0.4980211666666667 0.028749999999999998 0.06916599999999999
0 0.366953125 0.7225520833333333 0.036250000000000004 0.06750000000000005
0 0.42015625 0.7502607500000001 0.03999999999999998 0.11749999999999987
0 0.4548828125 0.97786425 0.04249999999999998 0.04083400000000011
0 0.4806640625 0.9572395833333333 0.08187499999999998 0.051666999999999984
0 0.5615234375 0.67401075 0.06187500000000001 0.05666600000000003
0 0.6394140625 0.9686458333333333 0.05062500000000003 0.058333000000000045
0 0.72125 0.7305211666666667 0.03125 0.06916600000000006
0 0.8003125 0.4980725833333333 0.016249999999999987 0.05166700000000005
0 0.856640625 0.8429684166666668 0.11499999999999999 0.04666699999999994
