0 0.26257933042212517 0.9595380625 0.09333300000000003 0.08050100000000004
0 0.046579330422125184 0.9310975625 0.09466700000000002 0.127907
0 0.32023289665211063 0.9189945625 0.641333 0.15921300000000005
0 0.4963609898107715 0.4631614375 0.994667 0.5930230000000001
0 0.07070193449781659 0.967744 0.097333 0.062612
0 0.4177463915574963 0.9346755625 0.13866699999999996 0.1279070000000001
0 0.4959123304221251 0.92019125 0.09333400000000006 0.10196700000000003
0 0.6304450815138283 0.698513 0.059999999999999956 0.06440099999999993
0 0.7337463915574963 0.3330358125 0.13733400000000007 0.13595700000000005
0 0.7199006855895196 0.5950760625 0.06133400000000001 0.05008900000000005
0 0.9382241630276565 0.961975375 0.11866699999999983 0.07424000000000008
