0 0.0234375 0.9151994615384615 0.046875 0.16338600000000006
0 0.084296875 0.9265137692307693 0.12187500000000001 0.13976399999999994
0 0.2053515625 0.9123713846153847 0.31562500000000004 0.17125999999999994
0 0.203125 0.8344159230769231 0.125625 0.08858199999999984
0 0.2108984375 0.9327253846153847 0.09312499999999999 0.13090599999999994
0 0.36828125 0.9327253846153847 0.10249999999999998 0.13090599999999994
0 0.442578125 0.9440396923076924 0.06687500000000002 0.107284
0 0.5295703125 0.9554789230769232 0.15125 0.08661399999999993
0 0.5073046875 0.9530803846153846 0.03874999999999995 0.09055100000000003
0 0.633671875 0.9530803846153846 0.06000000000000005 0.09055100000000003
0 0.7287109375 0.9706053076923077 0.1399999999999999 0.05610299999999999
0 0.8599609375 0.9771225384615384 0.013749999999999929 0.03838600000000007
