0 0.05286343612334802 0.382265625 0.10620300000000002 0.1775
0 0.04387714684287812 0.29234375 0.056391 0.023749999999999993
0 0.07359943465491924 0.3421875 0.087406 0.109375
0 0.18561501174743025 0.3627734375 0.164474 0.15562499999999996
0 0.1768644375917768 0.263359375 0.12875899999999998 0.07500000000000001
0 0.3078494522760646 0.4204296875 0.333647 0.22562499999999996
0 0.34868058149779735 0.2769921875 0.14379600000000003 0.11625000000000002
0 0.36101657856093977 0.3440625 0.10056400000000008 0.11062500000000003
0 0.4907132995594714 0.36171875 0.19548899999999994 0.14875000000000005
0 0.5040481556534508 0.289765625 0.17951099999999998 0.145
0 0.6442564537444935 0.4067578125 0.352444 0.198125
0 0.6894940088105728 0.31925781249999996 0.125939 0.1675
0 0.8303520117474303 0.371484375 0.167294 0.2
