0 0.0224609375 0.5136458333333334 0.045 0.18416699999999997
0 0.025390625 0.7101041666666666 0.051875 0.13249999999999998
0 0.040546874999999996 0.14843716666666668 0.0275 0.1325
0 0.049375 0.531667 0.033125 0.12749999999999995
0 0.0620703125 0.6992711666666667 0.058124999999999996 0.13083299999999998
0 0.08421875000000001 0.4935416666666667 0.055625 0.1775
0 0.090234375 0.6847399166666667 0.04375 0.09333300000000004
0 0.0966015625 0.16125033333333333 0.035 0.10666600000000002
0 0.13035156250000002 0.1706770833333333 0.03499999999999999 0.09833299999999999
0 0.2259375 0.2647399166666667 0.046875 0.09166600000000003
0 0.23640625 0.45692741666666664 0.04000000000000001 0.20166599999999998
0 0.279609375 0.8063020833333333 0.043125000000000024 0.12916699999999995
0 0.2701171875 0.12942741666666666 0.022499999999999964 0.0775
0 0.2997265625 0.44265591666666665 0.03437499999999999 0.15499999999999994
0 0.2995703125 0.1290625 0.02562500000000001 0.07916699999999999
0 0.3161328125 0.8238541666666667 0.04124999999999995 0.1941669999999999
0 0.3298046875 0.36979200000000007 0.03874999999999995 0.15833300000000003
0 0.371484375 0.8409895833333333 0.04375000000000001 0.239167
0 0.6184765625 0.6648961666666667 0.03499999999999992 0.16249999999999995
0 0.8998828125 0.9182291666666668 0.07374999999999998 0.161667
0 0.9019921875 0.11276041666666665 0.021874999999999978 0.07750000000000001
