0 0.70125 0.8309895833333334 0.06374999999999997 0.2383329999999999
0 0.1708984375 0.6056246666666666 0.06062500000000001 0.11499999999999999
0 0.216171875 0.5981770833333334 0.05937499999999998 0.09666699999999999
0 0.2673046875 0.6179163333333334 0.06875 0.10499999999999998
0 0.346640625 0.6643225833333334 0.051875000000000004 0.11249999999999998
0 0.380625 0.6615100833333334 0.0625 0.09833399999999992
0 0.5257421875 0.8004166666666667 0.08437499999999998 0.27249999999999996
0 0.5903125 0.7963545 0.04749999999999999 0.2358330000000001
0 0.615625 0.7739586666666667 0.03249999999999997 0.115833
0 0.65703125 0.7923958333333334 0.040000000000000036 0.1208329999999999
