0 0.0230859375 0.6127087777777778 0.045 0.277777
0 0.056953125 0.6418054444444444 0.035625 0.20333299999999996
0 0.09007812500000001 0.6122916666666667 0.06687499999999999 0.366667
0 0.1131640625 0.4511107777777778 0.019375000000000003 0.05666700000000002
0 0.152109375 0.6058331111111112 0.07437499999999998 0.35
0 0.2019140625 0.6179171111111111 0.05000000000000002 0.2866659999999999
0 0.2691796875 0.6284722222222222 0.06937500000000002 0.26
0 0.25187499999999996 0.6290273333333334 0.0325 0.23222299999999998
0 0.3006640625 0.6252774444444444 0.04999999999999999 0.266667
0 0.3234765625 0.5875698888888888 0.03437499999999999 0.18666600000000008
0 0.3535546875 0.6430556666666667 0.03875000000000001 0.21000000000000008
0 0.4733984375 0.6297223333333333 0.12312500000000004 0.5444440000000002
0 0.5117578125 0.6524307777777778 0.04124999999999995 0.15222199999999997
0 0.6051171875 0.6088194444444445 0.053749999999999964 0.357778
0 0.6558984375 0.5754163333333334 0.02937500000000004 0.10444499999999993
0 0.6733203125 0.7214582222222222 0.05812499999999998 0.10222200000000006
0 0.680703125 0.5938192222222222 0.06812499999999999 0.16333400000000017
0 0.7230078125 0.649931 0.135625 0.472222
0 0.786171875 0.6013891111111112 0.05875000000000008 0.34777800000000003
0 0.81234375 0.6125001111111111 0.08750000000000002 0.348889
0 0.8764453125 0.6201388888888889 0.08812500000000001 0.34222199999999997
0 0.9076953125 0.6192361111111111 0.05812499999999998 0.3800000000000001
0 0.9512890625 0.6329166666666668 0.018124999999999947 0.14777799999999994
