0 0.1720703125 0.3513364729136164 0.12000000000000001 0.171669
0 0.3262109375 0.34680389019033675 0.60875 0.20450200000000002
0 0.101640625 0.31898544216691066 0.14500000000000002 0.14821700000000002
0 0.325 0.3369486383601757 0.09437499999999999 0.106004
0 0.5076953125 0.3136108960468521 0.24562499999999998 0.11350799999999998
0 0.4673828125 0.19903241727672036 0.009999999999999953 0.03470899999999998
0 0.4808984375 0.20301293265007317 0.029374999999999984 0.04596599999999998
0 0.6839453125 0.35081034407027817 0.05812499999999998 0.16697900000000002
0 0.8004296875 0.5591362284040996 0.22625000000000006 0.461539
0 0.751640625 0.36108518448023424 0.05125000000000002 0.141651
0 0.797890625 0.27693757686676423 0.05249999999999999 0.060037000000000035
0 0.9383984375 0.337247251830161 0.06187500000000001 0.09756100000000004
0 0.95484375 0.6082677188872622 0.08687500000000004 0.35741000000000006
0 0.9438671875 0.39446153440702786 0.053749999999999964 0.21857399999999996
