0 0.1857421875 0.8432549813486371 0.084375 0.26813500000000007
0 0.10296875 0.7360492912482067 0.024375000000000008 0.14325099999999996
0 0.125546875 0.7303099340028695 0.02812500000000001 0.177226
0 0.2284765625 0.8040008149210905 0.03437499999999999 0.18824599999999986
0 0.2476953125 0.7653198507890961 0.026875000000000038 0.13682299999999992
0 0.5490234375 0.7805865294117649 0.029999999999999916 0.12029399999999993
0 0.6643359375 0.7380036843615496 0.014375000000000027 0.05601499999999995
0 0.6762109375 0.7488502855093255 0.014999999999999902 0.07162499999999998
0 0.690234375 0.7341008034433285 0.013125000000000053 0.04499600000000008
0 0.7018359375 0.7369702439024389 0.01375000000000004 0.050504999999999974
0 0.7182421875 0.7296242439024391 0.021874999999999978 0.050504999999999974
0 0.7853125 0.7049456843615495 0.04875000000000007 0.05693299999999999
0 0.8975390625 0.5686973629842181 0.018124999999999947 0.037648999999999926
0 0.9303125 0.5973932439024391 0.016249999999999987 0.05050499999999989
0 0.93140625 0.6901962022955523 0.008750000000000036 0.030303000000000014
0 0.949609375 0.6978300416068867 0.013125000000000053 0.022038999999999975
0 0.965234375 0.7225650832137733 0.013125000000000053 0.041322999999999964
0 0.9804296875 0.7164249225251077 0.006249999999999978 0.03397599999999997
