0 0.04296875 0.44619824999999996 0.08625 0.2891660000000001
0 0.114453125 0.3940104166666667 0.12937500000000002 0.26499999999999996
0 0.21796875 0.6004684166666667 0.275 0.795834
0 0.3548046875 0.50375 0.195 0.565
0 0.4434375 0.4604163333333333 0.14062500000000006 0.48083400000000004
0 0.4976171875 0.45125 0.11625000000000002 0.315
0 0.589609375 0.4007295 0.13687499999999997 0.32833299999999993
0 0.6536328125 0.3922913333333333 0.104375 0.32416700000000004
0 0.723828125 0.40703158333333334 0.09937499999999999 0.330833
0 0.7576953125 0.3171875 0.05687500000000001 0.11166700000000003
0 0.85921875 0.40499999999999997 0.15000000000000002 0.37749999999999995
