0 0.111171875 0.755215793721973 0.05937499999999998 0.17073200000000005
0 0.1690234375 0.8334184529147982 0.060624999999999984 0.278335
0 0.3044921875 0.8634540807174887 0.053749999999999964 0.23816300000000007
0 0.3791015625 0.8733103363228699 0.03500000000000003 0.1578190000000001
0 0.4476171875 0.9013774887892375 0.05312499999999998 0.16212300000000007
0 0.5287109375 0.9023649461883408 0.04625000000000001 0.17647100000000004
0 0.634296875 0.8500011659192824 0.05874999999999997 0.2109040000000001
0 0.7805078125 0.8597704887892376 0.041874999999999996 0.16499300000000017
0 0.8098828125 0.8639875560538117 0.041874999999999996 0.19655699999999987
0 0.864765625 0.8681122511210763 0.05125000000000002 0.18794799999999992
0 0.90640625 0.8879310134529149 0.04062500000000002 0.20659999999999998
0 0.9441015625 0.867210726457399 0.03500000000000003 0.14060299999999998
0 0.97421875 0.841920201793722 0.024374999999999925 0.09612600000000007
