0 0.1846829375 0.8506661786237188 0.045555999999999985 0.233333
0 0.1441451875 0.8696067920937043 0.05444399999999999 0.22499999999999992
0 0.204748375 0.4961514480234261 0.012221999999999983 0.05833399999999994
0 0.25424512499999996 0.5514003499267935 0.036666000000000004 0.07833399999999997
0 0.295893875 0.5557467057101024 0.028889000000000054 0.06166700000000008
0 0.309192375 0.5147343499267936 0.012222999999999984 0.07666599999999996
0 0.3282513125 0.43968731918008785 0.025554999999999994 0.05499999999999999
0 0.387543625 0.4852949326500732 0.020000000000000018 0.04500000000000002
0 0.4665670625 0.5103879941434847 0.01888899999999999 0.09333299999999993
0 0.492560875 0.5030673499267936 0.028888999999999943 0.07833299999999993
0 0.8167015 0.5772568653001464 0.016666999999999987 0.09000000000000004
0 0.9824264375 0.738316251830161 0.031111 0.09833299999999996
