0 0.0234375 0.29387031001890357 0.016875 0.047216000000000036
0 0.0558203125 0.19200633837429112 0.05750000000000001 0.10169500000000001
0 0.06859375000000001 0.30151723251417767 0.024375 0.036319000000000046
0 0.0911328125 0.3023453100189036 0.01125000000000001 0.04721599999999998
0 0.1075390625 0.3291922608695652 0.01937499999999999 0.08958900000000002
0 0.1920703125 0.3342684650283554 0.026874999999999982 0.07021799999999999
0 0.32421875 0.5149351209829867 0.14875 0.36198600000000003
0 0.311015625 0.3454416483931947 0.05249999999999999 0.146489
0 0.306875 0.3019633875236295 0.03187499999999999 0.059322
0 0.3614453125 0.38696531758034025 0.057499999999999996 0.193705
0 0.4278515625 0.35022041587901703 0.034999999999999976 0.11016900000000002
0 0.4827734375 0.37827736672967865 0.06125000000000003 0.15254299999999998
0 0.6553125 0.3570170075614367 0.04749999999999999 0.14891000000000001
0 0.7835546875 0.4182733459357278 0.06937499999999996 0.24576199999999998
0 0.8284375 0.38675236672967866 0.046875 0.15133199999999997
0 0.87390625 0.3218007958412098 0.008125000000000049 0.02179100000000003
0 0.8824609375 0.3246679508506616 0.015000000000000013 0.042373000000000084
0 0.90109375 0.3104373875236295 0.024374999999999925 0.05690099999999999
0 0.926171875 0.31149966918714556 0.028125000000000067 0.04963699999999999
0 0.9615625 0.4330977826086957 0.04874999999999996 0.26392299999999996
0 0.9662890625 0.31474974669187145 0.018124999999999947 0.064164
