0 0.166015625 0.7739583333333334 0.332812 0.44895799999999997
0 0.1958981875 0.814583 0.147656 0.15729200000000013
0 0.206640625 0.7473958333333334 0.11484400000000003 0.18229200000000004
0 0.1929685 0.552083 0.04843800000000001 0.09375
0 0.3337890625 0.8221354166666668 0.11328099999999997 0.17083299999999987
0 0.3322263125 0.7546874999999998 0.08828199999999997 0.140625
0 0.3453125 0.9015621666666668 0.11093799999999998 0.19374999999999995
0 0.3585935 0.5463545 0.04843799999999998 0.11041600000000007
0 0.4146486875 0.6901038333333332 0.10156199999999999 0.15104200000000004
0 0.4333984375 0.7520833333333332 0.09218799999999999 0.1677080000000002
0 0.4373046875 0.5554690833333332 0.039061999999999986 0.09895800000000003
0 0.5132815 0.8692711666666666 0.173437 0.2572910000000001
0 0.4865236875 0.6765621666666667 0.039061999999999986 0.09895899999999995
0 0.5109375 0.6151045 0.046875000000000056 0.078125
0 0.5857416875 0.8328124999999998 0.131251 0.3302080000000001
0 0.56328075 0.6661458333333333 0.05546899999999999 0.08854199999999997
0 0.588671875 0.5794270833333334 0.058594000000000035 0.12812500000000004
0 0.7810544375 0.9257815833333334 0.21718799999999994 0.14479099999999998
0 0.73125 0.6770836666666668 0.06328100000000003 0.11666599999999994
0 0.769140125 0.6763020833333334 0.066407 0.09895800000000003
0 0.76875 0.598958 0.06406199999999995 0.125
0 0.94687525 0.7921871666666668 0.10312500000000002 0.4124999999999999
