0 0.03125 0.4619145625 0.0625 0.06542899999999996
0 0.07942683333333334 0.5253901875 0.089844 0.11523499999999998
0 0.10286425 0.4589839375 0.071615 0.07617200000000002
0 0.12239616666666665 0.520507375 0.06901 0.10546900000000003
0 0.22265575 0.7744140625 0.24349000000000007 0.143555
0 0.4557295833333333 0.1699220625 0.26953099999999997 0.174804
0 0.4153644166666666 0.5263672500000001 0.13932300000000009 0.10253899999999999
0 0.5611983333333334 0.765625125 0.07421799999999996 0.09863299999999997
0 0.8242185833333334 0.2832028125 0.0820309999999999 0.07324199999999997
0 0.8815099166666668 0.8369143125 0.12239599999999988 0.089843
0 0.9244796666666666 0.2832026875 0.053385000000000016 0.06933600000000001
0 0.9440105833333332 0.3242183125 0.08333300000000025 0.057618
0 0.9348961666666668 0.61621075 0.037760000000000016 0.11718799999999996
