0 0.5267578125 0.7977875945945946 0.07250000000000001 0.3160169999999999
0 0.12375 0.9334492432432432 0.06312500000000001 0.11471799999999997
0 0.25015624999999997 0.43623491891891897 0.134375 0.3409090000000001
0 0.3546484375 0.931972108108108 0.060624999999999984 0.09307299999999992
0 0.4801953125 0.3740421351351352 0.11937500000000001 0.39718600000000004
0 0.5993359375 0.7755064324324324 0.07687500000000003 0.3658
0 0.7208984375 0.7800474864864864 0.0618749999999999 0.34848400000000007
0 0.8263671875 0.9343191891891891 0.08437499999999998 0.12878800000000012
0 0.8182421875 0.7716015405405404 0.05437499999999995 0.3311680000000001
0 0.97953125 0.9003967837837837 0.03937500000000005 0.19480500000000003
