0 0.747578125 0.7837138843338215 0.0675 0.2952199999999999
0 0.3069921875 0.6677540922401172 0.023125000000000007 0.07122799999999994
0 0.337265625 0.6740165402635432 0.019999999999999962 0.12746000000000002
0 0.5294140625 0.6715030922401172 0.01937500000000003 0.07310200000000003
0 0.6115625 0.6702714787701317 0.015625 0.0806
0 0.6440625 0.675308251830161 0.016249999999999987 0.09934400000000006
0 0.6797265625 0.8042757247437775 0.06562500000000004 0.26897900000000013
0 0.6600390625 0.6702714787701317 0.01937500000000003 0.0806
0 0.76515625 0.6702153191800879 0.009375000000000022 0.05435799999999998
0 0.8005859375 0.671679448023426 0.015000000000000013 0.05810700000000005
0 0.8318359375 0.8176863997071743 0.07687500000000003 0.3074039999999999
0 0.9305859375 0.8074936573938507 0.07687500000000003 0.31115299999999996
