0 0.5432812499999999 0.4003649166666667 0.226875 0.49750000000000005
0 0.210078125 0.75182325 0.06687499999999999 0.07166600000000001
0 0.2386328125 0.7441666666666666 0.04125000000000001 0.08416700000000003
0 0.2768359375 0.74713575 0.044999999999999984 0.088333
0 0.3308984375 0.7398954999999999 0.030625000000000013 0.07916699999999999
0 0.4128515625 0.74567675 0.03500000000000003 0.055000000000000014
0 0.4458984375 0.74567675 0.060624999999999984 0.055000000000000014
0 0.5155859375 0.7488024166666666 0.044999999999999984 0.046666000000000096
0 0.546953125 0.7454684166666666 0.036250000000000004 0.045000000000000075
0 0.583203125 0.74375 0.0668749999999999 0.0625
0 0.624296875 0.7449479166666667 0.05937500000000007 0.06000000000000005
0 0.8396875 0.7224482499999999 0.04749999999999999 0.1016660000000001
0 0.903359375 0.568333 0.04375000000000007 0.12750000000000009
0 0.9260546875 0.72432325 0.07000000000000006 0.07166600000000001
0 0.9512890625 0.6282288333333333 0.05062500000000003 0.12083400000000004
0 0.961875 0.7079163333333334 0.0625 0.10666699999999985
0 0.9601171875 0.5599996666666667 0.053750000000000075 0.08416700000000003
0 0.9862890625 0.5817711666666666 0.018124999999999947 0.13250000000000006
0 0.988515625 0.7146357499999999 0.020625000000000004 0.08750000000000006
