0 0.0590625 0.9070026327372765 0.04750000000000001 0.11277599999999986
0 0.013671875 0.9146085378266849 0.02875 0.09427400000000014
0 0.011640625 0.8653506740027509 0.019999999999999997 0.03259900000000017
0 0.083046875 0.9024896011004125 0.028124999999999997 0.1048460000000001
0 0.29890625 0.8800502214580468 0.008750000000000036 0.03964800000000007
0 0.343515625 0.9154002530949106 0.020000000000000018 0.046696
0 0.3612890625 0.8944079270976616 0.01937500000000003 0.07577099999999998
0 0.382734375 0.8804367056396148 0.011874999999999969 0.03788600000000005
0 0.404765625 0.8959985061898212 0.020625000000000004 0.0898679999999998
0 0.421640625 0.8993074429160935 0.02124999999999999 0.07929500000000002
0 0.4358203125 0.9252449270976616 0.02562500000000001 0.07577099999999998
0 0.44890625 0.8890762847317745 0.00874999999999998 0.05198299999999988
0 0.5371875 0.9146272847317745 0.016874999999999973 0.05022000000000004
0 0.5881640625 0.8869724429160936 0.01937500000000003 0.07753299999999999
0 0.614609375 0.8472798005502062 0.013124999999999942 0.05374500000000006
0 0.6299609375 0.911426379642366 0.015000000000000013 0.0687229999999999
0 0.631484375 0.8759236740027511 0.012500000000000067 0.030836999999999996
0 0.6569921875 0.9136205061898213 0.021874999999999978 0.09074799999999983
0 0.7076953125 0.9063554429160935 0.02562500000000001 0.07753300000000016
0 0.7895703125 0.9012408638239341 0.02562500000000001 0.06343599999999985
0 0.824609375 0.8996492847317744 0.013125000000000053 0.05110100000000005
0 0.8381640625 0.8992628005502064 0.018125000000000058 0.05286300000000007
0 0.8603125 0.9027868005502063 0.01749999999999996 0.05462600000000007
0 0.8870703125 0.9020138321870701 0.026874999999999982 0.05991199999999997
0 0.9744921875 0.9118575061898211 0.021874999999999978 0.08898700000000011
