0 0.0419921875 0.97786425 0.084375 0.04083400000000011
0 0.0625 0.8080211666666667 0.125625 0.19499999999999998
0 0.06640625 0.9542708333333333 0.133125 0.08916700000000007
0 0.10546875 0.7151559166666667 0.211875 0.280834
0 0.152890625 0.7627600833333332 0.30125 0.284167
0 0.19921875 0.6694791666666666 0.305625 0.350833
0 0.1562109375 0.8502086666666666 0.20312499999999997 0.17916600000000008
0 0.22453125000000002 0.94661425 0.258125 0.1033340000000001
0 0.325390625 0.49739549999999993 0.36500000000000005 0.45333400000000007
0 0.48050781249999996 0.4550003333333333 0.573125 0.544166
0 0.229140625 0.30151075 0.05125000000000002 0.055000000000000014
0 0.240625 0.3102604166666667 0.06437499999999999 0.0774999999999999
0 0.521875 0.2866666666666667 0.375 0.4599999999999999
0 0.6311718749999999 0.20052083333333334 0.403125 0.403333
0 0.57171875 0.20463541666666665 0.24312499999999998 0.29583299999999996
0 0.906796875 0.13885383333333332 0.18437500000000007 0.276667
