0 0.1646875 0.6990093724340175 0.048750000000000016 0.10037500000000003
0 0.2996484375 0.7260874105571847 0.030625000000000013 0.04878000000000011
0 0.34265625 0.7304862375366569 0.03999999999999998 0.05816100000000006
0 0.4151953125 0.6329877184750733 0.025624999999999953 0.08442799999999995
0 0.4646484375 0.7117326480938417 0.030625000000000013 0.104127
0 0.5142578125 0.5740072697947214 0.073125 0.08818000000000006
0 0.5365234375 0.6879175835777126 0.030625000000000013 0.04033700000000002
0 0.6112890625 0.6446554428152492 0.01937499999999992 0.08067500000000001
0 0.6812109375 0.7058675454545456 0.04625000000000001 0.09286999999999998
0 0.7178515625 0.6076597184750733 0.03437499999999993 0.08442800000000011
0 0.8504296875 0.7825562463343109 0.16374999999999995 0.430582
0 0.9630078125 0.7698638093841642 0.07250000000000001 0.265478
