0 0.0244140625 0.5688425666178624 0.049375 0.718574
0 0.1015625 0.5961436032210834 0.204375 0.65197
0 0.0805078125 0.3604802401171303 0.073125 0.28048799999999996
0 0.2836328125 0.7756585900439238 0.19874999999999998 0.35553500000000005
0 0.2873046875 0.4556486149341141 0.06937500000000002 0.47092000000000006
0 0.3576953125 0.6052788667642752 0.12000000000000005 0.567542
0 0.409609375 0.7258782093704246 0.10625000000000001 0.2570360000000001
0 0.5107421875 0.5285227877013178 0.17937499999999995 0.791745
0 0.605390625 0.5535436705710103 0.114375 0.606942
0 0.68546875 0.6882504553440703 0.21125000000000005 0.44277700000000003
0 0.8806640625 0.6122749590043924 0.20625000000000004 0.6360229999999999
0 0.9551171875 0.3845207496339677 0.08562500000000006 0.38273900000000005
0 0.953671875 0.7269476881405563 0.06000000000000005 0.33583500000000005
0 0.9759375 0.37149150366032213 0.046875 0.19605999999999998
