0 0.01953125 0.5969795 0.04 0.14166599999999993
0 0.0620703125 0.5458854166666667 0.056874999999999995 0.10833299999999994
0 0.0619140625 0.6203645833333332 0.050624999999999996 0.08333300000000003
0 0.13917968749999998 0.670833 0.069375 0.25
0 0.236015625 0.7129163333333333 0.083125 0.355834
0 0.26546875000000003 0.5241669999999999 0.11875 0.12750000000000003
0 0.27953125 0.5893753333333334 0.10312499999999997 0.13749999999999987
0 0.348671875 0.5529690833333333 0.059374999999999956 0.12916600000000003
0 0.4674609375 0.7610416666666667 0.20187499999999997 0.4291669999999999
0 0.41796875 0.605417 0.08625 0.1875
0 0.4069140625 0.47838508333333335 0.050624999999999976 0.06750000000000005
0 0.4268359375 0.5235934166666667 0.04500000000000004 0.07583400000000003
0 0.5139843749999999 0.5711979166666666 0.07500000000000001 0.12333300000000007
0 0.51171875 0.4964065833333333 0.055625000000000036 0.051666000000000066
0 0.5252734375 0.5239059166666666 0.06187500000000001 0.09333400000000003
0 0.60328125 0.52911425 0.040000000000000036 0.1033340000000001
0 0.6412109375 0.5901559166666667 0.07624999999999993 0.1549999999999999
0 0.7447265625 0.7016666666666667 0.16000000000000003 0.585
0 0.803046875 0.535833 0.059374999999999956 0.12749999999999995
0 0.87640625 0.71494825 0.16437499999999994 0.35250000000000004
0 0.8166796875 0.51463575 0.03749999999999998 0.08833300000000006
0 0.854609375 0.5471875 0.043749999999999956 0.11000000000000003
0 0.8921484375 0.5523440833333334 0.06062500000000004 0.098333
0 0.977734375 0.61244825 0.04312499999999997 0.2291659999999999
