0 0.0146484375 0.7746669267935578 0.029375 0.13508499999999993
0 0.0483203125 0.6415991229868229 0.025625000000000002 0.09380800000000004
0 0.09265625 0.7874581537335286 0.04062500000000001 0.1191369999999999
0 0.0863671875 0.6173223806734993 0.021875000000000006 0.10131399999999996
0 0.1196484375 0.755633251830161 0.030625 0.09849900000000006
0 0.1182421875 0.6411430922401171 0.023124999999999993 0.07317000000000004
0 0.13859375 0.6532679941434846 0.024375000000000008 0.091932
0 0.305 0.8990469941434845 0.03187499999999999 0.09099400000000003
0 0.4075 0.918948571010249 0.033125000000000016 0.15197000000000005
0 0.4349609375 0.821913699853587 0.04500000000000004 0.1538460000000001
0 0.478125 0.8484773133235725 0.03187499999999999 0.14634200000000003
0 0.515546875 0.9452405095168376 0.028125000000000067 0.10506599999999987
0 0.5170703125 0.8840369941434847 0.02562500000000001 0.09193299999999989
0 0.588515625 0.6189708653001463 0.020625000000000004 0.09005600000000005
0 0.6002734375 0.8931904787701317 0.030625000000000013 0.08067500000000007
0 0.6025 0.965904448023426 0.03312499999999996 0.05816200000000018
0 0.73578125 0.9264795095168374 0.04062499999999991 0.104127
0 0.7520703125 0.9364557364568082 0.02562500000000001 0.08536599999999984
0 0.819140625 0.9085854114202049 0.020625000000000004 0.12382700000000002
0 0.8741796875 0.8516340863836017 0.03749999999999998 0.1613510000000001
0 0.889375 0.8102438286969252 0.03312499999999996 0.15759900000000004
0 0.946875 0.6969019633967789 0.03187499999999999 0.06941799999999997
0 0.9510546875 0.7680126076134701 0.03874999999999995 0.08255099999999994
0 0.96625 0.6983660922401171 0.03187499999999999 0.07317100000000001
