0 0.082578125 0.7382930073206442 0.09812499999999999 0.388368
0 0.0107421875 0.7540307130307466 0.021875 0.450281
0 0.241640625 0.4964408594436311 0.05125000000000002 0.18105099999999996
0 0.2639453125 0.4401386383601757 0.02562500000000001 0.10787999999999996
0 0.3551953125 0.5750842284040996 0.08812499999999995 0.46153799999999995
0 0.41390625 0.5137387306002928 0.040000000000000036 0.17729799999999993
0 0.4502734375 0.4964408594436311 0.06187500000000001 0.18105099999999996
0 0.4401171875 0.3412537057101025 0.02250000000000002 0.06378900000000001
0 0.5060156250000001 0.6549432035139092 0.08312499999999995 0.3461540000000001
0 0.540546875 0.3971181171303075 0.05874999999999997 0.18667899999999998
0 0.585859375 0.5673776515373353 0.13812500000000005 0.40150099999999994
0 0.6108203125 0.42407638067349934 0.02562500000000001 0.10225199999999998
0 0.6572265625 0.4579356998535871 0.034375000000000044 0.153846
0 0.6806640625 0.4927070805270864 0.08187500000000003 0.25328300000000004
0 0.696640625 0.48561395168374816 0.05249999999999999 0.25140699999999994
0 0.783125 0.44461834407027817 0.03187499999999999 0.16885599999999998
0 0.801796875 0.42386708638360177 0.028125000000000067 0.16134999999999997
0 0.9080078125 0.39712683455344067 0.04125000000000001 0.06566600000000003
0 0.922109375 0.5141947613469985 0.043749999999999956 0.19981299999999994
0 0.973359375 0.42622505563689606 0.043749999999999956 0.139775
0 0.980703125 0.5077160805270864 0.036250000000000004 0.252345
