0 0.0388671875 0.4674728901903368 0.05437500000000001 0.20337400000000005
0 0.2526171875 0.4407126383601757 0.021874999999999978 0.10590399999999997
0 0.2680859375 0.4273019633967789 0.015000000000000013 0.06747900000000004
0 0.3841015625 0.4578713133235725 0.03437499999999999 0.14620499999999995
0 0.490546875 0.5189548535871157 0.12187500000000001 0.27085299999999995
0 0.45984375 0.47849031332357245 0.02437499999999998 0.14432999999999996
0 0.5463671875 0.5249365036603221 0.053749999999999964 0.19400200000000004
0 0.62296875 0.47433144216691064 0.02375000000000005 0.148078
0 0.683984375 0.5081354787701318 0.04312499999999997 0.08059899999999995
0 0.7287890625 0.48353002489019037 0.01937500000000003 0.11527700000000002
0 0.8188671875 0.4947770248901903 0.023125000000000062 0.11527600000000005
0 0.8778125 0.4914378960468521 0.016249999999999987 0.11152799999999995
0 0.8919921875 0.49331289604685213 0.023125000000000062 0.11340199999999995
0 0.9233203125 0.5039155095168375 0.026874999999999982 0.10403000000000005
0 0.9512890625 0.5053796383601756 0.018124999999999947 0.10777900000000004
0 0.9804296875 0.7119341244509517 0.03749999999999998 0.5726340000000001
