0 0.221328125 0.5909005358711567 0.443125 0.6941839999999999
0 0.121640625 0.32244933235724743 0.208125 0.34990600000000005
0 0.2257421875 0.4519320571010249 0.271875 0.6153850000000001
0 0.35328125 0.6292223396778917 0.415625 0.7373359999999999
0 0.26554687499999996 0.47591890336749626 0.215 0.5
0 0.5473046875 0.6586268916544656 0.41250000000000003 0.680113
0 0.44296875 0.21117554026354318 0.08749999999999997 0.12851700000000002
0 0.56515625 0.32826168814055634 0.10249999999999992 0.334897
0 0.616171875 0.39248178038067355 0.15249999999999997 0.40619099999999997
0 0.7537109375 0.3410529150805271 0.10875000000000001 0.3189489999999999
0 0.80015625 0.5014407628111274 0.19625000000000004 0.679175
0 0.8517578125 0.599501953147877 0.26125 0.7270170000000001
0 0.9533984375 0.3358540073206442 0.09187500000000004 0.38836800000000005
