0 0.091015625 0.6051273806734992 0.05249999999999999 0.10225099999999997
0 0.128046875 0.5989031537335285 0.028124999999999983 0.11725999999999998
0 0.1601953125 0.6386880863836017 0.05687500000000001 0.16135100000000002
0 0.2341796875 0.5592574172767203 0.06937499999999996 0.034709000000000025
0 0.2358984375 0.6569239575402636 0.06124999999999997 0.159475
0 0.2935546875 0.6711975344070279 0.1 0.2195119999999999
0 0.419296875 0.7154891112737921 0.09125 0.27673600000000004
0 0.542265625 0.6002530248901903 0.270625 0.11538500000000007
0 0.6156640625 0.6564679267935578 0.04999999999999993 0.135085
0 0.659921875 0.6360142825768667 0.06000000000000005 0.12101300000000009
0 0.6962109375 0.6134561229868228 0.014375000000000027 0.09568500000000005
0 0.720625 0.6124038653001465 0.03187499999999999 0.09005700000000003
0 0.753046875 0.6071435768667642 0.028124999999999956 0.059099999999999986
0 0.7796484375 0.5989290922401171 0.030000000000000027 0.07129399999999993
0 0.806796875 0.5868483499267935 0.028750000000000053 0.07879900000000012
0 0.821328125 0.6043996749633969 0.03687499999999999 0.040337999999999936
0 0.8451171875 0.6002789633967789 0.023125000000000062 0.06848
0 0.8561328125 0.5977625768667643 0.011250000000000093 0.05910000000000007
0 0.9055859375 0.5924763499267937 0.04499999999999993 0.07879899999999995
0 0.9144921875 0.6480950248901903 0.053749999999999964 0.11538499999999999
0 0.9909375 0.6052675768667642 0.016249999999999987 0.05909900000000001
