0 0.14078125 0.6698958333333334 0.071875 0.1208329999999999
0 0.1640625 0.4946871666666666 0.109375 0.07000000000000006
0 0.1509375 0.49317675 0.07999999999999999 0.05666699999999995
0 0.2045703125 0.6636455 0.05812500000000001 0.1408339999999999
0 0.319609375 0.659167 0.07500000000000001 0.12750000000000009
0 0.332109375 0.4842708333333334 0.04375000000000001 0.089167
0 0.3576171875 0.4679163333333333 0.05312500000000003 0.106667
0 0.36921875 0.31083299999999997 0.055625000000000036 0.12583400000000008
0 0.3824609375 0.6492711666666667 0.07750000000000001 0.13083299999999998
0 0.3690234375 0.12369758333333335 0.030000000000000027 0.0825
0 0.4690234375 0.2998958333333333 0.06062500000000004 0.12083300000000004
0 0.4948046875 0.5344795 0.10062500000000002 0.14083299999999999
0 0.5077343750000001 0.7780725833333334 0.07500000000000001 0.1758339999999999
0 0.6004296875 0.53484375 0.06874999999999998 0.18083299999999994
0 0.6022265625 0.34635450000000007 0.03375000000000006 0.111666
0 0.62078125 0.7565628333333333 0.07125000000000004 0.1200000000000001
0 0.7037890625 0.5628649166666667 0.17437500000000006 0.8725
0 0.8322265625 0.4937503333333333 0.03499999999999992 0.106666
0 0.8575 0.7251041666666667 0.06312499999999999 0.13083299999999998
0 0.9713671875 0.54119825 0.05437500000000006 0.790833
