0 0.17667968750000002 0.537253897510981 0.31875 0.590057
0 0.1487109375 0.19865598828696926 0.076875 0.18292699999999998
0 0.2619921875 0.33278555344070276 0.084375 0.423077
0 0.3894921875 0.4048965783308931 0.21000000000000002 0.538461
0 0.4850390625 0.6188332415812591 0.20625 0.7579739999999999
0 0.4335546875 0.12701921522693996 0.07 0.16510300000000003
0 0.6029296875 0.5194568360175695 0.16312500000000008 0.542214
0 0.657578125 0.2181639150805271 0.06687500000000002 0.31707299999999994
0 0.7757421875 0.6062705300146413 0.27312499999999995 0.7851779999999999
0 0.698828125 0.2519867920937043 0.06687500000000002 0.223264
0 0.8105078125 0.09956076134699854 0.073125 0.20075
0 0.9165234375 0.21802371888726207 0.09250000000000003 0.35741100000000003
