0 0.022655916666666664 0.8998044375 0.029167 0.03046899999999997
0 0.09296875 0.8681640625 0.055208 0.08125000000000004
0 0.127083 0.8837890625 0.03229199999999999 0.050000000000000044
0 0.18151041666666665 0.8656255 0.077083 0.07890599999999992
0 0.2708336666666667 0.847265625 0.14687499999999998 0.11484399999999995
0 0.49817741666666665 0.1701174375 0.23333299999999993 0.21796800000000002
0 0.4765621666666666 0.7966791875 0.1625 0.21015700000000004
0 0.5765625 0.8634770625 0.078125 0.08203099999999997
0 0.6515621666666668 0.8701171875 0.09999999999999994 0.08437499999999998
0 0.8325524166666667 0.7712890625 0.1697909999999999 0.330469
