0 0.0480078125 0.5986309367588932 0.04250000000000001 0.22306799999999996
0 0.1041015625 0.5678047905138339 0.035 0.23574100000000003
0 0.1396484375 0.634998466403162 0.06187500000000001 0.36882100000000007
0 0.234765625 0.6555350434782609 0.05250000000000002 0.34854300000000005
0 0.27835937499999996 0.6337740276679842 0.074375 0.405576
0 0.33890625 0.5444123992094861 0.00874999999999998 0.10392900000000001
0 0.432421875 0.6343971897233203 0.06 0.339671
0 0.4628515625 0.6323783438735178 0.03500000000000003 0.2991130000000001
0 0.4825 0.5991470909090909 0.03187500000000004 0.18377700000000005
0 0.528515625 0.5973639367588933 0.05249999999999999 0.22433499999999992
