0 0.2858984375 0.5508498594436311 0.49875 0.180113
0 0.1182421875 0.5558471903367497 0.023124999999999993 0.05159499999999995
0 0.25210937499999997 0.4686752884333821 0.012499999999999983 0.03095700000000004
0 0.3275390625 0.6562221903367496 0.018125000000000002 0.05065699999999998
0 0.371015625 0.6485338345534407 0.020625000000000004 0.06566599999999999
0 0.403671875 0.6497876691068815 0.06 0.13039399999999982
0 0.4041796875 0.4622926442166911 0.007500000000000007 0.01688500000000004
0 0.4154296875 0.46000377306002926 0.006250000000000033 0.018762000000000046
0 0.4380078125 0.46041664421669104 0.010000000000000009 0.01688500000000004
0 0.473828125 0.6731513499267935 0.03562500000000002 0.07880000000000001
0 0.4740625 0.4526140307467057 0.015625 0.024389999999999988
0 0.6149609375 0.5531387306002928 0.29625 0.17823599999999998
0 0.47390625 0.45865390190336747 0.009375000000000022 0.020638
0 0.4855078125 0.4571897730600292 0.009999999999999953 0.018762000000000046
0 0.4905078125 0.6646210307467058 0.011250000000000038 0.024389999999999905
0 0.497734375 0.4645104172767203 0.013124999999999998 0.034709000000000025
0 0.500234375 0.673590159590044 0.011874999999999969 0.027204
0 0.5101171875 0.6534254114202049 0.02312499999999995 0.12476599999999997
0 0.5104296875 0.45490190190336754 0.006250000000000089 0.020637999999999917
0 0.51140625 0.4619940307467057 0.008750000000000036 0.02345299999999998
0 0.525859375 0.6690134172767204 0.011874999999999969 0.032832999999999994
0 0.527109375 0.46661493265007326 0.013125000000000053 0.04596599999999996
0 0.5446875 0.4526140307467057 0.016874999999999973 0.024389999999999988
0 0.5499609375 0.6785787730600293 0.014375000000000027 0.017823000000000016
0 0.55328125 0.472655803806735 0.008125000000000049 0.042213
0 0.5661328125 0.47700403074670567 0.011249999999999982 0.025328000000000045
0 0.5690625 0.6781659019033675 0.016249999999999987 0.021576000000000057
0 0.5716796875 0.46638641727672037 0.006249999999999978 0.032832999999999994
0 0.5949609375 0.6637271903367497 0.01375000000000004 0.05065600000000001
0 0.60578125 0.45302590190336745 0.008124999999999938 0.020638000000000083
0 0.6111328125 0.6606145768667643 0.011250000000000093 0.06003800000000004
0 0.6154296875 0.45302590190336745 0.006249999999999978 0.020638000000000083
0 0.6312890625 0.6545737057101025 0.018124999999999947 0.06379000000000003
0 0.8289453125 0.5445555344070278 0.339375 0.21763600000000002
