0 0.0283203125 0.5366142500000001 0.058125 0.10333399999999997
0 0.0894140625 0.6038538333333334 0.144375 0.1516669999999999
0 0.053125 0.5099479166666666 0.06437499999999999 0.06083299999999999
0 0.1134375 0.462292 0.048125 0.15833299999999997
0 0.2151171875 0.6144795 0.11624999999999999 0.14083300000000007
0 0.3005859375 0.7310413333333333 0.23249999999999998 0.26166700000000015
0 0.24328125 0.5366142500000001 0.07187500000000002 0.10166700000000002
0 0.31640625 0.5419791666666667 0.07124999999999998 0.10000000000000002
0 0.372734375 0.6092184166666667 0.07500000000000001 0.10916700000000001
0 0.438515625 0.5836461666666666 0.051875000000000004 0.09916600000000016
0 0.5170703125 0.7384375 0.181875 0.17249999999999988
0 0.5260546875000001 0.4481253333333333 0.07 0.198333
0 0.5479296875 0.547917 0.03749999999999998 0.0650000000000001
0 0.6541796875 0.5304684166666668 0.03749999999999998 0.045833999999999854
0 0.7018359375 0.5555211666666667 0.04625000000000001 0.06916600000000006
0 0.7460546875 0.5127604166666666 0.06937499999999996 0.07750000000000005
0 0.7715234375 0.5661458333333332 0.06187500000000001 0.058333000000000045
0 0.8349609375 0.5287503333333333 0.07750000000000001 0.10666599999999993
0 0.8753515625 0.5466149166666666 0.03374999999999995 0.06000000000000005
0 0.9028125 0.5314059166666667 0.04812499999999997 0.09249999999999996
0 0.9378515625 0.5561455000000001 0.09687499999999993 0.140834
0 0.969296875 0.8469274166666666 0.05937500000000007 0.07583300000000011
0 0.9851953125 0.5456770833333333 0.026874999999999982 0.098333
