0 0.1898046875 0.6794475829662261 0.03812499999999999 0.16165399999999996
0 0.3539453125 0.6787434375917767 0.02562500000000001 0.12688000000000002
0 0.3674609375 0.6657044346549192 0.014375000000000027 0.08646600000000003
0 0.3844921875 0.6742802922173274 0.02312499999999995 0.09304500000000003
0 0.4039453125 0.6648822922173275 0.026875000000000038 0.09304499999999995
0 0.406171875 0.6694644346549192 0.028749999999999998 0.08552599999999998
0 0.446640625 0.7242647298091042 0.05249999999999999 0.2180460000000001
0 0.5880859375 0.6568960014684287 0.014999999999999902 0.022556
0 0.7659375 0.6449117165932452 0.016249999999999987 0.03477500000000002
0 0.7771875 0.6577760029368576 0.015625 0.04229300000000001
0 0.8530859375 0.6540148634361234 0.014375000000000027 0.09022600000000004
0 0.885390625 0.679743436123348 0.020625000000000004 0.10808199999999998
0 0.9252734375 0.6812118649045521 0.02937499999999993 0.10996199999999999
0 0.971796875 0.6787434375917767 0.028124999999999956 0.1287600000000001
0 0.9856640625 0.6724591512481645 0.01937499999999992 0.11936100000000004
