0 0.0185546875 0.16276074999999998 0.039062 0.18229099999999998
0 0.1777346875 0.220052 0.257812 0.34375000000000006
0 0.404297 0.5377605 0.4375 0.921875
0 0.3349611875 0.10807300000000002 0.05371100000000001 0.06510399999999998
0 0.5117183125 0.16145883333333333 0.05664100000000005 0.153645
0 0.5830083125 0.153646 0.05761700000000003 0.157552
0 0.6210935 0.22395833333333334 0.04882799999999998 0.261719
0 0.6542970625 0.13932308333333335 0.04980499999999999 0.128906
0 0.81249975 0.42317658333333336 0.30468800000000007 0.33073
0 0.723633 0.15625041666666667 0.0625 0.170573
0 0.785156125 0.1536459166666667 0.06738299999999997 0.15364599999999998
0 0.8955080625 0.5507813333333333 0.20605399999999996 0.697917
0 0.857421875 0.10807300000000002 0.05957000000000001 0.06510399999999998
0 0.9140623125 0.1875001666666667 0.05664099999999994 0.16406199999999999
0 0.943359 0.138021 0.063477 0.127604
