0 0.0939458125 0.3497395833333334 0.135937 0.11249999999999998
0 0.0794921875 0.8648434166666666 0.084375 0.077084
0 0.0896484375 0.15520799999999998 0.060937000000000005 0.158334
0 0.1814453125 0.85546875 0.057812999999999976 0.08750000000000006
0 0.2126953125 0.6348961666666666 0.08906199999999997 0.1625000000000001
0 0.2482421875 0.37317675 0.14687500000000003 0.05625000000000006
0 0.232812 0.16979133333333332 0.09531300000000001 0.13749999999999998
0 0.29199168750000004 0.88515625 0.13125 0.19583300000000006
0 0.30703125 0.6351559166666666 0.10312500000000002 0.15416700000000008
0 0.3615234375 0.11015625 0.029687999999999992 0.070833
0 0.36796825 0.1903645833333333 0.04062500000000002 0.08125000000000004
0 0.39609375 0.1161455 0.024999999999999967 0.079167
0 0.41484325 0.20104133333333332 0.04062500000000002 0.07291699999999997
0 0.427733875 0.11510416666666667 0.02812500000000001 0.06874999999999998
0 0.4462890625 0.3640625 0.04999999999999999 0.141667
0 0.458984375 0.21276008333333332 0.04375000000000001 0.03541700000000003
0 0.4603515625 0.11432325 0.034375000000000044 0.072916
0 0.566796875 0.6752604166666666 0.12187500000000007 0.07708299999999994
0 0.550390125 0.8786461666666666 0.06718800000000003 0.16249999999999995
0 0.5736328125 0.20572916666666666 0.010936999999999975 0.03750000000000001
0 0.589453125 0.27421875 0.035938000000000025 0.08749999999999995
0 0.6001953125 0.20572916666666666 0.026561999999999975 0.03750000000000001
0 0.6244140625 0.87994825 0.050000000000000044 0.16458300000000006
0 0.61875 0.63671875 0.03281299999999998 0.15000000000000005
0 0.620313 0.27213575 0.03281199999999995 0.08749999999999995
0 0.6306640625 0.20494825000000003 0.018750000000000044 0.04166599999999998
0 0.6587885625 0.64765625 0.034375000000000044 0.13333299999999984
0 0.680078625 0.27187466666666665 0.020311999999999997 0.11666699999999997
0 0.7134760625 0.3031253333333333 0.08125000000000004 0.20000000000000004
0 0.7626953125 0.63567675 0.151563 0.11875000000000006
0 0.7990239375 0.24869825 0.04531200000000002 0.10416599999999998
0 0.826563 0.3643225833333334 0.09375 0.11249999999999998
0 0.8478520625 0.24869825 0.050000000000000044 0.10208299999999997
0 0.8685546875 0.8750003333333334 0.03749999999999998 0.16874999999999987
0 0.879296875 0.6361979166666666 0.028125000000000067 0.12499999999999993
0 0.9390625 0.25963575 0.04843799999999998 0.15
0 0.9466801875 0.8757812499999998 0.05468699999999993 0.16458300000000006
0 0.9455083125 0.6200524166666667 0.026561999999999975 0.10833300000000008
0 0.963671375 0.3830729166666667 0.043749999999999956 0.09166699999999994
