0 0.11197916666666667 0.727078375 0.224615 0.543253
0 0.13077716666666667 0.3756790625 0.06923099999999999 0.08189200000000002
0 0.19267258333333334 0.405044375 0.081538 0.076125
0 0.23326491666666668 0.4987391875 0.09230800000000002 0.08535199999999998
0 0.2772875833333333 0.415686875 0.08153900000000003 0.059977
0 0.30084150000000004 0.4903123125 0.11076899999999994 0.08881199999999995
0 0.41055658333333334 0.677757125 0.20615400000000003 0.2860440000000001
0 0.34332108333333333 0.454826125 0.067693 0.099192
0 0.409712 0.4346795 0.06461500000000002 0.07958500000000002
0 0.46842116666666667 0.603831125 0.163077 0.22375999999999996
0 0.5040420833333333 0.550666125 0.16 0.160323
0 0.5026123333333333 0.4450678125 0.0753839999999999 0.10380699999999998
0 0.5852205833333334 0.52750575 0.112307 0.14994300000000005
0 0.8838143333333334 0.5422621875 0.22923099999999996 0.24106099999999997
0 0.8371711666666667 0.4534956875 0.10000000000000009 0.101499
