0 0.0367578125 0.8689467759103642 0.04125 0.19910299999999997
0 0.1061328125 0.8941688963585435 0.04249999999999998 0.20717499999999986
0 0.1462890625 0.8549771792717087 0.05 0.24125600000000005
0 0.319609375 0.7715702829131652 0.16937500000000003 0.036772000000000055
0 0.5065234375000001 0.8260078963585434 0.06187499999999996 0.20627800000000007
0 0.5294921875 0.858933649859944 0.02312499999999995 0.12466399999999997
0 0.615390625 0.8402848851540615 0.020625000000000004 0.06457400000000009
0 0.6515234375 0.8659244145658264 0.02937500000000004 0.18385600000000002
0 0.7441796875 0.857778299719888 0.07000000000000006 0.2466369999999999
0 0.8012109375 0.8095455714285714 0.0462499999999999 0.143497
0 0.8743359375 0.8173342521008404 0.0462499999999999 0.1533629999999998
0 0.91265625 0.8041635714285714 0.04062500000000002 0.14529200000000012
0 0.949375 0.8015836918767506 0.032500000000000084 0.14887900000000007
0 0.9761328125 0.7879355238095238 0.011250000000000093 0.04843000000000002
0 0.9880859375 0.7819888851540616 0.014375000000000027 0.06457400000000009
