0 0.0543359375 0.2567651112737921 0.1075 0.275797
0 0.0750390625 0.18291828257686676 0.05 0.121952
0 0.07277343750000001 0.12402957686676426 0.031249999999999993 0.06097500000000001
0 0.1725390625 0.15706415373352856 0.080625 0.11913699999999999
0 0.2180859375 0.09288822108345535 0.04625000000000001 0.075047
0 0.2516796875 0.2361088901903368 0.1 0.2035649999999999
0 0.3646484375 0.603069597364568 0.31125 0.7429650000000001
0 0.263203125 0.12249534992679355 0.03687499999999996 0.07692299999999999
0 0.344765625 0.3155847188872621 0.145625 0.35741
0 0.306640625 0.1563978286969253 0.05249999999999999 0.15759900000000002
0 0.326875 0.17152108638360178 0.0625 0.16322699999999996
0 0.4380078125 0.1783856998535871 0.073125 0.15384699999999998
0 0.5013671875 0.15452182869692532 0.08437499999999998 0.15759900000000002
0 0.5996875 0.1825246325036603 0.109375 0.19699800000000003
0 0.593984375 0.12720357101024893 0.07437499999999997 0.15009399999999998
0 0.6687109375 0.11654279795021961 0.04625000000000001 0.13227
0 0.8210546875 0.399496093704246 0.32000000000000006 0.5478419999999999
0 0.6964453125 0.16438479795021962 0.057499999999999996 0.13227
0 0.7569140625 0.12443273060029282 0.08187499999999992 0.177299
0 0.8441015625 0.21496298243045386 0.09750000000000003 0.272983
0 0.883828125 0.17146920937042462 0.09875 0.256098
0 0.9389453125 0.3603323265007321 0.12 0.441839
0 0.913046875 0.09743902489019034 0.05874999999999997 0.115384
0 0.9315625 0.1516377306002928 0.078125 0.177298
