0 0.0146484375 0.7410361229868229 0.030625 0.09380799999999996
0 0.01953125 0.8650215402635432 0.039375 0.12664100000000003
0 0.0243359375 0.6246258038067349 0.014374999999999999 0.042213000000000084
0 0.05671875 0.8783388960468522 0.05625000000000001 0.1135079999999999
0 0.0561328125 0.77739360761347 0.04125 0.08442799999999995
0 0.0571875 0.6235735461200586 0.016875 0.03658499999999998
0 0.1039453125 0.7811456076134699 0.057499999999999996 0.08255200000000008
0 0.1227734375 0.8702376691068815 0.09187500000000001 0.1303939999999999
0 0.092421875 0.6219250614934114 0.028749999999999998 0.04784200000000008
0 0.26015625 0.8004337364568082 0.04000000000000001 0.08630400000000006
0 0.2947265625 0.8008456076134701 0.03437499999999999 0.08255199999999983
0 0.3081640625 0.6626749326500732 0.018125000000000002 0.044090000000000094
0 0.3298828125 0.6806121903367497 0.011249999999999982 0.052532999999999934
0 0.347734375 0.6683029326500732 0.012500000000000011 0.044090999999999984
0 0.3832421875 0.7638746749633968 0.021874999999999978 0.04033699999999997
0 0.402890625 0.7668029326500733 0.020000000000000018 0.04409000000000001
0 0.4206640625 0.7703264172767205 0.018125000000000002 0.032832999999999994
0 0.4455078125 0.6183564172767203 0.011250000000000038 0.03471
0 0.4531640625 0.7695026749633969 0.01874999999999999 0.03846199999999999
0 0.4555078125 0.6175326749633968 0.011249999999999982 0.03846199999999999
0 0.4726171875 0.7695026749633969 0.021875000000000033 0.040337999999999936
0 0.4937890625 0.7732546749633968 0.01937500000000003 0.03846199999999999
0 0.547109375 0.7764815461200586 0.013124999999999942 0.036584999999999895
0 0.5638671875 0.7798216749633967 0.021874999999999978 0.03846199999999999
0 0.606953125 0.7828814114202051 0.03687499999999999 0.12476599999999997
0 0.602734375 0.6824881903367497 0.012499999999999956 0.05065699999999998
0 0.644375 0.784758411420205 0.03187499999999999 0.12476499999999992
0 0.6864453125 0.7771833133235725 0.05687500000000001 0.1444650000000001
0 0.7852734375 0.7917190614934113 0.030000000000000027 0.04971800000000003
0 0.78390625 0.6048115461200586 0.008749999999999925 0.035647000000000005
0 0.811875 0.7965233191800879 0.03125 0.05347099999999991
0 0.839375 0.8236140614934114 0.03187499999999999 0.04971800000000003
0 0.8348828125 0.5709262884333821 0.010000000000000009 0.03095700000000004
0 0.8670703125 0.8006871903367495 0.02562500000000001 0.05159500000000012
0 0.8865625 0.7988111903367496 0.01749999999999996 0.05159500000000012
0 0.955 0.8485042518301611 0.0625 0.09756099999999991
