0 0.36569741820418206 0.9055859375 0.08431799999999996 0.1399999999999999
0 0.01850809840098401 0.828046875 0.019700999999999993 0.028750000000000053
0 0.10440309840098401 0.748515625 0.01970000000000001 0.020625000000000004
0 0.140210086100861 0.7476171875 0.018912000000000016 0.022500000000000075
0 0.17286507380073798 0.7515625 0.01576000000000001 0.016874999999999973
0 0.28130070110701105 0.839609375 0.141844 0.04437500000000005
0 0.28162938130381304 0.60421875 0.07722599999999998 0.14874999999999994
0 0.266889036900369 0.7284375 0.008668999999999972 0.016875000000000084
0 0.40246714760147606 0.855390625 0.02994499999999999 0.05125000000000002
0 0.5012547257072572 0.613046875 0.14657199999999998 0.33999999999999997
0 0.52420624600246 0.87578125 0.04964500000000005 0.10250000000000004
0 0.557803172201722 0.8796484375 0.03467299999999998 0.09250000000000003
0 0.594052172201722 0.8808203125 0.03467299999999991 0.08937499999999998
0 0.660726295202952 0.8991796875 0.059888999999999984 0.13124999999999998
0 0.7528490738007381 0.8346484375 0.014971999999999997 0.030625000000000013
0 0.8097954305043051 0.7471484375 0.08825899999999993 0.06187500000000001
0 0.782544110701107 0.870078125 0.023640000000000046 0.06812499999999999
0 0.8393746396063961 0.833671875 0.12923499999999996 0.028750000000000053
