0 0.0428125 0.7001041666666667 0.048125 0.13166699999999998
0 0.1930859375 0.6157809166666667 0.014374999999999999 0.061666999999999916
0 0.345859375 0.6066663333333334 0.012499999999999956 0.04416699999999999
0 0.3712109375 0.6004684166666666 0.014374999999999971 0.045000000000000005
0 0.3847265625 0.8638024166666667 0.03375 0.04666599999999995
0 0.4282421875 0.60234375 0.085625 0.055000000000000084
0 0.54140625 0.8428128333333333 0.07125000000000004 0.05749999999999996
0 0.6218359375 0.6129684166666668 0.014375000000000027 0.04666699999999987
0 0.747109375 0.6283333333333334 0.01187500000000008 0.04333299999999992
0 0.92875 0.6401045 0.03125 0.048333000000000105
