0 0.6674609375 0.7743229166666667 0.04562500000000003 0.15416699999999986
0 0.025078125 0.6887496666666667 0.005000000000000001 0.020833999999999946
0 0.0335546875 0.6887496666666667 0.006249999999999999 0.020833999999999946
0 0.0532421875 0.7415625 0.023125 0.07916699999999999
0 0.07078125 0.7038538333333334 0.008749999999999994 0.027500000000000007
0 0.089453125 0.7073434166666667 0.0050000000000000044 0.01416700000000004
0 0.12234375 0.7371357499999999 0.024375000000000008 0.08750000000000006
0 0.153828125 0.8116145833333333 0.03624999999999998 0.019167000000000083
0 0.20515625 0.80755175 0.07124999999999998 0.025833999999999985
0 0.2166015625 0.6385413333333334 0.0037499999999999756 0.011666999999999947
0 0.221328125 0.6377083333333333 0.0050000000000000044 0.010833000000000018
0 0.2255078125 0.7007815833333334 0.010625000000000023 0.019165999999999943
0 0.234453125 0.6390104166666667 0.004999999999999977 0.01416700000000004
0 0.2478125 0.7210940833333334 0.015625 0.034166000000000064
0 0.2485546875 0.6950517499999999 0.007499999999999979 0.024167000000000122
0 0.258359375 0.7160940833333332 0.011875000000000024 0.03583300000000008
0 0.26078125 0.6956774166666667 0.008124999999999993 0.014999999999999977
0 0.2911328125 0.7032815833333332 0.010624999999999996 0.018333000000000155
0 0.304921875 0.7341145833333332 0.028749999999999998 0.020832999999999952
0 0.3141796875 0.7006774166666666 0.006249999999999978 0.015000000000000124
0 0.32265625 0.7309899166666667 0.008750000000000036 0.030833000000000037
0 0.3328515625 0.7076559166666666 0.003750000000000031 0.030834000000000028
0 0.3559765625 0.7368753333333333 0.03375 0.011666000000000102
0 0.34453125 0.7051559166666667 0.009374999999999967 0.03083399999999988
0 0.359609375 0.7055208333333334 0.011874999999999969 0.027500000000000007
0 0.36921875 0.7379690833333333 0.025000000000000022 0.004999999999999893
0 0.375234375 0.7148961666666667 0.013124999999999998 0.03666600000000001
0 0.3936328125 0.7238024166666667 0.011250000000000038 0.04666599999999995
0 0.4096484375 0.758125 0.030624999999999958 0.03250000000000005
0 0.4080859375 0.7201045 0.014375000000000027 0.04750000000000002
0 0.429609375 0.7225003333333334 0.012500000000000011 0.04249999999999998
0 0.4390625 0.7115104166666666 0.015625 0.013333000000000114
0 0.4386328125 0.6932815833333333 0.010624999999999996 0.01916600000000009
0 0.4583984375 0.7376559166666666 0.030000000000000027 0.030834000000000177
0 0.4466015625 0.6916145833333333 0.003750000000000031 0.0208330000000001
0 0.497578125 0.6311455 0.005624999999999991 0.015834000000000053
0 0.5168359375 0.7443229166666666 0.014375000000000027 0.029167000000000016
0 0.5625390625 0.7307815833333332 0.01937500000000003 0.01916600000000009
0 0.5762109375 0.7274475833333334 0.014375000000000027 0.020000000000000018
0 0.5811328125 0.6703125 0.010000000000000009 0.01583300000000006
0 0.59265625 0.6640104166666666 0.008125000000000049 0.01500000000000005
0 0.7266015625 0.7761979166666667 0.03375000000000006 0.12333299999999998
0 0.733125 0.7972913333333334 0.03249999999999997 0.07416699999999994
0 0.7416796875 0.6257815833333332 0.007499999999999951 0.01916600000000009
0 0.75953125 0.7807815833333334 0.040000000000000036 0.14333300000000002
0 0.785 0.7813545 0.03249999999999997 0.11000000000000003
0 0.862265625 0.8800003333333333 0.14500000000000002 0.043333000000000066
0 0.8067578125 0.7341145833333332 0.011249999999999982 0.019167000000000083
0 0.8412109375 0.7980729166666666 0.04625000000000001 0.09166700000000001
0 0.8298828125 0.7357815833333333 0.010624999999999996 0.019165999999999943
0 0.854453125 0.8001038333333333 0.03562500000000002 0.09000000000000001
0 0.863359375 0.7315104166666666 0.012499999999999956 0.013333000000000114
0 0.8661328125 0.6581774166666666 0.010624999999999996 0.01500000000000005
0 0.908515625 0.7227600833333333 0.020625000000000004 0.034999999999999996
0 0.9521484375 0.8644274166666667 0.09312500000000001 0.07749999999999997
0 0.9155078125 0.6157815833333333 0.010000000000000009 0.020832999999999952
0 0.9512890625 0.8535934166666667 0.08062499999999995 0.07583399999999996
0 0.9263671875 0.7257291666666666 0.02312499999999995 0.036667000000000005
0 0.9580078125 0.7268229166666668 0.011249999999999982 0.029999999999999954
0 0.984921875 0.80125 0.028125000000000067 0.06333299999999993
0 0.9936328125 0.721458 0.010624999999999996 0.03250000000000005
