0 0.61893575 0.19178038719068416 0.08701599999999998 0.27777799999999997
0 0.045439875 0.15025926928675398 0.029005000000000003 0.051441
0 0.18644275 0.6904508558951965 0.27348 0.6131679999999999
0 0.47964825 0.5283755123726346 0.85221 0.938271
0 0.15799825 0.477527807860262 0.165746 0.15020600000000003
0 0.29249425 0.3744492649199418 0.10220999999999997 0.19135799999999997
0 0.401038125 0.25290699126637556 0.09806599999999999 0.27983500000000006
0 0.4324441875 0.2298681382823872 0.05386799999999997 0.242799
0 0.5013650625 0.2538144687045124 0.08011000000000001 0.335391
0 0.5606710625 0.5261294032023289 0.17541400000000007 0.432098
0 0.5412799374999999 0.2968626608442504 0.10911600000000005 0.18724299999999997
0 0.6796821875 0.22540255458515288 0.053867 0.255144
0 0.8444356875 0.22404572197962153 0.13259600000000005 0.23251099999999997
0 0.9377749375 0.13354745705967977 0.01519400000000004 0.041151999999999994
