0 0.18933316666666666 0.84481855526658 0.10146200000000001 0.11872200000000005
0 0.15403908333333335 0.36197185175552665 0.03473400000000001 0.039268999999999984
0 0.23564133333333334 0.15194599479843954 0.04296199999999998 0.10867599999999998
0 0.2829495 0.3966455825747724 0.017367999999999977 0.057534000000000016
0 0.3047496666666667 0.39899719245773735 0.021023000000000014 0.05662199999999996
0 0.3689585 0.8700919726918076 0.049359999999999925 0.06027399999999993
0 0.36272375 0.3534744122236671 0.024681000000000026 0.05114199999999998
0 0.4121961666666667 0.8608197529258776 0.03747699999999998 0.06758
0 0.6993285833333333 0.5624883355006501 0.050274000000000076 0.12237400000000002
0 0.735089 0.5834136540962289 0.06398499999999989 0.09314999999999997
