0 0.4443363125 0.9218748333333334 0.058593000000000006 0.11979199999999975
0 0.4814453125 0.26432283333333334 0.963867 0.18229199999999998
0 0.4990234375 0.9153643333333333 0.999023 0.1666669999999999
0 0.0507815 0.394531 0.015625 0.032551999999999914
0 0.100585625 0.3880211666666667 0.019532000000000008 0.037760000000000016
0 0.5458988124999999 0.4427081666666666 0.8867179999999999 0.22526100000000002
0 0.222655875 0.7890622500000001 0.027344000000000007 0.10156299999999992
0 0.2558598125 0.3867185 0.010741999999999974 0.018228999999999978
0 0.2812499375 0.3763020000000001 0.013672000000000017 0.033853999999999974
0 0.3046878125 0.378906 0.01074200000000003 0.03125
0 0.318359375 0.3554688333333333 0.01171899999999998 0.026042000000000048
0 0.4921878125 0.34505174999999993 0.011718000000000006 0.02343800000000003
0 0.55468725 0.33723975 0.00781300000000007 0.02604099999999998
0 0.608398375 0.3385416666666667 0.011718999999999924 0.023437000000000003
0 0.6630858125 0.3398438333333333 0.009766000000000052 0.027344000000000073
0 0.95312525 0.3489586666666667 0.008788999999999936 0.02343699999999993
