0 0.0416533125 0.8467708333333333 0.057499999999999996 0.215556
0 0.0880078125 0.051978833333333335 0.042499999999999996 0.058889
0 0.1461328125 0.059028000000000004 0.0725 0.06333299999999999
0 0.201745125 0.85991275 0.161666 0.213334
0 0.3505341875 0.8460420000000001 0.05333300000000002 0.22111099999999992
0 0.3369795 0.043403000000000004 0.015832999999999986 0.032221999999999994
0 0.3768623125 0.05750033333333333 0.025832999999999995 0.043333
0 0.4132421875 0.04432291666666666 0.023332999999999993 0.03
0 0.508723625 0.8535934166666667 0.17583399999999993 0.2011109999999999
0 0.6238408125 0.0657295 0.04249999999999998 0.08
0 0.6530341875 0.840486 0.053333000000000075 0.22111100000000006
0 0.8015751875 0.8569619166666667 0.146667 0.21777800000000003
0 0.86005175 0.04156216666666667 0.02416700000000005 0.037778
0 0.882838875 0.04432291666666666 0.029166000000000025 0.03
0 0.9532295 0.8495660833333334 0.0783330000000001 0.22222200000000006
