0 0.1833125 0.8907421875 0.34199999999999997 0.08499999999999996
0 0.091 0.2977734375 0.15300000000000002 0.06187499999999996
0 0.2536875 0.08249999999999999 0.4619999999999999 0.09562500000000002
0 0.3223125 0.698671875 0.24099999999999996 0.09062499999999996
0 0.341125 0.4947265625 0.20700000000000002 0.09750000000000003
0 0.687625 0.496796875 0.333 0.09062499999999996
0 0.6584375 0.309296875 0.19699999999999998 0.09062499999999996
0 0.6915625000000001 0.0984375 0.15599999999999997 0.08
0 0.8016249999999999 0.69171875 0.2819999999999999 0.08687499999999992
0 0.8241875000000001 0.095546875 0.13699999999999993 0.09062499999999998
0 0.9475 0.0994921875 0.07699999999999996 0.085625
