0 0.35390625 0.5516663333333334 0.04062500000000002 0.16749999999999998
0 0.394375 0.5632294999999999 0.06312500000000004 0.20333300000000007
0 0.420859375 0.546667 0.012500000000000011 0.12749999999999995
0 0.4485546875 0.5596871666666666 0.03875000000000001 0.19416699999999998
0 0.4640625 0.5732295 0.04749999999999999 0.205
0 0.5053125 0.5319274166666667 0.01687500000000003 0.07749999999999997
0 0.5334375 0.5295315833333333 0.016874999999999973 0.080833
0 0.5521484375 0.5267708333333333 0.02937500000000004 0.089167
0 0.5937890625 0.5144788333333333 0.01937500000000003 0.05833399999999996
0 0.6222265625 0.5658333333333333 0.03375000000000006 0.16666700000000004
