0 0.8595703125 0.5898434166666666 0.120313 0.45208400000000015
0 0.07089793750000001 0.4364583333333334 0.04687499999999999 0.13749999999999987
0 0.22578075 0.5984375000000001 0.30468799999999996 0.797917
0 0.1193359375 0.4190104166666666 0.045313000000000006 0.07708300000000001
0 0.1736333125 0.3875 0.026562000000000002 0.06458299999999999
0 0.390625 0.41432325 0.03125 0.07291600000000005
0 0.4072265625 0.5124996666666667 0.03437499999999999 0.14791700000000008
0 0.4353510625 0.5554684166666667 0.05000100000000002 0.108334
0 0.4736323125 0.4859375000000001 0.05781300000000006 0.235417
0 0.5156244999999999 0.5236979166666668 0.07812599999999997 0.3104169999999999
0 0.596484375 0.5708333333333333 0.13750000000000007 0.41666700000000007
0 0.7154296875 0.6932291666666667 0.19531199999999993 0.5375000000000001
0 0.8968755 0.45494825 0.046875 0.10416600000000005
