0 0.181015625 0.6117842352941176 0.08374999999999999 0.3917139999999999
0 0.063671875 0.49998941176470585 0.028749999999999998 0.04708000000000003
0 0.1428125 0.4681534705882353 0.016249999999999987 0.03295699999999997
0 0.251328125 0.5319706470588236 0.03562499999999996 0.189266
0 0.26203125 0.47050217647058823 0.00874999999999998 0.05743899999999998
0 0.2859375 0.473211 0.016874999999999973 0.051789
0 0.3912890625 0.5225963529411765 0.08187499999999998 0.264595
0 0.499765625 0.47054388235294115 0.02124999999999999 0.130885
0 0.653671875 0.4947074705882353 0.05999999999999994 0.233522
0 0.716171875 0.5101858823529412 0.059374999999999956 0.231639
0 0.831875 0.4554255882352941 0.03125 0.103578
