0 0.1432421875 0.3346514784053156 0.179375 0.16796599999999998
0 0.1971875 0.03326665337763012 0.046875 0.051736
0 0.19375 0.14444681395348838 0.03312499999999999 0.04819200000000003
0 0.2585546875 0.142808073089701 0.03812500000000002 0.054571
0 0.25582031250000004 0.25894823366555925 0.02687500000000001 0.049610999999999995
0 0.2551171875 0.031051813953488373 0.023125000000000007 0.04819299999999999
0 0.3008203125 0.2518612336655593 0.026249999999999996 0.04961000000000001
0 0.3408984375 0.2510643942414175 0.030000000000000027 0.04464900000000001
0 0.3901953125 0.2518612336655593 0.02562500000000001 0.04961000000000001
0 0.4421484375 0.24698907308970097 0.030000000000000027 0.055280000000000044
0 0.6548828125 0.05404039424141749 0.04125000000000001 0.04464900000000001
