0 0.783984375 0.5080729166666668 0.10625000000000007 0.21749999999999994
0 0.2003515625 0.5705211666666666 0.15937500000000002 0.318333
0 0.2068359375 0.4106253333333334 0.046249999999999986 0.07333299999999994
0 0.3071484375 0.44015658333333335 0.06062500000000004 0.11333299999999998
0 0.371953125 0.6540628333333333 0.130625 0.495833
0 0.460078125 0.4290100833333333 0.0675 0.09666699999999999
0 0.499375 0.43713575 0.06312499999999999 0.088333
0 0.5491406249999999 0.5359899166666667 0.11500000000000005 0.15499999999999994
0 0.5225 0.40682325 0.03125 0.07249999999999994
0 0.5771484375 0.43307325 0.09187500000000004 0.13416599999999992
0 0.66515625 0.46916633333333335 0.10312500000000002 0.16666699999999998
0 0.722421875 0.44494758333333334 0.059374999999999956 0.143334
0 0.834765625 0.4388020833333333 0.05125000000000002 0.12916700000000003
0 0.8691796875 0.4140625 0.03875000000000006 0.07916699999999999
0 0.9036328125 0.41760383333333334 0.07374999999999998 0.09000000000000001
0 0.944765625 0.4471875 0.08374999999999999 0.11166700000000003
