0 0.1632891206636501 0.409765625 0.12656999999999996 0.145625
0 0.27416905882352943 0.6087109375 0.23768100000000006 0.1712499999999999
0 0.24100782503770737 0.3837109375 0.12173899999999996 0.17062499999999997
0 0.3493384162895928 0.398984375 0.12946899999999997 0.10625000000000001
0 0.43320889441930616 0.377109375 0.142995 0.13687499999999997
0 0.6693199095022624 0.345078125 0.409662 0.06687499999999996
0 0.6815747963800906 0.5393749999999999 0.417391 0.22062500000000002
0 0.6943668582202112 0.7621875 0.30627999999999994 0.1725
0 0.7277368838612368 0.11859375 0.35652200000000006 0.180625
0 0.7204061975867271 0.3358203125 0.280193 0.150625
