0 0.2920703125 0.6240996749633968 0.026875000000000038 0.03846099999999993
0 0.3206640625 0.6251509326500732 0.01874999999999999 0.04409100000000007
0 0.3511328125 0.6320165461200585 0.010000000000000009 0.036585000000000145
0 0.36953125 0.6642273806734992 0.040000000000000036 0.100375
0 0.3777734375 0.6529262210834553 0.030625000000000013 0.07504700000000004
0 0.419375 0.5985613806734992 0.03250000000000003 0.10225100000000013
0 0.6002734375 0.5978067364568083 0.12375000000000003 0.08630399999999998
0 0.6465234375 0.6504270556368961 0.02937500000000004 0.138837
0 0.6820703125 0.6415030863836018 0.026874999999999982 0.16322699999999998
0 0.6990234375 0.6490070863836017 0.030625000000000013 0.16135100000000002
0 0.7308984375 0.6002348038067349 0.029999999999999916 0.04221400000000014
0 0.753203125 0.6497694480234262 0.036250000000000004 0.05628499999999992
0 0.753359375 0.5989550307467058 0.012499999999999956 0.02532799999999988
0 0.78078125 0.6210052825768668 0.040000000000000036 0.12288899999999997
0 0.8098828125 0.6155606383601757 0.0412499999999999 0.10787999999999996
0 0.822265625 0.6088102825768668 0.020625000000000004 0.12007500000000003
0 0.918203125 0.5902585768667643 0.16125 0.06097500000000005
