0 0.3759761875 0.5532842846715328 0.11523499999999998 0.5343070000000001
0 0.0087890625 0.36350395620437953 0.019531 0.04087600000000003
0 0.0771479375 0.35474466423357665 0.013672000000000004 0.04963500000000001
0 0.087890375 0.35912368613138684 0.012695999999999999 0.029197000000000077
0 0.1152345 0.3489055182481752 0.017577999999999996 0.05109400000000005
0 0.1328125 0.36496354014598537 0.015625 0.030657
0 0.1445316875 0.3620438321167883 0.007811999999999986 0.026277000000000026
0 0.1572265 0.3343069781021898 0.015625 0.020438000000000015
0 0.1679686875 0.35912454014598544 0.006836000000000009 0.032116
0 0.1718746875 0.33284683211678834 0.006835999999999981 0.02481699999999998
0 0.1884765 0.3620439781021898 0.016602000000000006 0.02335700000000006
0 0.1865238125 0.34744510218978103 0.010742000000000002 0.03941599999999998
0 0.2500004375 0.654014204379562 0.124023 0.475913
0 0.237305 0.35474491240875916 0.03222600000000003 0.08321099999999997
0 0.2294919375 0.38248178832116786 0.014648999999999995 0.06569300000000002
0 0.256835875 0.3664230583941606 0.027344000000000035 0.08029200000000002
0 0.27832025 0.3576639562043796 0.007813000000000014 0.04233599999999999
0 0.2871096875 0.35912368613138684 0.006836000000000009 0.02773800000000008
0 0.3076175625 0.3620433284671533 0.034179000000000015 0.094891
0 0.3105466875 0.35620439416058397 0.006836000000000009 0.03357700000000005
0 0.3193359375 0.3635035401459854 0.014647999999999994 0.030657
0 0.3310546875 0.36496312408759124 0.006836000000000009 0.01897800000000005
0 0.33203125 0.35620397810218973 0.007813000000000014 0.020438000000000015
0 0.474609375 0.5357664598540146 0.13671900000000003 0.37080300000000005
0 0.5283203750000001 0.5547443795620438 0.07519499999999996 0.31240900000000005
0 0.5029296249999999 0.3708025182481752 0.020508000000000026 0.051095000000000015
0 0.5185550625 0.3722628102189781 0.019530999999999965 0.04525500000000004
0 0.53808575 0.36788322627737224 0.02343799999999996 0.056933999999999985
0 0.550781375 0.37226324817518247 0.012695000000000012 0.03795600000000002
0 0.5712888125 0.3620436861313869 0.009766000000000052 0.029196999999999952
0 0.57226525 0.3459852481751825 0.00781300000000007 0.03503699999999997
0 0.5898438125 0.3503648321167883 0.01074200000000003 0.024817999999999986
0 0.97851525 0.8773727226277372 0.04003900000000005 0.1284669999999999
