0 0.1146484375 0.5051216518723994 0.029374999999999984 0.10204099999999988
0 0.1262890625 0.48792687656033285 0.018125000000000002 0.08429399999999995
0 0.1789453125 0.4340675880721221 0.02562499999999998 0.031055999999999973
0 0.1976171875 0.43229258807212206 0.021874999999999978 0.03283100000000001
0 0.252265625 0.5394683411927879 0.05125000000000002 0.19875799999999996
0 0.340234375 0.506827588072122 0.012500000000000011 0.03283000000000001
0 0.4719921875 0.5183365284327324 0.05375000000000002 0.185448
0 0.6896484375 0.4178550790568654 0.06062499999999993 0.21650399999999995
0 0.77421875 0.3428639778085992 0.08750000000000002 0.15084300000000003
0 0.8446484375 0.3426317267683773 0.06062500000000004 0.094942
