0 0.27738281249999996 0.31343501174743027 0.1675 0.166353
0 0.403359375 0.28324429368575627 0.07437499999999997 0.11372099999999997
0 0.418046875 0.20447314977973569 0.02812500000000001 0.09868400000000001
0 0.462109375 0.2030047209985316 0.043125000000000024 0.09492500000000001
0 0.5526953125 0.2544008678414097 0.02562500000000001 0.15037599999999995
0 0.7756640625 0.21639857562408224 0.018125000000000058 0.06015000000000003
0 0.784609375 0.2233291483113069 0.012499999999999956 0.078948
0 0.8015625 0.228557577092511 0.016875000000000084 0.08082700000000002
0 0.96390625 0.20705957415565343 0.008750000000000036 0.040413000000000004
0 0.978359375 0.20999643171806165 0.013124999999999942 0.04417300000000002
0 0.9924609375 0.2095848604992658 0.01375000000000004 0.049811999999999974
