0 0.15285156249999998 0.2822221111111111 0.065625 0.22333300000000003
0 0.4255078125 0.7888885555555556 0.10499999999999998 0.114445
0 0.5344921874999999 0.4379857777777778 0.08437500000000003 0.15222300000000002
0 0.534140625 0.7904862222222222 0.05249999999999999 0.16555500000000004
0 0.583046875 0.35687455555555553 0.05875000000000008 0.20666700000000005
0 0.6274609375 0.7766671111111112 0.07687500000000003 0.22333300000000003
0 0.6174609375 0.46326433333333333 0.04625000000000001 0.13666599999999995
0 0.705703125 0.8644443333333334 0.06812499999999999 0.16888899999999987
0 0.80390625 0.9315282222222222 0.10249999999999992 0.13333299999999998
0 0.856015625 0.6431941111111111 0.05125000000000002 0.16000000000000003
