0 0.11078125 0.4713078832116789 0.070625 0.24276399999999995
0 0.2694140625 0.4401917810218979 0.080625 0.20728300000000005
0 0.34421875 0.4752136131386862 0.11874999999999997 0.229691
0 0.432578125 0.43725740875912417 0.06812500000000005 0.15312700000000004
0 0.5684765625 0.6098389489051095 0.31625000000000003 0.581699
0 0.4680859375 0.42574830656934304 0.04625000000000001 0.11671400000000001
0 0.5015234375 0.43579755474452564 0.029374999999999984 0.15125999999999992
0 0.5577734375 0.38609483211678836 0.030625000000000013 0.02521100000000003
0 0.599140625 0.4388869927007299 0.05125000000000002 0.14192400000000008
0 0.70015625 0.47976290510948905 0.10249999999999992 0.22222200000000006
0 0.7367578125 0.45104065693430656 0.1037499999999999 0.1876750000000001
0 0.7801953125 0.42912718248175186 0.026875000000000093 0.09897299999999995
