0 0.0185546875 0.8309614304538799 0.03875 0.33020700000000003
0 0.071953125 0.7575015344070278 0.06687499999999999 0.2176360000000001
0 0.120546875 0.743955663250366 0.06 0.22232700000000014
0 0.3096484375 0.7152251537335286 0.030625000000000013 0.11726099999999993
0 0.3441796875 0.710649411420205 0.03875000000000001 0.124765
0 0.3933203125 0.7008123806734994 0.026874999999999982 0.100375
0 0.4121484375 0.701039896046852 0.030624999999999958 0.11163300000000016
0 0.4548046875 0.6880470922401172 0.038124999999999964 0.07129499999999998
0 0.4533984375 0.6933073806734993 0.02937500000000004 0.100375
0 0.4884375 0.6776138345534406 0.015625 0.06566600000000007
0 0.574765625 0.6836547057101026 0.1150000000000001 0.06378999999999994
