0 0.041796875 0.7004684166666667 0.05875 0.170834
0 0.096796875 0.6883336666666667 0.027499999999999997 0.08583300000000005
0 0.14921875 0.6799479166666668 0.02437499999999998 0.05999999999999991
0 0.3712890625 0.6206253333333334 0.05062500000000003 0.07416599999999995
0 0.5908203125 0.6970833333333334 0.370625 0.22916700000000004
0 0.7841796875 0.58515625 0.03749999999999998 0.07083299999999992
0 0.8231640625 0.63401075 0.018125000000000058 0.05666599999999996
0 0.8571875 0.63401075 0.015625 0.05666599999999996
0 0.926328125 0.5942190833333334 0.036250000000000004 0.06749999999999996
0 0.95265625 0.63625 0.009375000000000022 0.06333299999999993
