0 0.0130078125 0.7374934172767204 0.01125 0.03283300000000008
0 0.072734375 0.7414739326500733 0.013124999999999998 0.04596599999999988
0 0.1348828125 0.7502145461200586 0.011249999999999982 0.036586000000000035
0 0.1423828125 0.7706691903367495 0.011249999999999982 0.05065600000000001
0 0.1614453125 0.7296908038067349 0.02562500000000001 0.04127600000000008
0 0.1655078125 0.8016251903367496 0.010000000000000009 0.05065700000000006
0 0.1774609375 0.7945330614934114 0.014374999999999999 0.04784200000000008
0 0.24 0.7713786749633967 0.03250000000000003 0.03846199999999999
0 0.2503125 0.8112347057101025 0.01687500000000003 0.061913999999999914
0 0.3441796875 0.7454102884333822 0.007500000000000007 0.03095700000000004
0 0.3894140625 0.7209060307467057 0.01937500000000003 0.0253290000000001
0 0.4184375 0.7546069326500732 0.016249999999999987 0.04409000000000001
0 0.9367578125 0.8018537057101024 0.011249999999999982 0.06379000000000003
0 0.9544140625 0.7136295461200586 0.018124999999999947 0.03658499999999998
0 0.96390625 0.7194419019033674 0.008750000000000036 0.021576000000000057
0 0.9942578125 0.7219582884333822 0.010000000000000009 0.030956999999999957
