0 0.203828125 0.6238016573938506 0.0675 0.313027
0 0.1155859375 0.6228636573938506 0.07687500000000001 0.31302800000000003
0 0.2948046875 0.6026555285505124 0.06937500000000002 0.30927899999999997
0 0.3823046875 0.6128522093704246 0.06874999999999998 0.2567950000000001
0 0.447421875 0.6255633382137628 0.059374999999999956 0.259606
0 0.5216796875 0.5982631420204978 0.06937500000000002 0.2999060000000001
0 0.580703125 0.5929938535871156 0.06812499999999999 0.27085300000000007
0 0.6187109375 0.6002583382137627 0.04625000000000001 0.25773200000000007
0 0.6483984375 0.6125625344070279 0.06062499999999993 0.21743199999999993
0 0.70953125 0.5944018228404099 0.07187500000000002 0.2464860000000001
0 0.77640625 0.5933485651537336 0.07187500000000002 0.24086200000000005
0 0.842578125 0.5775318228404099 0.0675 0.2474230000000001
