0 0.2078125 0.1963600249632893 0.07999999999999999 0.350563
0 0.2643359375 0.11395457562408223 0.044999999999999984 0.06015100000000001
0 0.3954296875 0.1742168751835536 0.10125 0.25470000000000004
0 0.4435546875 0.12094514684287813 0.03750000000000003 0.057331
0 0.5281640624999999 0.1501357268722467 0.08187499999999998 0.178572
0 0.5856640625 0.15389686637298092 0.04999999999999993 0.130639
0 0.6460546875 0.17099072246696034 0.03875000000000006 0.11560099999999998
0 0.698046875 0.18502872393538913 0.05875000000000008 0.135339
0 0.740078125 0.18420658149779737 0.03562500000000002 0.142857
0 0.7747265625 0.18402972540381793 0.03499999999999992 0.157895
0 0.8095703125 0.1768644375917768 0.026874999999999982 0.12688000000000002
0 0.8883203125 0.2352490161527166 0.057499999999999996 0.227444
0 0.96328125 0.29334088105726874 0.07125000000000004 0.33552600000000005
