0 0.0078125 0.56109375 0.0175 0.05625000000000002
0 0.041666666666666664 0.6169921875 0.085833 0.1468750000000001
0 0.06218783333333333 0.5305859375 0.027500000000000007 0.0462499999999999
0 0.08348991666666668 0.5769140625 0.03 0.08187500000000003
0 0.15932325 0.5953515625 0.070833 0.12812500000000004
0 0.21598991666666667 0.555234375 0.029165999999999987 0.04437500000000005
0 0.24989549999999996 0.613984375 0.08000000000000003 0.16937499999999994
0 0.34062533333333334 0.6278125 0.07499999999999996 0.1725
0 0.41666700000000007 0.686328125 0.125 0.254375
0 0.45484375 0.6070703125 0.05666700000000002 0.11937500000000001
0 0.53130175 0.6708984375 0.0866669999999999 0.21687500000000004
0 0.6127604166666666 0.66609375 0.07750000000000005 0.21187499999999992
0 0.7951559166666667 0.832890625 0.40583400000000003 0.3325
0 0.670417 0.6454296875 0.06333299999999993 0.1625000000000001
0 0.8113541666666667 0.9584375 0.3191669999999999 0.07999999999999996
0 0.7258850833333333 0.632734375 0.0666670000000001 0.13812500000000005
0 0.8044791666666667 0.6795703125 0.09999999999999994 0.244375
0 0.9021354166666667 0.6073046875 0.04583300000000001 0.10062499999999996
0 0.9255729166666667 0.6378125 0.09166699999999987 0.109375
0 0.9783333333333334 0.6094140625 0.041667000000000044 0.08062500000000006
