0 0.115234375 0.8414647862371889 0.23125 0.3142589999999999
0 0.12886718749999998 0.4769270014641288 0.11562500000000002 0.47936200000000007
0 0.1990625 0.5309577862371889 0.078125 0.314259
0 0.241640625 0.3380622767203514 0.05249999999999999 0.21294600000000002
0 0.3474609375 0.8613049824304538 0.23312499999999997 0.27392099999999986
0 0.26472656250000004 0.5323086573938506 0.06562499999999996 0.31144400000000005
0 0.3301953125 0.5162905592972181 0.057499999999999996 0.333021
0 0.3597265625 0.3460233074670571 0.06562499999999999 0.234522
0 0.3858984375 0.536358270863836 0.060624999999999984 0.30206400000000005
0 0.4241015625 0.5313706573938506 0.06625000000000003 0.31144400000000005
0 0.481875 0.5104081054172768 0.06250000000000006 0.36772999999999995
0 0.5316015625 0.5305459150805271 0.06625000000000003 0.31895000000000007
0 0.59328125 0.525900074670571 0.07062500000000005 0.344277
0 0.6328515625 0.5094259458272328 0.06625000000000003 0.34240199999999993
0 0.6853125 0.5248036573938507 0.04874999999999996 0.310507
0 0.73578125 0.5064275900439239 0.07124999999999992 0.35459699999999994
0 0.7978515625 0.5091984304538799 0.06562500000000004 0.3283299999999999
