0 0.46412884333821375 0.2255859375 0.929644 0.451875
0 0.04211796339677892 0.0325390625 0.067542 0.049375
0 0.12424937481698389 0.05625 0.19043100000000002 0.095625
0 0.5552630395314787 0.60859375 0.8874299999999999 0.5874999999999999
0 0.4347130014641289 0.253828125 0.4793619999999999 0.380625
0 0.3904637979502196 0.0876171875 0.13320800000000005 0.08499999999999999
0 0.5564442035139092 0.6462890625 0.3461540000000001 0.14375000000000004
0 0.4950909882869692 0.820625 0.18198900000000012 0.12624999999999997
0 0.6831475841874085 0.046875 0.44559099999999996 0.095
0 0.6894852825768668 0.8180078125 0.12101300000000001 0.104375
0 0.7026182825768668 0.545859375 0.12288899999999997 0.07499999999999996
0 0.7470500556368961 0.4017578125 0.13883700000000007 0.16750000000000004
0 0.7824877613469985 0.1599609375 0.20075000000000018 0.20124999999999998
0 0.7855379941434846 0.816015625 0.09193299999999997 0.11499999999999999
0 0.8225089267935578 0.54015625 0.13602300000000006 0.07187500000000002
