0 0.8990236875 0.1182295 0.07031200000000004 0.14270799999999997
0 0.21718725 0.12552116666666666 0.009374999999999994 0.03854099999999999
0 0.216797125 0.122917 0.004686999999999997 0.032291000000000014
0 0.240234625 0.12031216666666666 0.021093999999999974 0.069792
0 0.2728518125 0.12578158333333334 0.011718000000000006 0.05208300000000001
0 0.2826171875 0.11249966666666666 0.02265600000000001 0.083334
0 0.342187 0.11302050000000001 0.03125 0.07812500000000001
0 0.3568356875 0.12994825 0.006249999999999978 0.008332999999999998
0 0.387109625 0.11510383333333334 0.021094 0.05937499999999999
0 0.4039065 0.13541666666666666 0.015625 0.021875000000000016
0 0.419921375 0.11562466666666667 0.011719000000000035 0.054166999999999986
0 0.4533208125 0.11848958333333333 0.011718000000000006 0.051042
0 0.4580078125 0.11692675000000001 0.010155999999999998 0.05520899999999999
0 0.4623046875 0.1192705 0.006250000000000033 0.048958999999999996
0 0.730859125 0.13567741666666666 0.5039070000000001 0.10833299999999997
0 0.4826176875 0.12838575 0.007811999999999986 0.026040999999999998
0 0.493359375 0.11927116666666666 0.011719000000000035 0.03854100000000001
0 0.532422375 0.12265658333333333 0.04453099999999999 0.05208299999999999
0 0.621484375 0.12109408333333332 0.10625000000000007 0.06666600000000002
0 0.8203125 0.6216149166666667 0.234375 0.5916659999999999
0 0.7580078125 0.14192708333333334 0.010938000000000003 0.03645799999999999
0 0.7677736875 0.13749999999999998 0.0070310000000000095 0.03333300000000002
0 0.773828125 0.13619791666666667 0.0046880000000000255 0.029167000000000016
0 0.8123046875 0.14140658333333334 0.007812000000000041 0.052083000000000025
0 0.861719 0.134375 0.03203100000000003 0.125
0 0.95546875 0.158333 0.02421899999999999 0.033333999999999996
0 0.9710935 0.15494824999999998 0.01640699999999995 0.072916
