0 0.034453125 0.37603359004392384 0.0675 0.3545970000000001
0 0.107578125 0.4122950380673499 0.130625 0.4108820000000001
0 0.0883203125 0.4042908477306003 0.057499999999999996 0.36116300000000007
0 0.2291796875 0.41481142459736453 0.13187500000000002 0.420263
0 0.1981640625 0.4124611727672035 0.05000000000000002 0.322702
0 0.3621875 0.45277323426061494 0.14250000000000002 0.371482
0 0.47859375 0.48917387847730603 0.11812499999999998 0.38461599999999996
0 0.597421875 0.48333558418740846 0.12250000000000005 0.4465289999999999
0 0.713125 0.48836835724743777 0.15812499999999996 0.46529
0 0.6873046875 0.2990397057101025 0.038125000000000075 0.06378999999999999
0 0.7963671875 0.4678263938506589 0.08437499999999998 0.39680999999999994
0 0.899609375 0.5290299092240118 0.16874999999999996 0.40712899999999985
0 0.9708203125 0.5148965285505125 0.05687500000000001 0.307693
