0 0.0419921875 0.4287807283406755 0.084961 0.19676999999999997
0 0.435546875 0.47723916593245225 0.871094 0.32452300000000006
0 0.4990234375 0.7063138986784141 0.999023 0.5829669999999999
0 0.1816401875 0.4096918707782673 0.115235 0.19236399999999998
0 0.2919925 0.4067544390602056 0.11132800000000004 0.14684300000000003
0 0.48046925 0.5785611571218796 0.10253899999999999 0.20264300000000002
0 0.4951175 0.46549159030837006 0.11132799999999998 0.2657859999999999
0 0.6621091875 0.49339215418502197 0.05371099999999995 0.160059
0 0.722656625 0.4508075844346549 0.08300699999999994 0.18502200000000002
0 0.817382375 0.4772394522760646 0.10644600000000004 0.3318649999999999
