0 0.03125 0.3434896998535871 0.064375 0.15384599999999996
0 0.23453125 0.23839776134699853 0.13312500000000002 0.19981199999999996
0 0.4001953125 0.19861182869692534 0.08875 0.15759900000000002
0 0.499921875 0.17207315373352855 0.09000000000000002 0.11913699999999999
0 0.5815234375 0.15049715373352857 0.06125000000000003 0.118199
0 0.788046875 0.5926545607613469 0.40249999999999997 0.810507
0 0.6516015625 0.12253950951683748 0.06499999999999995 0.104127
0 0.9065625 0.028072901903367496 0.016249999999999987 0.021576
0 0.9207421875 0.031001159590043924 0.02312499999999995 0.02908
0 0.9454296875 0.060765705710102494 0.038124999999999964 0.06285199999999999
0 0.9406640625 0.024960288433382136 0.018124999999999947 0.030957
0 0.9509375 0.02795864421669107 0.016874999999999973 0.016885000000000004
0 0.97953125 0.053445061493411425 0.03937500000000005 0.049718
0 0.967109375 0.028072901903367496 0.013124999999999942 0.021576
0 0.9874609375 0.02795864421669107 0.01375000000000004 0.015009
