0 0.170390625 0.318249019033675 0.05125000000000002 0.20544099999999996
0 0.22875 0.30591382284040997 0.06312499999999999 0.24671700000000005
0 0.2476953125 0.22891122108345532 0.026875000000000038 0.075047
0 0.2889453125 0.29653282284041 0.057499999999999996 0.24765499999999993
0 0.3596875 0.31719676134699853 0.048750000000000016 0.201689
0 0.4215625 0.3496974919472914 0.11125000000000002 0.376173
0 0.5498828124999999 0.48844617276720353 0.16750000000000004 0.32457800000000003
0 0.5965625 0.24297350366032208 0.078125 0.19606099999999996
0 0.7115625 0.6391995666178624 0.298125 0.7185739999999999
0 0.65015625 0.25387150951683746 0.040000000000000036 0.10318899999999999
0 0.7347265625 0.3174252767203514 0.06562499999999993 0.21294500000000002
0 0.83796875 0.4565175168374817 0.11812499999999992 0.491557
0 0.93140625 0.5125757877013177 0.13437500000000002 0.7926830000000001
