0 0.17472656250000002 0.8784895833333334 0.15875 0.239167
0 0.4384375 0.888542 0.11125000000000002 0.22000000000000006
0 0.56765625 0.86161425 0.10312500000000002 0.22666699999999995
0 0.6353515625 0.90848925 0.03374999999999995 0.07083399999999991
0 0.6741015625 0.9128128333333333 0.03500000000000003 0.058333000000000045
0 0.7096484375 0.9037503333333333 0.06187500000000001 0.106666
0 0.7562109375 0.9150524166666667 0.04500000000000004 0.10833300000000001
0 0.7869921875 0.889583 0.021874999999999978 0.06333399999999993
0 0.8180859375 0.88161425 0.04562500000000003 0.10333399999999997
0 0.858125 0.8502083333333333 0.06437499999999996 0.13583299999999987
0 0.9154296875 0.8546354166666666 0.06937500000000008 0.170833
0 0.9545703125 0.8410940833333332 0.08875 0.16
