0 0.2077734375 0.5606774166666667 0.06062500000000001 0.5149999999999999
0 0.27984375 0.55557325 0.11875000000000002 0.8850000000000001
0 0.34953125 0.4937503333333333 0.00874999999999998 0.10500000000000005
0 0.373359375 0.493542 0.012500000000000011 0.09500000000000004
0 0.401484375 0.5627604166666668 0.044375 0.325833
0 0.4409375 0.5540621666666666 0.046875 0.4133339999999999
0 0.5041015625 0.5657291666666667 0.03375 0.2874999999999999
0 0.5766015625 0.5680204999999999 0.03499999999999992 0.36000000000000004
0 0.6380859375 0.57046875 0.07625000000000004 0.463333
0 0.7444140625 0.5699479166666667 0.018125000000000058 0.18499999999999997
0 0.7819140625 0.5666663333333334 0.01937500000000003 0.16833399999999998
0 0.8231640625 0.5722399166666666 0.018125000000000058 0.2166660000000001
0 0.91015625 0.5563024166666667 0.040000000000000036 0.29583299999999996
0 0.94859375 0.5810416666666667 0.055625000000000036 0.42750000000000005
