0 0.0185546875 0.6149479166666666 0.038125 0.185833
0 0.029921875 0.6140625 0.028124999999999997 0.20333300000000012
0 0.2108203125 0.5688020833333334 0.02687500000000001 0.12916699999999995
0 0.2283984375 0.5712496666666667 0.030625000000000013 0.14833400000000005
0 0.2678125 0.5716145833333334 0.046875 0.14333300000000002
0 0.453515625 0.6514583333333334 0.08250000000000002 0.3233329999999999
0 0.5122265625 0.6093753333333334 0.06562500000000004 0.2624999999999999
0 0.562265625 0.6157809166666667 0.08250000000000002 0.31
0 0.5705859375 0.4934899166666667 0.014375000000000027 0.029999999999999954
0 0.61671875 0.6151559166666667 0.055625000000000036 0.279167
