0 0.0224609375 0.5038887777777777 0.04625 0.307778
0 0.03546875 0.6740275555555555 0.055 0.42666700000000013
0 0.10515625 0.6142365555555556 0.164375 0.518888
0 0.0595703125 0.427014 0.057499999999999996 0.15888899999999997
0 0.0829296875 0.49465255555555554 0.06937499999999999 0.206667
0 0.0818359375 0.3566665555555556 0.045 0.11333299999999996
0 0.1019921875 0.7225693333333334 0.053125000000000006 0.32555599999999996
0 0.121484375 0.3771524444444444 0.04374999999999998 0.10777800000000005
0 0.216796875 0.6482642222222221 0.09000000000000002 0.665555
0 0.3575390625 0.6270137777777778 0.143125 0.713333
0 0.408671875 0.4215282222222222 0.059374999999999956 0.132222
0 0.4362890625 0.5307636666666666 0.04999999999999999 0.177778
0 0.481953125 0.5765967777777777 0.06687500000000002 0.524445
0 0.5458984375 0.40625044444444447 0.06125000000000003 0.20222199999999996
0 0.6230078125 0.4511108888888889 0.073125 0.27999999999999997
0 0.63765625 0.5534724444444444 0.07187499999999991 0.45333300000000004
0 0.724296875 0.5776384444444445 0.12187500000000007 0.8266669999999999
0 0.808203125 0.6142356666666667 0.12937500000000002 0.742223
