0 0.111640625 0.6136979166666666 0.08375000000000002 0.249167
0 0.20921875 0.6961455 0.08749999999999997 0.14083400000000004
0 0.2093359375 0.3155211666666667 0.07624999999999998 0.19500000000000003
0 0.1988671875 0.5340621666666666 0.053125000000000006 0.1625
0 0.297578125 0.38999999999999996 0.13062500000000002 0.37666700000000003
0 0.39671875 0.2949475833333333 0.1175 0.268334
0 0.5644140625 0.4595315833333333 0.26875 0.580833
0 0.641796875 0.4716149166666666 0.15249999999999997 0.18500000000000005
0 0.789921875 0.55963575 0.18374999999999997 0.3375000000000001
0 0.7958984375 0.3189065833333333 0.18625000000000003 0.301666
