0 0.665078125 0.26196401903367494 0.06812499999999999 0.207317
0 0.4990234375 0.7267738360175695 0.999375 0.543152
0 0.0980078125 0.16093041142020498 0.042499999999999996 0.123828
0 0.136171875 0.1672688960468521 0.02812500000000001 0.111633
0 0.4753125 0.3831249326500732 0.016249999999999987 0.04596600000000004
0 0.5487890625 0.44167286530014643 0.01937499999999992 0.08817999999999994
0 0.5487109375 0.38916580380673504 0.015000000000000013 0.04315199999999999
0 0.6389453125 0.46013625183016105 0.026874999999999982 0.097561
0 0.65734375 0.40680544802342605 0.024375000000000036 0.05722299999999998
0 0.736484375 0.27036285944363103 0.07562500000000005 0.180112
