0 0.090625 0.458542 0.03125 0.09416599999999997
0 0.1091796875 0.5025524166666666 0.03874999999999999 0.10833300000000001
0 0.2110546875 0.47640625 0.03875000000000001 0.134167
0 0.22640625 0.4753125 0.04000000000000001 0.14083299999999999
0 0.306015625 0.5557809166666666 0.08249999999999996 0.31000000000000005
0 0.3658203125 0.56442675 0.08875 0.3683340000000001
0 0.3500390625 0.63661425 0.050624999999999976 0.10333399999999997
0 0.396015625 0.61171875 0.020625000000000004 0.14916700000000013
0 0.4358984375 0.4860416666666667 0.09187499999999998 0.179167
0 0.4803515625 0.42359341666666667 0.06500000000000006 0.07749999999999997
0 0.5173046875 0.4239583333333334 0.03749999999999998 0.07416699999999994
0 0.548671875 0.41963575000000003 0.059374999999999956 0.088333
0 0.601640625 0.4159378333333334 0.051875000000000004 0.08999999999999993
0 0.6487890625 0.43098924999999993 0.08124999999999993 0.07083400000000006
0 0.67640625 0.6738538333333333 0.13312500000000005 0.403334
0 0.7762890625 0.5446354166666667 0.11250000000000004 0.17
0 0.8646875 0.4099996666666667 0.04874999999999996 0.08416699999999995
0 0.918515625 0.4153645833333333 0.11375000000000002 0.08333299999999995
