0 0.701088625 0.7565106666666667 0.08205200000000001 0.3037109999999999
0 0.2085403125 0.713867 0.057143 0.220703
0 0.2522530625 0.7180985833333332 0.05054900000000001 0.2060550000000001
0 0.3208731875 0.7102868333333334 0.05274699999999999 0.2158199999999999
0 0.341633625 0.6516930833333334 0.01978000000000002 0.06542899999999996
0 0.3702004375 0.7167965 0.06080600000000003 0.29785200000000006
0 0.402679625 0.72558625 0.05201500000000003 0.2597650000000001
0 0.431497125 0.7063805833333334 0.03589800000000004 0.2695309999999999
0 0.4510313125 0.73046825 0.05714199999999997 0.2578129999999999
0 0.5020668125000001 0.7311201666666668 0.07399300000000003 0.2558589999999999
0 0.5721535625 0.7460935000000001 0.06593399999999994 0.297852
0 0.620019375 0.7154944166666666 0.043955999999999995 0.26367200000000013
0 0.652496625 0.7415368333333334 0.05201499999999992 0.27636699999999986
0 0.7421165625 0.6878250833333333 0.06520199999999998 0.254883
0 0.7826528125 0.74316375 0.07252800000000004 0.2734379999999999
0 0.8117064375 0.737305 0.12454199999999993 0.37695300000000004
0 0.859822625 0.7327478333333334 0.05201500000000003 0.30956999999999996
0 0.913299375 0.7278648333333333 0.07545800000000003 0.307617
