0 0.0087890625 0.32463575 0.01875 0.08750000000000002
0 0.072265625 0.16869824999999997 0.145 0.16666599999999995
0 0.0269921875 0.009114583333333334 0.021875 0.018333
0 0.0294921875 0.32734375 0.023125000000000003 0.055000000000000014
0 0.082890625 0.31427083333333333 0.08374999999999999 0.09000000000000001
0 0.0591015625 0.5447916666666667 0.034374999999999996 0.115833
0 0.087734375 0.016927083333333332 0.013124999999999998 0.035833
0 0.0998828125 0.08302083333333334 0.011249999999999996 0.027499999999999986
0 0.1125390625 0.09755175 0.018125000000000002 0.024166999999999994
0 0.13332031249999998 0.016927083333333332 0.026874999999999996 0.035833
0 0.1346875 0.2951045 0.015625 0.048332999999999994
0 0.138359375 0.09291666666666666 0.012499999999999983 0.022500000000000003
0 0.1491015625 0.3848440833333333 0.03375 0.09750000000000007
0 0.1544921875 0.3127604166666667 0.021875000000000006 0.075833
0 0.1578125 0.09421875 0.016875 0.024166999999999994
0 0.1578125 0.23682291666666666 0.016875 0.03083299999999996
0 0.1734375 0.2809899166666667 0.015625 0.029166000000000025
0 0.5831640625 0.1655205 0.83125 0.235834
0 0.189375 0.7267711666666666 0.0325 0.13249999999999998
0 0.184765625 0.3269274166666667 0.020625000000000004 0.07583299999999997
0 0.1994921875 0.3136975833333333 0.022499999999999992 0.08083400000000007
0 0.2081640625 0.2902604166666667 0.018125000000000002 0.07583299999999997
0 0.2365234375 0.39057258333333333 0.029374999999999984 0.051666999999999984
0 0.2305859375 0.0078125 0.014374999999999999 0.016667
0 0.241640625 0.32098925 0.020625000000000004 0.07250000000000001
0 0.261328125 0.3983333333333334 0.03625000000000003 0.041666999999999975
0 0.251484375 0.006510416666666667 0.011874999999999997 0.013333
0 0.2555859375 0.3120315833333333 0.014999999999999986 0.08083299999999997
0 0.265859375 0.006510416666666667 0.011874999999999969 0.013333
0 0.280234375 0.2875003333333333 0.013124999999999998 0.04333299999999999
0 0.287265625 0.38161425 0.02062499999999995 0.10333400000000004
0 0.3092578125 0.3881253333333334 0.041874999999999996 0.07416600000000002
0 0.2987890625 0.28583333333333333 0.01937500000000003 0.04333300000000003
0 0.297109375 0.005208333333333333 0.012500000000000011 0.012500000000000002
0 0.3130078125 0.006510416666666667 0.010000000000000009 0.014167
0 0.328125 0.36598925 0.033125000000000016 0.070834
0 0.3271875 0.006510416666666667 0.016874999999999973 0.014167
0 0.330234375 0.3017705 0.013124999999999998 0.04833399999999995
0 0.345859375 0.28901075 0.011874999999999969 0.05499999999999997
0 0.3512890625 0.3044274166666667 0.019374999999999976 0.07749999999999997
0 0.3707421875 0.9042705 0.05437500000000001 0.17250000000000001
0 0.3719140625 0.3127604166666667 0.01937500000000003 0.07749999999999994
0 0.3921875 0.2915621666666666 0.01749999999999996 0.036667000000000005
0 0.42046875 0.3077604166666667 0.02437499999999998 0.07583299999999997
0 0.4381640625 0.3020315833333333 0.018125000000000002 0.08249999999999998
0 0.4763671875 0.3016666666666667 0.023125000000000007 0.08416699999999995
0 0.4982421875 0.3007295 0.023125000000000007 0.07916600000000003
0 0.5135546875 0.4174996666666666 0.03874999999999995 0.0841670000000001
0 0.5287890625 0.3077604166666667 0.01937500000000003 0.07583299999999997
0 0.6187890625 0.3044274166666667 0.01937500000000003 0.07583300000000004
0 0.62546875 0.40734408333333333 0.025000000000000022 0.09749999999999999
0 0.6676171875 0.46494825 0.023125000000000062 0.10166599999999996
0 0.7346484375 0.2932291666666667 0.030625000000000013 0.036667000000000005
0 0.9640625 0.2880725833333333 0.016874999999999973 0.05000000000000001
0 0.9827734375 0.5013545 0.030625000000000013 0.11000000000000003
