0 0.12187987077826726 0.806641125 0.192364 0.38085900000000006
0 0.30102743318649045 0.6992188125 0.06607999999999997 0.10351600000000005
0 0.37738629955947134 0.8183595 0.19676900000000005 0.360351
0 0.3979438737151248 0.51464825 0.232012 0.257813
0 0.6020560146842878 0.8066406875 0.20704800000000007 0.38281200000000004
0 0.7797357298091041 0.8271484375 0.21879599999999996 0.342773
0 0.7092511468428782 0.6845705625 0.05873699999999988 0.06542899999999996
0 0.7723940029368576 0.2773434375 0.04405200000000001 0.029296999999999962
0 0.8384731468428782 0.3193354375 0.057267999999999986 0.06054700000000002
0 0.8560944346549193 0.7333988125 0.08663700000000009 0.16699199999999992
0 0.8516890044052864 0.273437 0.06314199999999993 0.032227000000000006
0 0.8795887180616739 0.3154294375 0.05433199999999999 0.06054699999999996
0 0.916299577092511 0.30175825 0.08223200000000003 0.07226499999999997
0 0.944199577092511 0.718750375 0.08076399999999995 0.138671
0 0.9588841468428783 0.2978519375 0.057268999999999966 0.07617200000000002
