0 0.0205078125 0.7489088345534407 0.0425 0.06660400000000004
0 0.0391015625 0.7930871537335286 0.06499999999999999 0.1191369999999999
0 0.0890234375 0.7434641903367496 0.029375 0.05159500000000004
0 0.1345703125 0.8357926266471449 0.088125 0.28892999999999996
0 0.206640625 0.7765688653001463 0.05250000000000002 0.09005700000000011
0 0.21296875 0.7271043191800879 0.02437499999999998 0.054408999999999964
0 0.25496093750000004 0.8200808594436311 0.07749999999999999 0.1801129999999999
0 0.2370703125 0.7513810614934114 0.02562500000000001 0.04784199999999991
0 0.2509765625 0.7292088345534408 0.03437499999999999 0.0656659999999999
0 0.3028125 0.7418598653001465 0.04750000000000004 0.08818000000000002
0 0.335859375 0.77739360761347 0.04312499999999997 0.08255100000000003
0 0.3978515625 0.8225530863836018 0.06625000000000003 0.16135100000000002
0 0.44015625 0.8248851171303074 0.070625 0.18574200000000007
0 0.5870703125 0.775656803806735 0.02562500000000001 0.04221400000000006
0 0.9005859375 0.8089198960468522 0.0462499999999999 0.11163299999999991
0 0.9412109375 0.8020552825768668 0.04625000000000001 0.12101300000000009
0 0.9676953125 0.7677409326500731 0.026875000000000093 0.04596600000000004
