0 0.021171875 0.7764630415140416 0.028749999999999998 0.08444099999999992
0 0.0552734375 0.772457039072039 0.031249999999999993 0.07896800000000002
0 0.0776171875 0.771868043956044 0.023124999999999993 0.08913299999999995
0 0.101015625 0.7688910378510379 0.020625000000000004 0.07740399999999997
0 0.360546875 0.782118065934066 0.027500000000000024 0.13369900000000007
0 0.49890625 0.7748890610500611 0.16500000000000004 0.12431599999999998
0 0.4611328125 0.8036680671550672 0.04125000000000001 0.13604399999999997
0 0.530859375 0.7933110622710623 0.043749999999999956 0.12587899999999994
0 0.595078125 0.8008830659340659 0.036250000000000004 0.132135
0 0.6284765625 0.7876880683760684 0.034375000000000044 0.13760699999999992
0 0.6798828125 0.7830500598290598 0.04249999999999998 0.12197100000000007
0 0.72671875 0.7857810695970696 0.05500000000000005 0.141517
0 0.7836328125 0.8332180927960928 0.07374999999999998 0.18764700000000004
0 0.8090625 0.8052750781440781 0.04812499999999997 0.15793500000000008
0 0.9083984375 0.8134681074481074 0.061249999999999916 0.21657600000000007
0 0.961484375 0.8506341477411477 0.07500000000000007 0.29632500000000006
