0 0.5193749999999999 0.2221891812865497 0.09375000000000006 0.20599299999999995
0 0.078125 0.7957983976608187 0.1575 0.40262100000000006
0 0.112421875 0.3666630292397661 0.09 0.24344599999999997
0 0.1175 0.32906234502923976 0.0625 0.16479399999999997
0 0.288046875 0.34971123976608187 0.058750000000000024 0.192884
0 0.351796875 0.4626778304093567 0.12124999999999997 0.29400799999999994
0 0.681015625 0.748949023391813 0.52 0.49625400000000003
0 0.621875 0.42672019298245617 0.09375 0.20412
0 0.866328125 0.34052829824561404 0.09875 0.17603
0 0.9441796875 0.33527141520467835 0.06999999999999995 0.14793999999999993
