0 0.044921812500000005 0.8079180645161291 0.041992 0.06744799999999988
0 0.0898441875 0.5630496480938416 0.022459999999999994 0.104106
0 0.115234125 0.7536660967741935 0.036132999999999985 0.09970600000000004
0 0.1552733125 0.7536653401759531 0.025390999999999997 0.06891499999999989
0 0.178711375 0.9120231612903225 0.043944999999999984 0.16275700000000015
0 0.1865231875 0.8489735395894428 0.052735000000000004 0.17741900000000005
0 0.2480470625 0.513196064516129 0.019530999999999993 0.06451700000000005
0 0.2724613125 0.65102657771261 0.02636700000000003 0.12463300000000001
0 0.2949214375 0.6466273343108504 0.029297000000000017 0.152493
0 0.32226525 0.832844706744868 0.07128899999999999 0.2536660000000001
0 0.304687375 0.4017590967741936 0.011719000000000035 0.098241
0 0.3125000625 0.5058649237536658 0.018554999999999988 0.10557199999999994
0 0.32910175 0.640762302052786 0.02441399999999999 0.12023499999999991
0 0.34277375 0.42815199413489735 0.025390000000000024 0.08504399999999997
0 0.343750375 0.5307913724340175 0.012695000000000012 0.09970700000000002
0 0.359374875 0.5381235454545455 0.028320000000000012 0.09384099999999995
0 0.3613279375 0.3988274428152493 0.014649000000000023 0.080645
0 0.373047 0.6642224046920822 0.03222599999999998 0.13196499999999994
0 0.377929625 0.514663064516129 0.020508000000000026 0.06598200000000003
0 0.375976375 0.357771340175953 0.012695000000000012 0.070381
0 0.3876949375 0.3988269941348973 0.013672000000000017 0.08651000000000009
0 0.45898475 0.7785923489736071 0.149414 0.43988299999999997
0 0.425781125 0.5630499237536658 0.037109 0.10557199999999994
0 0.4179690625 0.39442816715542517 0.01953100000000002 0.07771300000000002
0 0.4960940625 0.5175948211143695 0.019530999999999965 0.09530800000000005
0 0.5136720625 0.5307920967741935 0.019531000000000076 0.09824000000000002
0 0.539063 0.44574782111436945 0.03222600000000009 0.09677400000000007
0 0.5585933125 0.5146631671554253 0.025391000000000052 0.07771199999999996
0 0.5605470625 0.5747797507331378 0.019531000000000076 0.11436999999999999
0 0.595702875 0.5219945454545455 0.02832100000000004 0.09384099999999995
0 0.7968753125 0.7478005865102639 0.402343 0.497067
0 0.6484374375 0.5366564750733137 0.030272999999999994 0.11290400000000005
0 0.6533200625 0.4970674428152493 0.019531000000000076 0.07917900000000004
