0 0.051640625 0.3817404055636896 0.0825 0.21576
0 0.0547265625 0.4250767613469986 0.065 0.201689
0 0.14671875 0.38883353440702784 0.05625000000000001 0.21951199999999998
0 0.1705078125 0.3775323748169839 0.04125000000000001 0.19230799999999995
0 0.2075390625 0.40743711713030745 0.04999999999999999 0.18667899999999996
0 0.2354296875 0.3959516017569546 0.03812499999999999 0.175423
0 0.282578125 0.3696155036603221 0.036250000000000004 0.19418400000000002
0 0.2926171875 0.40428134407027816 0.05312500000000003 0.16979300000000003
0 0.336640625 0.3687476017569546 0.05249999999999999 0.17354599999999998
0 0.3580859375 0.3882632459736457 0.044999999999999984 0.188555
0 0.40671875 0.3907354729136164 0.05499999999999999 0.17260800000000004
0 0.4054296875 0.3589547306002928 0.03874999999999995 0.17729799999999998
0 0.4478125 0.39696069985358706 0.048750000000000016 0.15384599999999996
0 0.4497265625 0.349486411420205 0.034375000000000044 0.125703
0 0.613984375 0.3681513748169839 0.26249999999999996 0.19043200000000005
0 0.7626171875 0.3510196383601757 0.023125000000000062 0.10600399999999996
0 0.77171875 0.36332889604685215 0.024375000000000036 0.11350899999999996
0 0.853984375 0.3637407672035139 0.13812499999999994 0.10975700000000001
0 0.9822265625 0.41350392679355785 0.03375000000000006 0.135084
