0 0.49609375 0.14192708333333334 0.992188 0.285417
0 0.4990234375 0.38776075 0.999219 0.18020800000000006
0 0.4990234375 0.6195315833333334 0.999219 0.27083299999999993
0 0.067969 0.8846354166666668 0.03125 0.07604199999999987
0 0.13183643750000001 0.85651075 0.029687000000000005 0.057290999999999905
0 0.1439458125 0.9611982500000001 0.04296799999999999 0.07291599999999991
0 0.1533203125 0.8505205 0.025781 0.046875
0 0.2265625 0.8434899166666666 0.046875 0.060416000000000025
0 0.353125 0.83880175 0.03125 0.05625000000000006
0 0.41796875 0.9770833333333334 0.025000000000000022 0.04270799999999989
0 0.4615239375 0.725 0.07656200000000002 0.0625
0 0.5357424375 0.7997395833333334 0.12343699999999996 0.11354199999999996
0 0.5185541875 0.8369788333333332 0.021876000000000007 0.057292000000000044
0 0.58749975 0.7236975833333332 0.02421899999999999 0.05000000000000012
0 0.6236328125 0.9026041666666668 0.04140599999999994 0.13229199999999994
0 0.6322263125 0.8239579999999999 0.026562999999999892 0.09583400000000013
0 0.66406275 0.810417 0.02499999999999991 0.0625
0 0.6646481875 0.8570309166666666 0.021874999999999978 0.06145900000000001
0 0.6695315 0.7809895833333332 0.015625 0.05000000000000012
0 0.687890375 0.9359371666666666 0.044531999999999905 0.06979200000000023
0 0.69531275 0.8700524166666668 0.02499999999999991 0.07708300000000001
0 0.8187505 0.8518232500000001 0.26718699999999995 0.1656249999999999
0 0.736719 0.9424475833333332 0.0625 0.11250000000000011
0 0.7337888125 0.88046875 0.04218799999999989 0.05625000000000006
0 0.7357419375 0.7453125000000002 0.014843999999999968 0.04791699999999999
0 0.759765625 0.7549475833333332 0.021093999999999946 0.05000000000000012
0 0.9599611875 0.8596350833333334 0.021874999999999978 0.0979170000000001
0 0.97656275 0.8682291666666666 0.02499999999999991 0.10104200000000008
0 0.988672375 0.8434899166666666 0.013280999999999987 0.12291600000000003
