0 0.091796875 0.3451805490196079 0.184375 0.465272
0 0.1410546875 0.218235045751634 0.06875 0.14058600000000002
0 0.207109375 0.21013444444444448 0.04374999999999998 0.091214
0 0.289609375 0.24714630065359475 0.106875 0.22594100000000003
0 0.3185546875 0.1848226862745098 0.03750000000000003 0.080334
0 0.4071484375 0.24285792156862748 0.15437499999999998 0.22092099999999995
0 0.3605078125 0.19282387581699348 0.04124999999999995 0.08117200000000004
0 0.4801953125 0.2411352156862745 0.05687500000000001 0.19665300000000002
0 0.5246484375 0.2534794575163399 0.030625000000000013 0.18577499999999997
0 0.5603125 0.23265786928104576 0.04874999999999996 0.233473
0 0.6156640625 0.24170978431372547 0.11312499999999992 0.205021
0 0.7379296875 0.2460528366013072 0.06874999999999998 0.19246799999999997
0 0.7623046875 0.23219264705882353 0.03749999999999998 0.18995800000000004
0 0.8099609375 0.16092149673202613 0.04500000000000004 0.076987
0 0.8499609375 0.27590447058823525 0.07625000000000004 0.284519
0 0.9334375 0.23694624836601308 0.07874999999999999 0.23932999999999996
0 0.9539453125 0.45682745751633985 0.08937499999999998 0.5874469999999999
