0 0.0185546875 0.3643746666666667 0.0375 0.179167
0 0.08492187500000001 0.40848924999999997 0.09062499999999998 0.19583399999999995
0 0.128125 0.483125 0.094375 0.15833299999999992
0 0.1705078125 0.34713575 0.07250000000000001 0.211666
0 0.222265625 0.049479166666666664 0.08249999999999999 0.100833
0 0.2467578125 0.40192741666666665 0.10375000000000001 0.201666
0 0.357734375 0.061197916666666664 0.10562500000000002 0.12416699999999999
0 0.43578125 0.07291666666666667 0.07124999999999998 0.148333
0 0.49640625 0.5110416666666667 0.101875 0.17916699999999994
0 0.5230078125 0.07291666666666667 0.07249999999999995 0.146667
0 0.5482421875 0.4311979166666666 0.08562500000000006 0.24916700000000003
0 0.6244921875 0.08489616666666666 0.08562499999999995 0.161666
0 0.685546875 0.4532809166666667 0.12187499999999996 0.18749999999999992
0 0.744375 0.08984375 0.09562499999999996 0.18000000000000002
0 0.8606640625 0.11203124999999999 0.08124999999999993 0.165
0 0.95484375 0.10494791666666665 0.08750000000000002 0.18583300000000003
