0 0.046875 0.7976562499999998 0.09375 0.1975000000000001
0 0.0517578125 0.90338575 0.105 0.150833
0 0.4990234375 0.67421875 0.999375 0.6491670000000002
0 0.189453125 0.9290104166666667 0.1925 0.13916700000000004
0 0.172265625 0.7487496666666668 0.14625 0.27083399999999996
0 0.1458984375 0.43401008333333335 0.030624999999999986 0.09833399999999999
0 0.159140625 0.41432325 0.020625000000000004 0.07250000000000001
0 0.29375 0.39968716666666665 0.03249999999999997 0.06999999999999999
0 0.376171875 0.6734375 0.15250000000000002 0.17416699999999988
0 0.448125 0.9109374999999998 0.15625 0.17416700000000018
0 0.635078125 0.8781246666666668 0.1925 0.240834
0 0.9440625 0.533958 0.10999999999999999 0.28250000000000003
