0 0.5130859375 0.5440102659932661 0.10750000000000004 0.5344829999999999
0 0.02578125 0.408064531986532 0.04 0.06680999999999998
0 0.0310546875 0.12647703703703705 0.03874999999999999 0.076508
0 0.032343750000000004 0.35142403030303027 0.024374999999999997 0.063577
0 0.0575 0.41500103030303026 0.032499999999999994 0.0625
0 0.0626953125 0.06498554882154882 0.026874999999999996 0.099138
0 0.078125 0.5755540841750841 0.0325 0.17025900000000002
0 0.0852734375 0.41500103030303026 0.029375000000000012 0.0625
0 0.1096484375 0.32872156902356897 0.030624999999999986 0.14116400000000004
0 0.1171484375 0.3557995454545454 0.030625 0.09267200000000005
0 0.14 0.3543840505050505 0.033125 0.10129299999999998
0 0.151953125 0.4111625286195286 0.03562500000000002 0.05818999999999992
0 0.181484375 0.5707725858585859 0.04374999999999998 0.17241399999999996
0 0.213125 0.5676735892255892 0.03312499999999999 0.17888000000000004
0 0.230234375 0.221304037037037 0.04375000000000001 0.07543099999999998
0 0.2769921875 0.15018403703703703 0.021875000000000033 0.07543100000000001
0 0.3066796875 0.4085360303030303 0.03749999999999998 0.06249999999999995
0 0.332578125 0.25921955555555554 0.036250000000000004 0.11314599999999998
0 0.3367578125 0.5727240942760943 0.04250000000000004 0.19181100000000004
0 0.3575 0.2597565690235691 0.03187500000000004 0.14116399999999998
0 0.394296875 0.3807185488215488 0.02812500000000001 0.09913700000000002
0 0.3977734375 0.14351454545454545 0.029374999999999984 0.09267300000000002
0 0.418671875 0.3785625488215488 0.028124999999999956 0.09913800000000003
0 0.439921875 0.07212553872053871 0.028749999999999998 0.07758600000000003
0 0.47046875 0.08256404377104377 0.024375000000000036 0.088362
0 0.48453125 0.3615250404040404 0.03999999999999998 0.08405100000000003
0 0.486875 0.14735404713804712 0.03187500000000004 0.09698200000000001
0 0.4871484375 0.560402569023569 0.029374999999999984 0.14116399999999996
0 0.503203125 0.04747554208754209 0.03562500000000002 0.086207
0 0.5090234375 0.34852455218855216 0.030625000000000013 0.10668100000000001
0 0.6839453125 0.580873595959596 0.05812499999999998 0.19396499999999992
0 0.678828125 0.3493335454545455 0.03687499999999999 0.092673
0 0.6876953125 0.40045204377104376 0.02562500000000001 0.08836200000000001
0 0.6921484375 0.25322505387205385 0.030625000000000013 0.10883700000000002
0 0.7339453125 0.20588054208754208 0.026875000000000093 0.086207
0 0.7492578125 0.37957206060606064 0.04249999999999998 0.12392199999999995
0 0.7581640625 0.20453453535353536 0.01937500000000003 0.07219800000000001
0 0.7736328125 0.3869800572390572 0.04125000000000001 0.11530200000000003
0 0.779609375 0.5694335252525252 0.043749999999999956 0.05280200000000003
0 0.80609375 0.40193205387205383 0.024374999999999925 0.10991400000000005
0 0.819453125 0.5837035858585858 0.036250000000000004 0.17241400000000004
0 0.8241796875 0.22494004713804713 0.03749999999999998 0.09482700000000004
0 0.840625 0.3948605521885522 0.0318750000000001 0.10668100000000001
0 0.8835546875 0.38408555218855217 0.038124999999999964 0.104525
0 0.97890625 0.5836996127946128 0.040000000000000036 0.22844799999999996
