0 0.5212496666666667 0.49300781250000003 0.39583399999999996 0.760625
0 0.14583333333333334 0.4134375 0.294167 0.54875
0 0.4582288333333333 0.4444140625 0.2458340000000001 0.08187500000000003
0 0.3932291666666667 0.361953125 0.03833300000000003 0.036250000000000004
0 0.4147913333333333 0.52109375 0.07500000000000002 0.05625000000000002
0 0.39124966666666666 0.5377734375 0.022500000000000037 0.030625000000000013
0 0.39338575 0.29109375 0.024999999999999984 0.024375000000000036
0 0.39338575 0.3184765625 0.024999999999999984 0.03437499999999999
0 0.40276008333333335 0.40921875 0.03416699999999998 0.023749999999999993
0 0.403125 0.630546875 0.031666999999999966 0.02750000000000008
0 0.42776041666666664 0.4758203125 0.07750000000000005 0.05812499999999998
0 0.4163024166666667 0.56046875 0.04583300000000001 0.05625000000000002
0 0.4251045 0.35296875 0.048333000000000036 0.05625000000000002
0 0.42098991666666663 0.31453125 0.029166000000000025 0.03937499999999999
0 0.433125 0.6099609375 0.031666999999999966 0.04625000000000001
0 0.43942708333333336 0.421171875 0.03416699999999998 0.027500000000000024
0 0.4487496666666666 0.3873046875 0.02333400000000004 0.03749999999999998
0 0.4526559166666666 0.3275 0.0300000000000001 0.03125
0 0.4621354166666667 0.5714453125 0.04583300000000001 0.05812499999999998
0 0.46703125 0.35390625 0.03916700000000003 0.03937500000000005
0 0.4760416666666667 0.4179296875 0.052499999999999915 0.03750000000000003
0 0.47536425 0.489609375 0.04083400000000004 0.04437499999999994
0 0.48317675 0.5172265625 0.05666699999999995 0.034375000000000044
0 0.5052604166666667 0.54671875 0.07750000000000005 0.05625000000000002
0 0.49328158333333333 0.35984375 0.020000000000000018 0.023749999999999993
0 0.5035940833333333 0.3883984375 0.03583299999999993 0.030624999999999958
0 0.5163024166666667 0.518125 0.04583300000000001 0.032500000000000084
0 0.52286425 0.589296875 0.03916699999999995 0.02749999999999997
0 0.5273961666666667 0.4191015625 0.03833300000000003 0.03437499999999999
0 0.5581253333333334 0.5092578125 0.07499999999999989 0.04249999999999998
0 0.5404166666666667 0.3864453125 0.022499999999999964 0.026874999999999982
0 0.5684375 0.541640625 0.04749999999999995 0.05249999999999999
0 0.5657291666666667 0.353984375 0.036667000000000005 0.044375
0 0.5673961666666666 0.57828125 0.03666600000000009 0.03937500000000005
0 0.5616145833333334 0.386640625 0.018333000000000082 0.020625000000000004
0 0.5628125 0.421171875 0.01583300000000006 0.027500000000000024
0 0.5807291666666666 0.48078125 0.036667000000000005 0.03937499999999999
0 0.5854166666666666 0.326328125 0.023333000000000048 0.03562499999999996
0 0.6067705 0.5594921875 0.04750000000000002 0.05437500000000006
0 0.60953125 0.479765625 0.040832999999999973 0.020625000000000004
0 0.6171354166666666 0.5103515625 0.045000000000000005 0.03437499999999993
0 0.64598925 0.539609375 0.07083400000000006 0.07500000000000007
0 0.6591663333333334 0.578359375 0.043333999999999984 0.04437499999999994
0 0.8183854166666666 0.4921875 0.35916700000000007 0.98625
