0 0.7690625 0.5280383308270676 0.2975 0.7485550000000001
0 0.0283203125 0.14586466165413534 0.0575 0.292871
0 0.08671875 0.26464253383458647 0.15 0.33140700000000006
0 0.2269140625 0.497045977443609 0.393125 0.71291
0 0.3484765625 0.10977443609022557 0.09625 0.219653
0 0.40890625 0.2553610902255639 0.19687500000000002 0.34971100000000005
0 0.5452734375 0.11212467669172933 0.12437500000000001 0.217726
0 0.6873046875 0.112995007518797 0.10125000000000006 0.16377599999999998
0 0.795703125 0.07969924812030076 0.09812500000000002 0.159923
0 0.8721484375 0.23757486466165412 0.15499999999999992 0.27842
