0 0.043359375 0.7650003333333334 0.013125000000000005 0.04333299999999992
0 0.104453125 0.9534378333333332 0.068125 0.09000000000000015
0 0.0987109375 0.7878128333333333 0.015 0.05750000000000011
0 0.1044140625 0.7910416666666666 0.019375000000000003 0.053333
0 0.187890625 0.7520315833333333 0.051875000000000004 0.080833
0 0.1951953125 0.9586975833333332 0.05812500000000001 0.08083400000000014
0 0.226640625 0.78875 0.020624999999999977 0.0625
0 0.3464453125 0.7713545 0.21437499999999998 0.11166600000000004
0 0.4991796875 0.7492187500000002 0.007500000000000007 0.025832999999999846
0 0.5230078125 0.7531250000000002 0.011250000000000093 0.0324999999999999
0 0.544765625 0.7838024166666666 0.020625000000000004 0.04583300000000001
0 0.5409765625 0.7311454999999999 0.00374999999999992 0.01750000000000007
0 0.5504296875 0.7420836666666667 0.0068749999999999645 0.022500000000000114
0 0.7638671875 0.7497913333333334 0.365625 0.07416699999999994
0 0.92625 0.84828125 0.03125 0.10166699999999995
0 0.9272265625 0.9610934166666666 0.03500000000000003 0.07583400000000011
0 0.97015625 0.8434371666666668 0.039999999999999925 0.1308339999999998
0 0.9880078125 0.7465621666666666 0.010000000000000009 0.038334000000000014
