0 0.7825994375 0.890247258148631 0.12382699999999991 0.21368999999999996
0 0.2859141875 0.6435569908735332 0.021888999999999992 0.08597700000000003
0 0.47795225 0.34525780964797914 0.008755999999999986 0.02754599999999996
0 0.489912375 0.34228502868318117 0.011882000000000004 0.024207000000000065
0 0.50484425 0.39330659061277706 0.009380999999999973 0.029214999999999963
0 0.5164528125 0.396279371577575 0.01000600000000007 0.03255499999999996
0 0.5656615 0.6176809908735332 0.016884999999999928 0.08597699999999996
0 0.5691390625 0.5081804002607562 0.019386999999999932 0.05509199999999999
0 0.5684369375 0.4411962764015646 0.014383999999999952 0.04507499999999991
0 0.5716410625 0.5655147431551499 0.01813599999999993 0.062604
0 0.5821188125 0.43264215254237287 0.011257000000000073 0.03589300000000004
0 0.591850375 0.5311391525423729 0.01313299999999995 0.03589299999999997
0 0.60271275 0.5718265241199479 0.025015999999999927 0.06761299999999994
0 0.6378549375 0.5573738670143417 0.014383999999999952 0.07429099999999994
0 0.6981143125 0.8614605149934811 0.05816100000000002 0.15108500000000002
0 0.7247649375 0.8886337913950457 0.07692299999999996 0.19448999999999994
0 0.703555 0.5878926479791395 0.03251999999999999 0.07596000000000001
