0 0.0146484375 0.5265231465798046 0.03 0.28125
0 0.03875 0.5146922442996743 0.0325 0.1364579999999999
0 0.0868359375 0.5933391074918566 0.04625 0.34166700000000005
0 0.1726953125 0.7101486156351792 0.12062500000000001 0.5770830000000001
0 0.1398828125 0.4845582247557003 0.042499999999999996 0.16458299999999992
0 0.243515625 0.6034748175895766 0.05249999999999999 0.2739579999999999
0 0.272890625 0.5709931400651466 0.05125000000000002 0.292708
0 0.2971484375 0.4947679153094463 0.02937500000000004 0.12812499999999988
0 0.3075390625 0.5006782768729641 0.018125000000000002 0.08541699999999998
0 0.3333203125 0.4882532573289903 0.02562500000000001 0.11666699999999998
0 0.3508984375 0.5314165928338762 0.030625000000000013 0.11250000000000007
0 0.3684375 0.4847312703583062 0.016250000000000042 0.09583299999999996
0 0.381640625 0.5235545602605863 0.020625000000000004 0.16249999999999995
0 0.4096484375 0.5270015667752442 0.029374999999999984 0.15000000000000005
0 0.50953125 0.5316978827361564 0.03937500000000005 0.17708300000000005
0 0.5372265625 0.5177765276872965 0.034375000000000044 0.209375
0 0.6005078125 0.618563048859935 0.07250000000000001 0.4291669999999999
0 0.6598046875 0.5423961726384365 0.038124999999999964 0.241667
0 0.73265625 0.6620012214983714 0.10250000000000004 0.6708330000000001
0 0.8317578125 0.5698021791530945 0.04249999999999998 0.23333299999999998
0 0.9290234375 0.6302283583061888 0.09249999999999992 0.4656250000000001
0 0.981328125 0.691571661237785 0.03562500000000002 0.510417
0 0.984921875 0.5163209087947883 0.028125000000000067 0.13854099999999997
