0 0.0458984375 0.6158582518301611 0.091875 0.09849899999999998
0 0.109375 0.8075977496339677 0.22 0.381801
0 0.1619921875 0.40967489751098096 0.241875 0.589118
0 0.2461328125 0.6117116017569546 0.10500000000000001 0.17448399999999992
0 0.3159375 0.5808524245973645 0.141875 0.4212010000000001
0 0.404296875 0.6382061171303074 0.09000000000000002 0.18480300000000005
0 0.456328125 0.7541267496339679 0.1925 0.38086299999999995
0 0.5637890624999999 0.7752025592972182 0.23812499999999998 0.333021
0 0.64203125 0.8644165959004392 0.2281249999999999 0.26641699999999996
0 0.62140625 0.5981043499267935 0.07187499999999991 0.07692399999999998
0 0.6969140625 0.6873730497803807 0.11187500000000006 0.23076899999999992
0 0.8247265625 0.8247372035139092 0.19062500000000004 0.3470919999999999
0 0.8230859375 0.5978768345534407 0.07687499999999992 0.06566599999999999
0 0.855234375 0.6472271229868228 0.10562499999999997 0.09568499999999996
0 0.97890625 0.7011099941434846 0.040000000000000036 0.09099499999999992
0 0.9858203125 0.6240295768667643 0.026249999999999996 0.06097500000000005
