0 0.2890625 0.707062168141593 0.578125 0.5155810000000001
0 0.1673828125 0.3364920176991151 0.10499999999999998 0.15958499999999998
0 0.1702734375 0.3883900412979351 0.029374999999999984 0.04060500000000001
0 0.35046875 0.4149468938053097 0.02437499999999998 0.04627000000000008
0 0.40140625 0.414533820058997 0.03999999999999998 0.05004700000000002
0 0.64390625 0.804590592920354 0.19562499999999994 0.33899999999999997
0 0.611796875 0.5610526489675517 0.09062499999999996 0.17469299999999996
0 0.64375 0.5311410501474926 0.06312499999999999 0.11803500000000003
0 0.6976953125 0.7021401828908554 0.1193749999999999 0.31350300000000003
0 0.7202734375 0.6041852477876106 0.09187500000000004 0.23040600000000006
0 0.85453125 0.8332168141592922 0.28937500000000005 0.32955599999999996
0 0.748671875 0.5749829439528024 0.06000000000000005 0.16430599999999992
0 0.8431640625 0.6014229439528024 0.14312500000000006 0.16430599999999992
0 0.87328125 0.46550846017699116 0.04062500000000002 0.14164300000000007
