0 0.2315625 0.4935413333333334 0.109375 0.2616669999999999
0 0.03125 0.49052049999999997 0.063125 0.23666700000000004
0 0.085859375 0.6200520833333334 0.075 0.19166699999999995
0 0.310390625 0.61578125 0.083125 0.22750000000000004
0 0.3959765625 0.5327083333333333 0.06624999999999998 0.13583299999999995
0 0.45734375 0.5886458333333333 0.1175 0.18416700000000005
0 0.6234375 0.624167 0.235 0.2516659999999999
0 0.614140625 0.5243753333333333 0.08374999999999999 0.13749999999999996
0 0.65484375 0.4947913333333333 0.055625000000000036 0.07416700000000002
0 0.811640625 0.5392190833333333 0.083125 0.19166600000000003
