0 0.0068359375 0.5161942896652111 0.01375 0.06424600000000008
0 0.190078125 0.5554311630276565 0.03562500000000002 0.11824899999999997
0 0.219296875 0.5473393508005823 0.02812500000000001 0.108939
0 0.2415625 0.5223058937409025 0.015625 0.0670389999999999
0 0.2592578125 0.5077498529839884 0.010000000000000009 0.03817499999999992
0 0.504765625 0.5323769141193595 0.020625000000000004 0.08193700000000004
0 0.6333203125 0.5937888078602621 0.026874999999999982 0.14897599999999994
0 0.7296484375 0.5964645997088792 0.030000000000000027 0.143389
0 0.7596484375 0.5967000160116449 0.030625000000000013 0.15456199999999995
0 0.8177734375 0.692375154294032 0.09187500000000004 0.39758000000000016
