0 0.0166015625 0.28223925 0.03375 0.26
0 0.1291015625 0.4633336666666666 0.15875 0.585
0 0.33078125 0.4932809166666667 0.2275 0.56
0 0.5325 0.20078125 0.06374999999999997 0.101667
0 0.7391015625 0.18552116666666665 0.03499999999999992 0.06999999999999999
0 0.7592578125 0.19630175000000002 0.04125000000000001 0.086667
0 0.7815625 0.22057258333333332 0.07874999999999999 0.176667
0 0.818125 0.1967705 0.03249999999999997 0.04833399999999999
0 0.8491796875 0.24624966666666667 0.07000000000000006 0.148334
0 0.9521484375 0.26484375 0.09250000000000003 0.18166700000000002
