0 0.037109375 0.2887827445255475 0.075 0.10644199999999995
0 0.0390625 0.7668407445255475 0.07875 0.10550899999999999
0 0.05078125 0.5292049124087591 0.103125 0.08216599999999998
0 0.2648828125 0.7251425109489051 0.198125 0.19141000000000002
0 0.26921875 0.2832984525547445 0.05624999999999997 0.11111200000000003
0 0.4802734375 0.7285430802919708 0.15624999999999994 0.0606909999999999
0 0.504296875 0.5057578686131387 0.09125000000000005 0.12418300000000002
0 0.5254687499999999 0.2750141605839416 0.08687499999999998 0.11858100000000002
0 0.9340625 0.7540061605839417 0.04874999999999996 0.1185800000000001
0 0.96078125 0.4926045182481752 0.07187500000000002 0.05135399999999997
0 0.9731640625 0.7243489124087592 0.05062500000000003 0.08216699999999995
0 0.9746875 0.776399496350365 0.04812499999999997 0.07282900000000005
