0 0.024921875 0.3456892518301611 0.02875 0.09943800000000005
0 0.1448046875 0.43835946120058566 0.1 0.35365899999999995
0 0.1587890625 0.3268840922401171 0.018125000000000002 0.07035600000000003
0 0.1791015625 0.3728683133235725 0.035 0.14634099999999997
0 0.2078125 0.33251209224011713 0.016249999999999987 0.07129499999999998
0 0.246953125 0.3831526573938506 0.06687500000000002 0.313321
0 0.3840625 0.5532727818448023 0.2975 0.8836780000000001
0 0.281640625 0.2900705768667643 0.020000000000000018 0.06097599999999998
0 0.49328125 0.33545857101024895 0.040000000000000036 0.15009399999999998
0 0.9230859375 0.3544308653001464 0.015000000000000013 0.08818000000000002
