0 0.58125 0.5256770833333333 0.12624999999999997 0.346667
0 0.121875 0.53036425 0.15625 0.41500000000000004
0 0.2570703125 0.551667 0.15125 0.251666
0 0.32359375 0.6009371666666666 0.2425 0.256667
0 0.3573828125 0.5685940833333333 0.10375000000000001 0.2841660000000001
0 0.443125 0.6057809166666667 0.12687499999999996 0.18583399999999992
0 0.45765625 0.48291633333333334 0.13437500000000002 0.23083399999999998
0 0.5604296875 0.4222395833333334 0.03749999999999998 0.05166699999999991
0 0.6728125 0.5392184166666667 0.07874999999999999 0.23416699999999993
0 0.7290234375 0.5746878333333334 0.12375000000000003 0.15333299999999994
0 0.73890625 0.5078121666666666 0.10187500000000005 0.224167
0 0.84125 0.5713538333333333 0.12624999999999997 0.153334
0 0.81640625 0.493333 0.07187500000000002 0.12666699999999995
0 0.8659765625 0.46984408333333333 0.06500000000000006 0.098333
0 0.9068359375 0.5473958333333333 0.07750000000000001 0.12166700000000004
0 0.935 0.8064062499999999 0.12687499999999996 0.3841670000000001
0 0.9659765625 0.4923434166666667 0.06562500000000004 0.1399999999999999
0 0.972890625 0.5639580000000001 0.051875000000000004 0.1566669999999999
