0 0.776953125 0.8672916666666667 0.06687500000000002 0.240833
0 0.01953125 0.80484375 0.04 0.18083299999999994
0 0.03125 0.9442184166666667 0.063125 0.108334
0 0.0112890625 0.6093225833333333 0.019375 0.11416699999999998
0 0.02859375 0.6314586666666666 0.024375 0.11500000000000006
0 0.0539453125 0.7049996666666667 0.026875000000000003 0.08333400000000002
0 0.07468749999999999 0.5589586666666667 0.04687500000000001 0.115833
0 0.081796875 0.7076565833333334 0.027499999999999997 0.11333299999999998
0 0.0962890625 0.7541149166666666 0.049375 0.18666599999999992
0 0.12171875 0.9212496666666666 0.05500000000000001 0.1458340000000001
0 0.1175 0.54151075 0.0325 0.05666600000000003
0 0.1158203125 0.4998955 0.02687500000000001 0.07916700000000006
0 0.125 0.6733333333333333 0.0325 0.1666669999999999
0 0.1337890625 0.4666149166666667 0.019375000000000003 0.05999999999999998
0 0.1581640625 0.6211979166666667 0.019375000000000003 0.1224999999999999
0 0.17921875 0.6279166666666667 0.023749999999999993 0.14833300000000005
0 0.2242578125 0.6095309166666666 0.04125000000000001 0.12416700000000007
0 0.235703125 0.7675520833333334 0.036250000000000004 0.1924999999999999
0 0.2457421875 0.61661425 0.021875000000000033 0.10166699999999995
0 0.253125 0.8273961666666666 0.03125 0.16333300000000003
0 0.282578125 0.90817675 0.06687499999999996 0.18083400000000008
0 0.2951171875 0.8630211666666666 0.05375000000000002 0.19499999999999998
0 0.285625 0.62921875 0.03312499999999996 0.1499999999999999
0 0.33046875 0.7415104166666667 0.024375000000000036 0.13916700000000004
0 0.3442578125 0.7466663333333333 0.041874999999999996 0.16916700000000007
0 0.34984375 0.5673440833333334 0.02437499999999998 0.09833299999999993
0 0.3582421875 0.4744274166666667 0.023125000000000007 0.07749999999999997
0 0.367578125 0.8011458333333333 0.036250000000000004 0.1841670000000001
0 0.3776171875 0.5897916666666666 0.021874999999999978 0.11583300000000007
0 0.4103515625 0.9262496666666666 0.065 0.1458340000000001
0 0.3945703125 0.47682325 0.026249999999999996 0.070833
0 0.4131640625 0.46901075 0.01937500000000003 0.05666600000000003
0 0.4238671875 0.53848925 0.021874999999999978 0.07083399999999991
0 0.453671875 0.51567675 0.027500000000000024 0.05666700000000002
0 0.4588671875 0.6082288333333333 0.021874999999999978 0.12083400000000004
0 0.4933984375 0.5665625 0.030000000000000027 0.07916699999999999
0 0.4926171875 0.4998955 0.023125000000000007 0.07916700000000006
0 0.5175390625 0.6868229166666667 0.050624999999999976 0.15499999999999994
0 0.545 0.65359375 0.03125 0.11833300000000002
0 0.5429296875 0.47682325 0.007499999999999951 0.07250000000000008
0 0.5754296875 0.9650520833333333 0.06937499999999996 0.0666670000000001
0 0.57578125 0.4996871666666667 0.008124999999999938 0.0683339999999999
0 0.5926953125 0.537917 0.02562500000000001 0.0641660000000001
0 0.6156640625 0.8400524166666666 0.05062499999999992 0.23250000000000007
0 0.6290625 0.5886975833333333 0.016875000000000084 0.08250000000000002
0 0.6552734375 0.6251565833333333 0.030625000000000013 0.11333299999999998
0 0.6596875 0.5318232500000001 0.015625 0.07249999999999994
0 0.6662890625 0.6078121666666666 0.01937500000000003 0.10000000000000002
0 0.67921875 0.5519274166666667 0.024375000000000036 0.07583299999999997
0 0.7558984375 0.7230729166666666 0.06187500000000001 0.09333300000000004
0 0.7437890625 0.49838508333333337 0.01937500000000003 0.06666699999999996
0 0.7744140625 0.6513545 0.04937499999999995 0.11166600000000004
0 0.785859375 0.7429690833333332 0.043749999999999956 0.12916599999999998
0 0.836328125 0.7548958333333333 0.036250000000000004 0.12166700000000012
0 0.87703125 0.7531774166666666 0.039999999999999925 0.13999999999999999
0 0.8872265625 0.5286975833333334 0.034375000000000044 0.08250000000000002
0 0.91546875 0.57494825 0.023749999999999938 0.10166599999999988
0 0.94703125 0.72369825 0.040000000000000036 0.16500000000000004
0 0.975546875 0.6477604166666667 0.02749999999999997 0.07749999999999997
0 0.9784765625 0.7546878333333332 0.03499999999999992 0.15333300000000008
0 0.98671875 0.5797399166666666 0.024375000000000036 0.09166600000000003
