0 0.095453125 0.5557234863387978 0.13 0.5826340000000001
0 0.1873671875 0.6108049945355191 0.05299999999999999 0.43697500000000006
0 0.3137578125 0.5473892459016394 0.10399999999999998 0.5742299999999999
0 0.387484375 0.6134684754098361 0.04299999999999998 0.4453780000000001
0 0.4985703125 0.5583182076502733 0.12000000000000005 0.59944
0 0.584765625 0.6190017158469945 0.020000000000000018 0.44817900000000005
0 0.6964765625 0.5473892459016394 0.128 0.5742299999999999
0 0.79153125 0.6190704754098361 0.040999999999999925 0.44537800000000005
0 0.8995234375 0.5498464480874317 0.124 0.6050420000000001
0 0.9836953125 0.6193465136612022 0.026000000000000023 0.4257699999999999
