0 0.044921875 0.728333 0.090625 0.375
0 0.353515625 0.5233336666666667 0.708125 0.33583300000000005
0 0.1178125 0.532917 0.08 0.314166
0 0.1709375 0.52942675 0.047500000000000014 0.24250000000000002
0 0.1978125 0.52473925 0.046875 0.26000000000000006
0 0.456796875 0.5510419999999999 0.05937500000000001 0.345833
0 0.586484375 0.6352604166666667 0.10562500000000008 0.4525000000000001
0 0.6186328125 0.429375 0.04125000000000001 0.09583299999999999
0 0.65765625 0.6263024166666668 0.07124999999999992 0.41999999999999993
0 0.748125 0.512917 0.09437499999999999 0.3133330000000001
0 0.8480859375 0.7038541666666666 0.1399999999999999 0.5683330000000001
0 0.9353515625 0.3770309166666666 0.06562500000000004 0.249167
0 0.954296875 0.6686982499999999 0.08999999999999997 0.41666600000000004
0 0.9659765625 0.45088575000000003 0.06562500000000004 0.15
0 0.9798046875 0.29984341666666664 0.038124999999999964 0.13916699999999996
