0 0.4135802587412587 0.16125 0.120071 0.095
0 0.10592902797202797 0.236015625 0.05824399999999999 0.17625000000000002
0 0.12424342657342657 0.2430859375 0.055555999999999994 0.13999999999999999
0 0.17634266433566434 0.294921875 0.12992800000000002 0.21500000000000002
0 0.20890923776223774 0.2128515625 0.07795699999999998 0.0975
0 0.22167164335664336 0.199921875 0.08781400000000002 0.12125
0 0.2614496293706294 0.2096875 0.060932000000000014 0.07999999999999999
0 0.31105923776223776 0.1940234375 0.07616500000000001 0.0925
0 0.5369754405594406 0.246953125 0.08333299999999993 0.193125
0 0.6105182307692307 0.19796875 0.06361999999999997 0.08687500000000001
0 0.6571556433566433 0.205 0.08871000000000004 0.09562499999999999
0 0.6515188251748252 0.1579296875 0.05107499999999998 0.037500000000000006
0 0.7078806573426573 0.26839843750000003 0.11559100000000005 0.21874999999999997
0 0.7449272307692306 0.1675 0.06362000000000005 0.06312499999999999
