0 0.7372399166666668 0.6725 0.09333299999999989 0.09437499999999999
0 0.7467708333333333 0.5925390625 0.08916700000000007 0.08187500000000003
0 0.7626038333333334 0.5196484375 0.08916699999999993 0.06125000000000003
0 0.7639059166666667 0.441953125 0.09166700000000001 0.06812499999999999
0 0.7585416666666668 0.363984375 0.052499999999999915 0.07499999999999996
0 0.80067675 0.3661328125 0.055000000000000014 0.07374999999999998
0 0.8256253333333333 0.6794921875 0.07500000000000002 0.08562500000000006
0 0.8715100833333334 0.370859375 0.09833399999999992 0.07500000000000001
0 0.9240625000000001 0.691171875 0.07999999999999992 0.09062499999999996
0 0.9570315833333334 0.3678125 0.08250000000000002 0.078125
