0 0.2696748125 0.5613545 0.04166600000000001 0.11111100000000011
0 0.3241279375 0.5149475833333333 0.046665999999999985 0.14444500000000002
0 0.371745125 0.547986 0.035833000000000004 0.09444499999999996
0 0.4238408125 0.5213545 0.04166700000000001 0.11111100000000003
0 0.4810283125 0.5203645833333334 0.026666999999999996 0.08222200000000002
0 0.520625 0.676806 0.031667 0.06444399999999995
0 0.5424609375 0.5231943333333333 0.04499999999999993 0.10444499999999997
0 0.5549091875 0.6747740833333333 0.023333000000000048 0.06555599999999995
0 0.619792 0.5322744166666666 0.03166599999999997 0.10777800000000008
0 0.6552998125 0.67776075 0.07250000000000001 0.2433330000000001
0 0.641692375 0.53848925 0.013334000000000068 0.07222299999999993
0 0.6668623125 0.5431598333333333 0.025832999999999995 0.088889
0 0.6932685625 0.52623275 0.033332999999999946 0.05666700000000002
0 0.71932325 0.7590625000000001 0.07166600000000001 0.08000000000000007
0 0.7243623125 0.6099648333333333 0.025832999999999995 0.15111200000000005
0 0.7617314375 0.6473961666666667 0.09249999999999992 0.16222199999999995
0 0.768254875 0.6740455833333333 0.08999999999999997 0.2377769999999999
0 0.7494795 0.5532464166666666 0.015832999999999986 0.04444499999999999
0 0.7728125 0.5527086666666666 0.015832999999999986 0.05444400000000008
0 0.7857158125 0.5597568333333333 0.011666999999999983 0.058889000000000045
0 0.7932158125 0.5654684166666666 0.011667000000000094 0.04666700000000009
0 0.8161455 0.5621699166666666 0.015834000000000015 0.06111100000000006
0 0.8434375 0.6635765 0.04833300000000007 0.11111100000000003
0 0.9073828125 0.5566149166666666 0.010000000000000009 0.06111099999999999
0 0.9374609375 0.63651075 0.04583300000000001 0.18222199999999997
0 0.92140625 0.5493401666666666 0.008333000000000035 0.03777800000000001
0 0.935026375 0.5468925833333333 0.01333300000000004 0.018889000000000006
0 0.95953125 0.6329856666666668 0.04083300000000001 0.177778
0 0.950859375 0.5455905 0.01333300000000004 0.017778
0 0.96640625 0.5604856666666667 0.009166999999999925 0.05333399999999999
0 0.97890625 0.56286425 0.008333000000000035 0.040000000000000036
0 0.990026375 0.5578815 0.01333300000000004 0.04888899999999996
