0 0.11671875 0.9074475833333334 0.05625000000000001 0.143334
0 0.1332421875 0.9075003333333332 0.05437500000000001 0.16833300000000007
0 0.291484375 0.8929690833333334 0.043749999999999956 0.12916599999999998
0 0.336640625 0.8895836666666668 0.05187499999999995 0.14666599999999988
0 0.3623046875 0.8920309166666667 0.03749999999999998 0.12416699999999992
0 0.520546875 0.9310413333333334 0.15250000000000002 0.135834
0 0.563671875 0.85796875 0.028749999999999942 0.08833300000000015
0 0.5875 0.8745315833333334 0.03249999999999997 0.08250000000000002
0 0.7469921875 0.8628128333333334 0.023125000000000062 0.05833299999999989
0 0.7937890625 0.8440107500000001 0.018124999999999947 0.05499999999999986
0 0.8194921875 0.8443746666666666 0.023125000000000062 0.05333399999999999
0 0.8463671875 0.8489065833333332 0.02187500000000009 0.05166599999999999
0 0.9151171875 0.9141663333333333 0.08499999999999996 0.16833400000000007
0 0.9343359375 0.8361982500000001 0.014375000000000027 0.041665999999999905
0 0.9546875 0.8388024166666668 0.016874999999999973 0.04499999999999993
0 0.9786328125 0.9114065833333332 0.04125000000000001 0.17500000000000013
