0 0.042460937500000004 0.2328125 0.07625 0.265833
0 0.0950390625 0.21124966666666667 0.05 0.148334
0 0.150078125 0.23427083333333334 0.06687499999999999 0.214167
0 0.3565234375 0.21640625 0.06062500000000004 0.135
0 0.4564453125 0.15453125 0.02562500000000001 0.03916699999999999
0 0.4806640625 0.15265591666666667 0.018125000000000002 0.029167000000000016
0 0.520546875 0.14630241666666666 0.028750000000000053 0.045000000000000005
0 0.5506640625 0.14375000000000002 0.04937500000000006 0.06499999999999999
0 0.651015625 0.16880241666666665 0.051875000000000004 0.045000000000000005
0 0.69453125 0.16255208333333335 0.039999999999999925 0.06666699999999999
0 0.715703125 0.15614583333333334 0.036250000000000004 0.057499999999999975
0 0.743125 0.1534375 0.03249999999999997 0.04749999999999999
0 0.88453125 0.31875000000000003 0.13312500000000005 0.4391669999999999
0 0.8576171875 0.18036425 0.021874999999999978 0.03916700000000003
0 0.965078125 0.4146878333333333 0.0675 0.5275
0 0.9483203125 0.20005175 0.026249999999999996 0.024166999999999977
