0 0.1018359375 0.4986979166666667 0.201875 0.999167
0 0.07765625 0.5605208333333334 0.008750000000000008 0.02749999999999993
0 0.092734375 0.5538538333333333 0.012500000000000011 0.027500000000000007
0 0.1186328125 0.5443229166666667 0.010624999999999996 0.030000000000000027
0 0.12898437499999998 0.5484899166666666 0.012499999999999997 0.030833000000000037
0 0.1494140625 0.5357815833333334 0.018125000000000002 0.02083300000000003
0 0.1454296875 0.52171875 0.0062500000000000056 0.0241669999999999
0 0.17328125 0.52838575 0.008750000000000008 0.024165999999999983
0 0.204609375 0.5095836666666668 0.011874999999999997 0.022499999999999964
0 0.21703125 0.5121878333333334 0.009374999999999994 0.02749999999999993
0 0.221484375 0.5103125 0.011874999999999997 0.01750000000000007
0 0.2348828125 0.5062496666666667 0.010624999999999996 0.022499999999999964
0 0.243359375 0.50088575 0.013124999999999998 0.02416600000000006
0 0.25328125 0.49734341666666665 0.009374999999999967 0.014999999999999977
0 0.264453125 0.4945836666666667 0.0050000000000000044 0.021665999999999963
0 0.27765625 0.4896878333333334 0.009375000000000022 0.027500000000000007
0 0.288828125 0.4891145833333333 0.0050000000000000044 0.019167000000000083
0 0.2992578125 0.48838575 0.010624999999999996 0.02416599999999991
0 0.312109375 0.47838575 0.013124999999999998 0.025832999999999995
0 0.33828125 0.48005175000000005 0.008125000000000049 0.024166999999999977
0 0.3498828125 0.4778125 0.010625000000000051 0.017499999999999998
0 0.3685546875 0.47578158333333337 0.006250000000000033 0.020832999999999952
0 0.3840625 0.47005174999999993 0.016250000000000042 0.025834000000000062
0 0.38140625 0.47671875 0.00874999999999998 0.025832999999999995
0 0.4010546875 0.47005174999999993 0.007500000000000007 0.025834000000000062
0 0.4204296875 0.46161458333333333 0.006250000000000033 0.019167000000000007
0 0.4453515625 0.45307258333333333 0.034999999999999976 0.04999999999999997
0 0.4791015625 0.45088575000000003 0.0037499999999999756 0.025832999999999995
0 0.4909375 0.4906249999999999 0.016874999999999973 0.03333300000000013
0 0.48828125 0.45015591666666666 0.009375000000000022 0.029167000000000016
0 0.5005859375 0.4988538333333334 0.013749999999999929 0.027500000000000007
0 0.5011328125000001 0.4551559166666666 0.009999999999999953 0.030834000000000028
0 0.5075390625 0.53286425 0.018124999999999947 0.04083399999999989
0 0.507109375 0.4551559166666666 0.013125000000000053 0.029167000000000016
0 0.5305078125 0.44921875 0.010624999999999996 0.025832999999999995
0 0.535859375 0.44421874999999994 0.012499999999999956 0.025832999999999995
0 0.5361328125 0.5216663333333332 0.010000000000000009 0.04333400000000006
0 0.557578125 0.45015591666666666 0.0050000000000000044 0.029167000000000016
0 0.7454296875 0.4732295 0.22624999999999995 0.079166
