0 0.5538671875 0.4599475833333333 0.05437500000000006 0.143334
0 0.1021875 0.4476562499999999 0.08 0.07166700000000008
0 0.19890625 0.448542 0.03999999999999998 0.09500000000000004
0 0.43140625 0.6648955 0.040000000000000036 0.07916699999999999
0 0.4861328125 0.662917 0.04187499999999994 0.18916600000000008
0 0.4826953125 0.8235934166666666 0.026875000000000038 0.07750000000000012
0 0.6634375 0.90130175 0.04812499999999997 0.08750000000000006
0 0.6736328125 0.5678649166666666 0.04250000000000009 0.124166
0 0.7599609375 0.5729166666666666 0.0774999999999999 0.14666700000000002
0 0.7873828125 0.5524475833333333 0.04125000000000001 0.14499999999999993
0 0.82234375 0.5746354166666666 0.055624999999999925 0.17
0 0.842421875 0.1718753333333333 0.05937500000000007 0.135833
0 0.943515625 0.7742190833333332 0.08374999999999999 0.19250000000000003
