0 0.1044921875 0.09244791666666667 0.21 0.186667
0 0.088203125 0.5258333333333334 0.12937500000000002 0.2925
0 0.208515625 0.28619825 0.11374999999999999 0.16500000000000004
0 0.23359375 0.7957809166666667 0.1175 0.061666999999999916
0 0.2104296875 0.742292 0.07 0.1566660000000001
0 0.31140625 0.2943753333333334 0.16499999999999998 0.13583299999999995
0 0.3225 0.4584375 0.09562500000000002 0.17416700000000004
0 0.35140625 0.8482295 0.13375000000000004 0.2033329999999999
0 0.3385546875 0.70744825 0.10062500000000002 0.1016660000000001
0 0.4198046875 0.3138545 0.06937500000000002 0.11000000000000003
0 0.487734375 0.5828649166666667 0.16875 0.24916599999999992
0 0.6487890625 0.4932288333333334 0.08124999999999993 0.11999999999999995
0 0.6946484375 0.9438545 0.06062499999999993 0.11000000000000003
0 0.7537890625 0.33416666666666667 0.17437500000000006 0.21
0 0.94515625 0.76421875 0.10187499999999994 0.14916700000000013
0 0.9461328125 0.24583333333333335 0.07374999999999998 0.16749999999999998
0 0.96328125 0.44953125 0.07125000000000004 0.16583299999999998
