0 0.0341796875 0.36655576720351396 0.069375 0.10975599999999999
0 0.056640625 0.4558935651537336 0.11375 0.242026
0 0.3515625 0.43545714202049784 0.704375 0.30018800000000007
0 0.1076171875 0.3426908960468521 0.08437499999999999 0.11163300000000004
0 0.19820312499999998 0.7520145168374817 0.255 0.491557
0 0.171640625 0.5506405651537336 0.14625 0.24202599999999994
0 0.16023437499999998 0.38959589604685213 0.10625 0.11163200000000004
0 0.195 0.33203012298682283 0.06312499999999999 0.09662300000000003
0 0.2336328125 0.4338874729136164 0.10375000000000001 0.17167000000000007
0 0.27914062500000003 0.34250754026354324 0.08375000000000002 0.127579
0 0.280625 0.2631382518301611 0.0625 0.09849899999999998
0 0.4184765625 0.3255773806734993 0.15875 0.10037599999999994
0 0.495859375 0.5661315344070278 0.13812500000000005 0.21669799999999997
0 0.5141796875 0.32038719033674967 0.03875000000000006 0.051594999999999995
0 0.6653515625 0.447705019033675 0.09749999999999992 0.207317
0 0.660703125 0.3780402825768667 0.06687500000000002 0.12101300000000005
0 0.678125 0.38035509224011715 0.03312500000000007 0.07316999999999996
0 0.7479296875 0.43384331332357245 0.09999999999999998 0.14446599999999996
0 0.8481640625 0.4045702401171303 0.30062500000000003 0.2786119999999999
0 0.8073828125 0.4873325344070278 0.166875 0.21857400000000002
0 0.7570703125 0.3341346383601757 0.05687500000000001 0.10787999999999992
0 0.799140625 0.35278238067349926 0.05124999999999991 0.10225100000000001
0 0.861875 0.4523076998535871 0.0943750000000001 0.153846
0 0.8578125 0.3490303806734993 0.07937499999999997 0.10131299999999994
0 0.85359375 0.31304060761346997 0.05624999999999991 0.08255200000000004
0 0.934453125 0.4709285036603222 0.12937500000000002 0.19605999999999993
0 0.93578125 0.3529667364568082 0.07187500000000002 0.08630400000000006
0 0.942890625 0.31592470571010245 0.05125000000000002 0.06379000000000003
0 0.9786328125 0.4276190863836018 0.04125000000000001 0.161351
