0 0.5119140625 0.9000924810126584 0.080625 0.16700399999999996
0 0.03796875 0.08170820253164557 0.05625 0.16194299999999998
0 0.06539062500000001 0.2681734050632911 0.019999999999999997 0.07287499999999998
0 0.076953125 0.1972912658227848 0.035625000000000004 0.196357
0 0.1166796875 0.5668269113924052 0.06999999999999999 0.10323899999999991
0 0.111640625 0.3916813164556962 0.05250000000000002 0.176113
0 0.105625 0.20671443037974682 0.033125 0.18724700000000005
0 0.1345703125 0.5258867341772152 0.025624999999999995 0.054656000000000024
0 0.139453125 0.20399259493670885 0.03624999999999999 0.18016200000000002
0 0.15265625 0.5216396708860759 0.009374999999999994 0.02024300000000005
0 0.18671875 0.1583626329113924 0.05500000000000002 0.09918999999999997
0 0.2161328125 0.40223158227848105 0.10499999999999998 0.12145799999999997
0 0.232109375 0.9162159746835443 0.04312499999999997 0.13664000000000004
0 0.2583984375 0.9033016329113923 0.061874999999999986 0.09919000000000003
0 0.2537890625 0.22483701265822784 0.01937500000000003 0.059716999999999985
0 0.25601562499999997 0.5489801265822785 0.020624999999999977 0.07186200000000001
0 0.307890625 0.697150253164557 0.05125000000000002 0.14170099999999997
0 0.3003125 0.21674001265822787 0.015625 0.059716999999999985
0 0.3149609375 0.24381189873417722 0.01375000000000004 0.045545999999999975
0 0.331484375 0.23293401265822783 0.011875000000000024 0.05870500000000001
0 0.343203125 0.6671574683544305 0.036250000000000004 0.11032399999999998
0 0.3697265625 0.3732186582278481 0.06624999999999998 0.21356299999999998
0 0.360234375 0.17891879746835446 0.043125000000000024 0.091093
0 0.3928125 0.7351000253164557 0.048750000000000016 0.11538399999999999
0 0.3997265625 0.15906046835443036 0.03500000000000003 0.10931200000000002
0 0.3943359375 0.5287951772151899 0.015000000000000013 0.04858299999999999
0 0.41609375 0.5524007974683545 0.05499999999999999 0.089069
0 0.43109375 0.174185417721519 0.05625000000000002 0.13056700000000002
0 0.4388671875 0.5011654683544304 0.023125000000000007 0.11032399999999998
0 0.4576953125 0.713658417721519 0.05812499999999998 0.13259200000000007
0 0.4714453125 0.5045736835443038 0.02562500000000001 0.07793500000000005
0 0.49296875 0.5550531265822786 0.05499999999999999 0.0708499999999999
0 0.4978125 0.214286746835443 0.04874999999999996 0.11234800000000005
0 0.5001562500000001 0.08890830379746836 0.03999999999999998 0.118421
0 0.5247265624999999 0.680258417721519 0.065 0.13056600000000002
0 0.526875 0.5505043544303798 0.03249999999999997 0.09615399999999996
0 0.5333203125 0.16013051898734176 0.026874999999999982 0.08704399999999998
0 0.590546875 0.6887141772151899 0.028124999999999956 0.050606999999999944
0 0.6201953125 0.8827320126582278 0.02562500000000001 0.057692000000000083
0 0.6884765625 0.6811294050632912 0.034375000000000044 0.07489899999999998
0 0.694453125 0.8441549113924051 0.03562500000000002 0.10425100000000012
0 0.78046875 0.6077100379746836 0.14874999999999994 0.17206499999999997
0 0.7455859375 0.5665707974683545 0.07687500000000003 0.09109300000000004
0 0.75296875 0.1291962405063291 0.05625000000000002 0.08299600000000001
0 0.7703125 0.05928773417721519 0.016875000000000084 0.055667999999999995
0 0.8280078125 0.22194202531645568 0.04125000000000001 0.116397
0 0.88125 0.9274775316455696 0.0625 0.142713
0 0.866875 0.12295008860759493 0.03312500000000007 0.151822
0 0.8771875 0.2986659620253164 0.04749999999999999 0.07996000000000003
0 0.907734375 0.4216035949367089 0.10625000000000007 0.17914999999999998
0 0.963828125 0.13972782278481014 0.0675 0.203441
