0 0.0410546875 0.5443355103244838 0.06937499999999999 0.25967899999999994
0 0.1191015625 0.5797880766961652 0.09625000000000002 0.3597729999999999
0 0.2023828125 0.6076149469026549 0.135 0.5231349999999999
0 0.2476953125 0.515897837758112 0.02562500000000001 0.20868800000000004
0 0.306796875 0.5453963628318584 0.06 0.267234
0 0.44859375 0.5228050589970502 0.05499999999999999 0.20018899999999998
0 0.4640234375 0.4973172389380532 0.029374999999999984 0.15297499999999997
0 0.5146875 0.5260972890855458 0.04749999999999993 0.271011
0 0.5522265625 0.5970106017699115 0.09624999999999995 0.41831899999999994
0 0.60328125 0.5074623539823009 0.040000000000000036 0.18602499999999994
0 0.6728125 0.531988814159292 0.078125 0.328612
0 0.715390625 0.5148913215339233 0.05125000000000002 0.228517
0 0.9041015625 0.6533838171091446 0.19000000000000006 0.6893299999999999
