0 0.13312582959641256 0.6641015625 0.054546000000000004 0.06625000000000003
0 0.16500552466367713 0.6591796875 0.04689 0.06999999999999995
0 0.2040583662182362 0.66890625 0.062200999999999965 0.07124999999999992
0 0.23007752466367712 0.63265625 0.04497600000000004 0.04062500000000002
0 0.2914959760837071 0.666953125 0.07846799999999995 0.06812499999999999
0 0.429510928251121 0.263046875 0.23540599999999992 0.27875
0 0.409191269058296 0.30390625 0.12822999999999998 0.19687500000000002
0 0.6284005979073243 0.6701171875 0.05741600000000004 0.05437499999999995
0 0.6752905979073244 0.6719921875 0.058372999999999994 0.05437499999999995
0 0.7203225127055306 0.673984375 0.08421000000000003 0.07500000000000007
0 0.7654247563527653 0.668046875 0.044019 0.059374999999999956
0 0.8273250612855008 0.675234375 0.05167500000000012 0.04312499999999997
0 0.8770860612855007 0.6701171875 0.05167399999999992 0.05437499999999995
0 0.9061573781763826 0.6434765625 0.02105199999999987 0.03375000000000006
