0 0.0185546875 0.7649178634361234 0.0375 0.08834599999999995
0 0.0244140625 0.8482690102790015 0.05 0.14473699999999992
0 0.0546875 0.917641154185022 0.109375 0.16071399999999983
0 0.3915625 0.8856250161527166 0.07937500000000003 0.22650399999999987
0 0.4903125 0.8102044405286344 0.04750000000000004 0.16917299999999985
0 0.4781640625 0.7862980088105727 0.01937500000000003 0.12500000000000008
0 0.5155078125 0.874993302496329 0.041874999999999996 0.2349619999999999
0 0.53234375 0.7437135741556535 0.05500000000000005 0.0404139999999999
0 0.5612890625 0.8711743039647576 0.050000000000000044 0.2556389999999999
0 0.5934375 0.7669737195301028 0.016875000000000084 0.07518800000000012
0 0.603515625 0.8015707239353891 0.020000000000000018 0.13533800000000004
0 0.768203125 0.8648300190895742 0.06687500000000002 0.26785699999999985
0 0.7789453125 0.7720264317180616 0.026874999999999982 0.04417300000000002
0 0.8127734375 0.8756385888399413 0.06187500000000001 0.24530099999999982
0 0.8220703125 0.7569884317180616 0.02562500000000001 0.046053000000000024
0 0.840234375 0.8698248722466961 0.04312499999999997 0.21334599999999987
