0 0.22289788235294117 0.606171875 0.13182700000000003 0.24687499999999996
0 0.1364605294117647 0.8317578125 0.069679 0.104375
0 0.1718175294117647 0.896796875 0.11770300000000002 0.12187499999999996
0 0.21790423529411765 0.4038671875 0.09227900000000004 0.08500000000000002
0 0.2021411764705882 0.804375 0.05649700000000003 0.0631250000000001
0 0.2566912941176471 0.8619921875 0.07909599999999996 0.1781250000000001
0 0.2775863529411765 0.4051171875 0.06403 0.085625
0 0.4378308235294118 0.7338671875 0.09510399999999994 0.17937499999999995
0 0.49395711764705885 0.510859375 0.17231599999999997 0.23062499999999997
0 0.5374627647058823 0.7418359375 0.11111099999999999 0.17125
0 0.6903125882352942 0.407734375 0.05367199999999992 0.10562500000000002
0 0.735964705882353 0.8423046875 0.12523500000000004 0.16249999999999998
0 0.7494962352941176 0.604375 0.14124300000000006 0.21875
0 0.7870556470588236 0.4116796875 0.09039499999999998 0.10062500000000002
0 0.8180647647058824 0.883671875 0.11111199999999996 0.15375000000000005
