0 0.0517578125 0.6274175923753665 0.10375 0.41088199999999997
0 0.0994921875 0.48493873313782987 0.08499999999999999 0.369606
0 0.2653125 0.5051035278592376 0.08000000000000002 0.34709100000000004
0 0.357734375 0.5527336568914957 0.10625000000000001 0.476548
0 0.47921875 0.4961210381231672 0.21250000000000002 0.9474669999999998
0 0.5271874999999999 0.5630909061583578 0.11125000000000002 0.362102
0 0.6468359375 0.4829992521994135 0.07625000000000004 0.343339
0 0.725625 0.5230945425219942 0.15750000000000008 0.6341459999999999
0 0.775 0.5810632961876833 0.0625 0.20637900000000006
0 0.8941796875 0.5553666246334311 0.13124999999999998 0.44465299999999996
