0 0.0185546875 0.80561360761347 0.039 0.08395799999999995
0 0.0302734375 0.8845814114202051 0.061 0.12443799999999991
0 0.1493984375 0.9278840556368961 0.217 0.13943099999999994
0 0.1130390625 0.7788378345534408 0.081 0.06446699999999998
0 0.175546875 0.8461982210834552 0.12299999999999998 0.07496300000000007
0 0.214578125 0.7186217364568082 0.037000000000000005 0.08545700000000005
0 0.25225 0.7285547979502196 0.06299999999999997 0.13343300000000002
0 0.4291953125 0.7946622825768667 0.15100000000000002 0.12293800000000009
0 0.52196875 0.9248153133235725 0.08599999999999997 0.14542799999999997
0 0.54796875 0.8081204114202051 0.08699999999999997 0.12443699999999985
0 0.6208046875 0.8462226325036604 0.10100000000000009 0.197901
0 0.625828125 0.8013851171303075 0.09800000000000009 0.18590699999999996
0 0.853921875 0.9256940922401171 0.08999999999999997 0.07046500000000006
0 0.8708046875 0.8520547364568081 0.10000000000000009 0.0869570000000001
0 0.939390625 0.8520547364568081 0.051999999999999935 0.0869570000000001
