0 0.047656500000000004 0.7072913333333334 0.046875 0.26145900000000005
0 0.2708986875 0.9744795 0.039061999999999986 0.04791599999999999
0 0.3138669375 0.9656246666666667 0.04531299999999999 0.05208399999999994
0 0.3474604375 0.9630208333333332 0.029687999999999992 0.05833300000000019
0 0.3751955625 0.9583333333333334 0.03437499999999999 0.07499999999999989
0 0.492577625 0.9484371666666668 0.050781999999999994 0.09999999999999994
0 0.5177731875 0.79557325 0.022657000000000038 0.041665999999999905
0 0.5466791875 0.9473961666666666 0.05312600000000001 0.10000000000000009
0 0.5697265625 0.8221354166666668 0.03359400000000001 0.07708299999999986
0 0.652734375 0.9526045 0.04375000000000007 0.07916600000000014
0 0.7849606875 0.9447913333333333 0.06874999999999998 0.10625000000000002
0 0.85390625 0.9497399166666667 0.07109399999999999 0.09270799999999986
0 0.9763669375 0.9499999999999998 0.04531299999999994 0.09479200000000014
