0 0.0048828125 0.6973839326500731 0.01125 0.04596600000000004
0 0.0458984375 0.8069478594436311 0.093125 0.1801129999999999
0 0.0383984375 0.6642964787701318 0.030625 0.08067599999999996
0 0.05890625 0.796058571010249 0.071875 0.150094
0 0.1150390625 0.77992721522694 0.08187499999999999 0.16510300000000003
0 0.098125 0.6797625095168375 0.03125 0.10412699999999991
0 0.131015625 0.7508731537335286 0.05124999999999999 0.11725999999999989
0 0.1208203125 0.6561520922401172 0.02562500000000001 0.07129500000000007
0 0.20234375 0.7533895402635432 0.08625000000000002 0.12664100000000003
0 0.2594921875 0.7284724114202049 0.115625 0.12570400000000012
0 0.3637109375 0.7136737057101025 0.04625000000000001 0.06285200000000006
0 0.426015625 0.7090969633967789 0.05249999999999999 0.06848
0 0.4928125 0.7065805768667642 0.04874999999999996 0.05910000000000007
0 0.565234375 0.7151378345534406 0.04375000000000007 0.06472800000000001
0 0.6330859375 0.710745448023426 0.04625000000000001 0.057223000000000065
0 0.732734375 0.7431837979502196 0.13812499999999994 0.13227000000000003
0 0.810546875 0.7579652825768668 0.06000000000000005 0.12288999999999993
0 0.849609375 0.7533895402635432 0.043749999999999956 0.12664100000000003
0 0.891171875 0.7679866691068814 0.05875000000000008 0.12945600000000002
0 0.9315625 0.7429562825768667 0.048125000000000084 0.12101300000000001
0 0.972890625 0.8054395710102489 0.051875000000000004 0.15197000000000005
0 0.989140625 0.7180660922401171 0.020000000000000018 0.0731710000000001
