0 0.0378985 0.4670952851182197 0.04783 0.12202900000000001
0 0.1495398125 0.4364972322670375 0.041157 0.05863700000000002
0 0.1898556875 0.4760217468706537 0.03781999999999999 0.12836799999999995
0 0.2785463125 0.4714283616133519 0.026695999999999998 0.104596
0 0.299273 0.46667436161335196 0.03225899999999998 0.103011
0 0.349057125 0.4728191821974965 0.03559599999999996 0.10618099999999998
0 0.3850859375 0.48510982336578584 0.045606000000000035 0.11251999999999993
0 0.591575625 0.5103387732962448 0.05116799999999999 0.16006299999999996
0 0.65134425 0.4987912851182197 0.040045 0.1220280000000001
0 0.682192875 0.4785440792767733 0.028920999999999975 0.091917
0 0.730023875 0.496817926286509 0.027808000000000055 0.12678300000000006
0 0.7512933125 0.49186974687065366 0.02558400000000005 0.12995300000000012
0 0.8480938125 0.46605925869262865 0.042269 0.09033299999999994
