0 0.0185546875 0.6027885402635431 0.0375 0.12839799999999998
0 0.0569921875 0.5285810614934114 0.021875000000000006 0.049671999999999904
0 0.0781640625 0.5089601595900439 0.01812499999999999 0.028116000000000037
0 0.0960546875 0.5607357364568082 0.038125000000000006 0.08528500000000003
0 0.13265625 0.5472038653001464 0.03937499999999999 0.08809799999999998
0 0.184921875 0.5858022825768668 0.09125 0.12090000000000001
0 0.18984375 0.5052072210834554 0.024375000000000008 0.07497599999999996
0 0.20390625 0.46479390190336745 0.008124999999999993 0.021556000000000037
0 0.215390625 0.4857025768667642 0.01999999999999999 0.05998100000000006
0 0.2369140625 0.6142168345534408 0.018125000000000002 0.06466700000000004
0 0.259375 0.48007957686676433 0.06437499999999999 0.059980999999999896
0 0.26277343750000004 0.5565197057101026 0.06125 0.06185599999999987
0 0.26664062499999996 0.5274667057101025 0.05250000000000002 0.06185500000000007
0 0.2582421875 0.6196063191800879 0.021874999999999978 0.05342100000000006
0 0.297109375 0.6043738653001465 0.04375000000000001 0.08809700000000001
0 0.306875 0.51334760761347 0.033125000000000016 0.08247499999999991
0 0.316640625 0.4619789633967789 0.05125000000000002 0.06841599999999995
0 0.3462109375 0.5606785768667643 0.10875000000000001 0.059981999999999945
0 0.3238671875 0.5815350307467058 0.021875000000000033 0.025304999999999855
0 0.3391796875 0.5035095768667642 0.03875000000000001 0.059044000000000055
0 0.375859375 0.6112274787701317 0.10625000000000001 0.0806
0 0.369296875 0.4420644480234261 0.06 0.05623199999999999
0 0.4131640625 0.4997605768667643 0.11312500000000003 0.06091799999999998
0 0.424140625 0.45840631918008784 0.05249999999999999 0.053420999999999975
0 0.440859375 0.555466448023426 0.07437500000000002 0.05623199999999999
0 0.4802734375 0.6135123499267935 0.09249999999999997 0.07685100000000002
0 0.4694140625 0.4588171903367496 0.04999999999999999 0.051545999999999995
0 0.4965625 0.5600962884333822 0.04874999999999996 0.02998999999999996
0 0.49125 0.5200248653001465 0.033125000000000016 0.08809799999999998
0 0.5247265624999999 0.45354396339677894 0.06624999999999998 0.06935299999999996
0 0.53859375 0.5088990614934115 0.055625000000000036 0.04779800000000006
0 0.548671875 0.5454500614934115 0.05874999999999997 0.04779800000000006
0 0.5687109375 0.6057217364568083 0.07687500000000003 0.08622299999999992
0 0.593359375 0.4575865768667643 0.07562499999999994 0.05904399999999997
0 0.6259765625 0.5026888345534407 0.12812500000000004 0.06466699999999997
0 0.6194140625 0.5383629326500732 0.08187500000000003 0.045923
0 0.787109375 0.7804791976573938 0.38687499999999997 0.43673900000000004
0 0.646015625 0.6063651229868229 0.083125 0.09653199999999999
0 0.671484375 0.45207983455344075 0.07437499999999997 0.06560399999999997
