0 0.054375 0.6337799124087591 0.033124999999999995 0.08216599999999998
0 0.1251171875 0.6323200583941605 0.021875000000000006 0.08029900000000001
0 0.2151953125 0.625258204379562 0.02562499999999998 0.078431
0 0.274140625 0.6100817883211678 0.02062499999999995 0.06629300000000009
0 0.3107421875 0.598995496350365 0.023125000000000007 0.070962
0 0.4009375 0.18052476642335766 0.07937499999999997 0.08590100000000002
0 0.485859375 0.7156721386861314 0.16875000000000007 0.13725499999999993
0 0.5480078125 0.8865921605839415 0.041874999999999996 0.11858100000000014
0 0.576484375 0.6871196204379562 0.011874999999999969 0.08776799999999993
0 0.5878125 0.6809907664233575 0.01750000000000007 0.08496800000000009
0 0.600625 0.8747425985401459 0.03312500000000007 0.10924400000000013
0 0.674375 0.6525872846715328 0.15812500000000007 0.136321
0 0.7858203125 0.6477849124087591 0.026875000000000093 0.084034
0 0.8673828125 0.7716421167883212 0.13624999999999998 0.1587309999999999
0 0.835703125 0.646733204379562 0.03562500000000002 0.078431
