0 0.0859375 0.492578125 0.173438 0.504688
0 0.08515675 0.478125 0.0875 0.34375
0 0.0802739375 0.3478520625 0.04531199999999999 0.14374900000000002
0 0.0833984375 0.3623041875 0.029687999999999992 0.08437500000000003
0 0.103515125 0.376171875 0.06718800000000001 0.12187500000000001
0 0.18359375 0.430859375 0.056249999999999994 0.1375
0 0.3064458125 0.46640675 0.135937 0.30625
0 0.3748041875 0.505078125 0.209376 0.44218700000000005
0 0.457421375 0.4498051875 0.10625099999999998 0.20937499999999998
0 0.660937 0.487109375 0.09531299999999998 0.29375
0 0.71875 0.3812495 0.03125 0.046875
0 0.7861328125 0.4908208125 0.167188 0.448437
0 0.7392578125 0.3841796875 0.042188 0.03906200000000004
0 0.9208984375 0.5330078125 0.15468800000000005 0.6046879999999999
