0 0.15531250000000002 0.39875911764705885 0.07937499999999999 0.07344599999999998
0 0.1987109375 0.7298907058823529 0.139375 0.17514100000000005
0 0.26875 0.44489911764705886 0.06312499999999999 0.07344599999999994
0 0.32046875 0.4639634705882353 0.08687499999999998 0.08286300000000006
0 0.3293359375 0.36044935294117647 0.044999999999999984 0.06403
0 0.35734375 0.26463670588235294 0.05499999999999999 0.07532900000000002
0 0.3776953125 0.3827521176470588 0.057499999999999996 0.07344600000000003
0 0.383359375 0.27382035294117646 0.04375000000000001 0.06403000000000005
0 0.430625 0.2895311176470588 0.0625 0.07156299999999999
0 0.5827734375 0.7061173529411765 0.12312500000000004 0.163842
0 0.6485546875 0.4806695294117647 0.10124999999999995 0.11958499999999997
0 0.6857421875 0.2912350588235294 0.08437499999999998 0.08662899999999997
0 0.75421875 0.6828735882352941 0.11812499999999992 0.15442599999999992
0 0.948828125 0.5110861764705882 0.09937499999999999 0.1563090000000001
