0 0.0849609375 0.6440621666666666 0.170625 0.28833400000000003
0 0.22 0.6015100833333333 0.09437500000000001 0.22166700000000006
0 0.2019921875 0.3438017500000001 0.021875000000000006 0.08833399999999995
0 0.2867578125 0.5997913333333332 0.04125000000000001 0.198334
0 0.3210546875 0.5902086666666667 0.03750000000000003 0.178333
0 0.37234375 0.5863538333333334 0.08687500000000004 0.15333399999999994
0 0.3955078125 0.5136455 0.04249999999999998 0.015834000000000053
0 0.3994921875 0.40869825 0.021875000000000033 0.04083300000000004
0 0.42109375 0.57557325 0.025000000000000022 0.1350000000000001
0 0.4534375 0.5765104166666667 0.046875 0.13833299999999996
0 0.5044921875 0.5638545 0.05437499999999995 0.11083299999999996
0 0.5510546875 0.5573440833333333 0.03749999999999998 0.09666599999999992
0 0.5826953125 0.55046875 0.026875000000000093 0.088333
0 0.6226953125 0.45812500000000006 0.08812500000000001 0.0324999999999999
0 0.6246484375 0.5472913333333334 0.06062500000000004 0.07416699999999994
0 0.6676953125 0.5363541666666666 0.02562500000000001 0.06916700000000005
0 0.66390625 0.49541666666666667 0.008124999999999938 0.022499999999999964
0 0.696015625 0.4635416666666667 0.05125000000000002 0.053333
0 0.7018359375 0.525417 0.04562500000000003 0.06499999999999995
0 0.8680078125 0.6549479166666666 0.04125000000000001 0.3116670000000001
0 0.88921875 0.6592711666666666 0.055625000000000036 0.3825
0 0.8855859375 0.43567741666666665 0.015000000000000013 0.014999999999999977
0 0.914296875 0.4471878333333334 0.059374999999999956 0.02749999999999993
0 0.9383984375 0.65 0.09187500000000004 0.37666700000000003
0 0.94703125 0.7531246666666668 0.10312500000000002 0.490834
