0 0.1943359375 0.4211239707174231 0.38875 0.45591
0 0.3656640625 0.2904305710102489 0.04999999999999999 0.150094
0 0.3795703125 0.28494176720351394 0.02562500000000001 0.10975600000000003
0 0.4580078125 0.40835868228404104 0.16625 0.42682900000000007
0 0.496875 0.24652392679355783 0.06312500000000004 0.13602299999999998
0 0.5086328124999999 0.3085963440702782 0.07375000000000004 0.16697900000000002
0 0.5869140625 0.39959984773060025 0.11250000000000004 0.36116300000000007
0 0.6546875 0.3254813440702782 0.04875000000000007 0.169794
0 0.791484375 0.3272094304538799 0.10624999999999996 0.32926800000000006
0 0.9010546875 0.4818108609077599 0.19500000000000006 0.657599
0 0.867890625 0.25677282869692536 0.05125000000000002 0.155723
