0 0.0728125 0.8081507894736841 0.079375 0.0552440000000001
0 0.2035546875 0.831296461988304 0.037500000000000006 0.13483100000000006
0 0.2490625 0.5421188128654971 0.016875 0.04775199999999994
0 0.300078125 0.7420005321637427 0.03687500000000005 0.11891300000000003
0 0.35015625 0.6814834619883041 0.03999999999999998 0.13670400000000002
0 0.3496484375 0.5798668479532164 0.029374999999999984 0.03838999999999991
0 0.404765625 0.5026778362573099 0.020625000000000004 0.042134999999999985
0 0.4062890625 0.5433997426900585 0.018125000000000002 0.065543
0 0.4306640625 0.5615346725146199 0.018125000000000002 0.08239699999999994
0 0.4505859375 0.5592027660818714 0.015000000000000013 0.05992499999999999
0 0.4733203125 0.698271380116959 0.05749999999999994 0.15543100000000012
0 0.4637890625 0.5128456725146199 0.019374999999999976 0.08333300000000009
0 0.49546875 0.5964086257309942 0.05625000000000002 0.09363299999999997
0 0.5144921875 0.5185297543859649 0.021874999999999978 0.061797000000000046
0 0.5157421875 0.56915683625731 0.02312499999999995 0.041199
0 0.545390625 0.5296335906432749 0.020625000000000004 0.102997
0 0.5587890625 0.5414616608187135 0.01937499999999992 0.08614200000000001
0 0.5938671875 0.5250014853801169 0.02312499999999995 0.131086
0 0.6319140625 0.5095767660818714 0.01937499999999992 0.05898899999999992
0 0.644609375 0.6181583918128656 0.043749999999999956 0.15355799999999994
0 0.6728125 0.5260197543859649 0.015625 0.06367099999999995
0 0.7188671875 0.6473158888888888 0.053749999999999964 0.27902600000000005
0 0.7363671875 0.5112687076023391 0.023125000000000062 0.07397000000000001
0 0.8025 0.5457154619883041 0.03187499999999999 0.13670499999999988
0 0.91921875 0.5899045204678363 0.05500000000000005 0.12172199999999996
