0 0.00390625 0.04488780380673499 0.009375 0.042213999999999995
0 0.009765625 0.8938221478770133 0.020625 0.20919299999999985
0 0.0146484375 0.8002753191800878 0.03 0.05440900000000013
0 0.0166015625 0.5090487306002928 0.03375 0.177298
0 0.1552734375 0.024890190336749635 0.311875 0.051594999999999995
0 0.055625 0.8694052093704246 0.06437499999999999 0.257036
0 0.0494921875 0.02999306149341142 0.023125 0.049718
0 0.107109375 0.4729187613469985 0.138125 0.199813
0 0.069140625 0.622373374816984 0.051250000000000004 0.190431
0 0.11734375 0.02811606149341142 0.024375000000000008 0.049719000000000006
0 0.1280859375 0.8409204363103954 0.045625 0.23827399999999996
0 0.1670703125 0.776315411420205 0.057499999999999996 0.124765
0 0.174296875 0.8965218901903367 0.05875 0.203565
0 0.229609375 0.9217625710102488 0.044375 0.15197000000000005
0 0.3268359375 0.7815669824304537 0.23312499999999997 0.2729840000000001
0 0.3142578125 0.8389042401171303 0.1975 0.280488
0 0.3087890625 0.02342606149341142 0.01937500000000003 0.046904
0 0.3271875 0.020497803806734993 0.015625 0.041276
0 0.451171875 0.010248901903367497 0.24750000000000005 0.022514
0 0.352109375 0.9217625710102488 0.04375000000000001 0.15197000000000005
0 0.3608984375 0.020497803806734993 0.030625000000000013 0.043152
0 0.3827734375 0.9380782825768667 0.06062500000000004 0.12101300000000001
0 0.3875 0.4766276017569546 0.033125000000000016 0.17542199999999997
0 0.4301171875 0.01903367496339678 0.023125000000000007 0.0394
0 0.4515625 0.014641288433382138 0.016250000000000042 0.031895
0 0.4783203125 0.9529298653001463 0.05749999999999994 0.09005599999999997
0 0.4855859375 0.8851947920937042 0.04562500000000003 0.22514099999999998
0 0.4928125 0.7177156017569546 0.04874999999999996 0.17542199999999997
0 0.5302734375 0.7658744363103952 0.02937500000000004 0.23827300000000007
0 0.5370703125 0.014115159590043924 0.02562500000000001 0.029081
0 0.5498828125 0.8376945651537335 0.04249999999999998 0.24202600000000002
0 0.55671875 0.9656068345534407 0.05499999999999994 0.06566599999999999
0 0.6759765625 0.4720690805270864 0.28437499999999993 0.254221
0 0.5770703125 0.8624964363103953 0.057499999999999996 0.239212
0 0.5865234375 0.014641288433382138 0.030625000000000013 0.031895
0 0.599765625 0.7390371478770131 0.05125000000000002 0.20919400000000007
0 0.625234375 0.7287181478770132 0.043749999999999956 0.20825600000000002
0 0.680625 0.01171303074670571 0.12687499999999996 0.026266
0 0.6284375 0.014641288433382138 0.01750000000000007 0.031895
0 0.6922265625 0.7218535344070279 0.06562499999999993 0.21951299999999996
0 0.720390625 0.7790074363103954 0.05125000000000002 0.23827399999999996
0 0.7287109375 0.7399060497803807 0.014999999999999902 0.23076900000000009
0 0.7465234375 0.7489183382137629 0.030624999999999902 0.25797399999999987
0 0.7444140625 0.01704341727672035 0.01937500000000003 0.034709
0 0.767109375 0.017569546120058566 0.011874999999999969 0.035647
0 0.7920703125 0.021321546120058564 0.026874999999999982 0.036585999999999994
0 0.9070703125 0.016105417276720352 0.18312499999999998 0.033771
0 0.9006640625 0.03186906149341142 0.018125000000000058 0.047841999999999996
0 0.9148828125 0.6158764729136165 0.04249999999999998 0.17073199999999994
0 0.91296875 0.6198569882869692 0.024375000000000036 0.182927
0 0.9521875 0.026651932650073207 0.015625 0.04409
