0 0.0321245625 0.4695166998535871 0.035130999999999996 0.15318699999999996
0 0.09326525 0.49025363250366033 0.10212399999999999 0.19730399999999998
0 0.09351975 0.49763898828696923 0.056373000000000006 0.18259799999999998
0 0.1291930625 0.6725037979502196 0.112746 0.13357799999999997
0 0.1073895625 0.4506574421669107 0.064543 0.14828399999999997
0 0.1856428125 0.6348489941434846 0.07352899999999998 0.09313700000000008
0 0.1891279375 0.38679038067349925 0.044934 0.10049000000000004
0 0.207861375 0.5306172825768668 0.07434600000000002 0.12009800000000005
0 0.211205125 0.5169628653001465 0.03594800000000001 0.09068599999999999
0 0.2843645 0.6758446017569546 0.142157 0.17401900000000012
0 0.2300153125 0.5174077672035139 0.026960999999999985 0.110294
0 0.2440255 0.5249998960468522 0.048202999999999996 0.11396999999999996
0 0.270667375 0.5210847672035139 0.04411799999999999 0.1090680000000001
0 0.3045026875 0.4036435402635432 0.03839800000000004 0.128677
0 0.4326495 0.6841844729136164 0.26715599999999995 0.1703429999999999
0 0.3634085 0.5825655402635431 0.08006599999999997 0.1274510000000001
0 0.40561175 0.6688591537335286 0.055555999999999994 0.11764699999999996
0 0.4773471875 0.3456329941434846 0.05310500000000001 0.09191200000000002
0 0.4827470625 0.6235485095168375 0.049020000000000064 0.10294099999999998
0 0.5390625 0.5806565095168374 0.07843100000000003 0.104166
0 0.5084699375 0.37986964421669106 0.01388899999999993 0.017156999999999964
0 0.6280185625 0.6934788594436311 0.12745099999999998 0.18014699999999997
0 0.6061514375 0.607475448023426 0.029411999999999994 0.056371999999999985
0 0.7073059375 0.5623832152269399 0.10784299999999991 0.16666700000000004
0 0.7036168125 0.3910083499267936 0.07352900000000007 0.07720599999999996
0 0.75829725 0.6965031844802343 0.10294199999999998 0.1409319999999999
0 0.75400825 0.41228725183016096 0.03921599999999992 0.09681300000000008
0 0.8623935625 0.678772859443631 0.09722300000000006 0.18014699999999997
0 0.86266825 0.5024312825768668 0.04084999999999994 0.121323
0 0.9224304375 0.6443491537335285 0.06209100000000001 0.11887300000000003
