0 0.795546875 0.6437279882869693 0.06000000000000005 0.18275599999999997
0 0.123671875 0.38195831332357244 0.06000000000000001 0.14526700000000006
0 0.2750390625 0.5096498491947291 0.20625 0.8378629999999999
0 0.3065234375 0.2060007672035139 0.060624999999999984 0.10965300000000004
0 0.3416015625 0.5403295592972182 0.06562499999999999 0.33270799999999995
0 0.4031640625 0.22491718448023426 0.050000000000000044 0.14151799999999998
0 0.4421875 0.3707034363103953 0.07937499999999997 0.23992500000000003
0 0.4913671875 0.21273812298682285 0.05375000000000002 0.09559500000000003
0 0.491640625 0.1402795095168375 0.05124999999999996 0.10402999999999998
0 0.513203125 0.34938882869692534 0.06812499999999999 0.15745100000000004
0 0.5562890625 0.6544517979502197 0.08187500000000003 0.132146
0 0.5794921875 0.2772277672035139 0.053750000000000075 0.10965399999999997
0 0.6559765625 0.4153475402635432 0.06499999999999995 0.126523
0 0.7153125 0.64525321522694 0.07937499999999997 0.16494799999999996
0 0.7415625 0.4767365095168375 0.04749999999999999 0.10496699999999998
0 0.7701171875 0.21420225183016106 0.05437499999999995 0.09934400000000002
0 0.783515625 0.36725592679355784 0.05249999999999999 0.134958
0 0.838984375 0.4714632825768668 0.07562499999999994 0.12277399999999994
0 0.8315625 0.4038118653001464 0.04749999999999999 0.08809700000000005
0 0.8841015625 0.3353347672035139 0.06624999999999992 0.109653
0 0.883359375 0.4056858653001464 0.04375000000000007 0.08997200000000008
0 0.90578125 0.2461795710102489 0.07187500000000002 0.15182700000000002
0 0.9314453125 0.6615389267935577 0.057499999999999996 0.13683299999999995
0 0.9480078125 0.3396709941434847 0.041874999999999996 0.09090899999999999
0 0.9791796875 0.23482025183016103 0.03875000000000006 0.09840700000000004
