0 0.021484375 0.612917 0.04375 0.31416599999999995
0 0.0437890625 0.6038020833333333 0.05 0.253333
0 0.0690234375 0.6439586666666667 0.061875000000000006 0.24083299999999994
0 0.24613281250000002 0.65098925 0.355 0.6958340000000001
0 0.1169140625 0.44119825 0.049375 0.16666599999999998
0 0.22484375 0.7783850833333332 0.11874999999999997 0.4408340000000001
0 0.5601171875 0.4945315833333333 0.30375 0.330833
0 0.5087890625 0.5286455 0.050000000000000044 0.141667
0 0.7585546875 0.5534371666666668 0.007500000000000062 0.13249999999999992
0 0.8950390625 0.636875 0.20687500000000003 0.21916699999999997
