0 0.462890625 0.86790646374829 0.926562 0.13566800000000004
0 0.0525395625 0.8465666169630642 0.096874 0.09846800000000012
0 0.18125 0.8542236607387141 0.0625 0.08752800000000004
0 0.44140625 0.5460637168262654 0.539063 0.8227579999999999
0 0.2724609375 0.8755576826265391 0.07656200000000002 0.08096299999999997
0 0.60546875 0.31758915731874143 0.68125 0.21225399999999997
0 0.2986323125 0.254113682626539 0.057813 0.08096299999999997
0 0.3400395625 0.8684457045143639 0.06562400000000002 0.07658600000000003
0 0.3669921875 0.2601307045143639 0.05312499999999998 0.07658600000000003
0 0.5624995 0.8782936607387142 0.04687599999999992 0.08533899999999993
0 0.6248046875 0.8873186935704513 0.06875000000000009 0.07877499999999998
0 0.87578075 0.3799327264021888 0.05468799999999996 0.07002199999999996
0 0.91640675 0.3793847482900137 0.05624899999999999 0.06564600000000002
0 0.95 0.6259103734610123 0.09531300000000009 0.658643
