0 0.1198828125 0.5755211666666668 0.010624999999999982 0.06833299999999998
0 0.1512890625 0.6509378333333333 0.019375000000000003 0.09000000000000001
0 0.1537890625 0.5221354166666666 0.018125000000000002 0.046667000000000014
0 0.1644921875 0.62734375 0.021875000000000006 0.05666700000000002
0 0.1687109375 0.60984375 0.015000000000000013 0.05499999999999994
0 0.1895703125 0.6401559166666666 0.026249999999999996 0.030834000000000028
0 0.1944921875 0.6253128333333332 0.021875000000000006 0.058333000000000114
0 0.2521875 0.5978128333333333 0.015625 0.05833299999999997
0 0.280859375 0.5983850833333334 0.013124999999999998 0.06666699999999996
0 0.2862109375 0.5459375 0.015000000000000013 0.048333000000000105
0 0.2919921875 0.7414059166666668 0.021874999999999978 0.09333399999999988
0 0.3103125 0.5644788333333334 0.01687500000000003 0.05750000000000003
0 0.32453125 0.57401075 0.00874999999999998 0.05499999999999994
0 0.3371875 0.55369825 0.015625 0.04166600000000013
0 0.3367578125 0.61098925 0.010625000000000051 0.07250000000000001
0 0.356015625 0.5736458333333334 0.020625000000000004 0.05833299999999989
0 0.3715234375 0.6539059166666666 0.029374999999999984 0.09166699999999987
0 0.37078125 0.5040621666666667 0.009374999999999967 0.038334000000000014
0 0.377734375 0.5572395833333333 0.011874999999999969 0.050000000000000044
0 0.3791796875 0.5282291666666666 0.007500000000000007 0.03833299999999995
0 0.4218359375 0.5607809166666667 0.015000000000000013 0.06083399999999998
0 0.4494140625 0.4810940833333333 0.01937500000000003 0.035833000000000004
0 0.4530078125 0.5282291666666666 0.010624999999999996 0.03833299999999995
0 0.481171875 0.6645315833333334 0.02749999999999997 0.08250000000000002
0 0.4846875 0.6085940833333333 0.01687500000000003 0.03583299999999993
0 0.4871875 0.5234375 0.01687500000000003 0.04833299999999996
0 0.5039453125 0.64463575 0.026874999999999927 0.08750000000000006
0 0.5012890624999999 0.5280725833333334 0.018125000000000002 0.051666999999999984
0 0.5030859375000001 0.5798961666666668 0.014374999999999971 0.03666599999999994
0 0.5251171875 0.5210416666666666 0.021874999999999978 0.053333
0 0.530390625 0.5908850833333333 0.020625000000000004 0.06749999999999996
0 0.5441796875 0.7626565833333334 0.03874999999999995 0.1133329999999999
0 0.5453125 0.4667705 0.016874999999999973 0.04833400000000002
0 0.56484375 0.6264059166666667 0.024375000000000036 0.09333400000000003
0 0.570234375 0.5066663333333333 0.013125000000000053 0.041666999999999975
0 0.581953125 0.6926038333333334 0.036250000000000004 0.08916700000000007
0 0.580859375 0.48088574999999995 0.013125000000000053 0.02416600000000006
0 0.5828125 0.5221354166666666 0.015625 0.046667000000000014
0 0.5919921875 0.6039583333333334 0.021874999999999978 0.07333299999999994
0 0.5959375 0.5297395833333334 0.016249999999999987 0.04999999999999997
0 0.6094140625 0.46916633333333335 0.018125000000000058 0.041666999999999975
0 0.6138671875 0.5460934166666668 0.021874999999999978 0.07583399999999996
0 0.6144140625 0.4921878333333334 0.018125000000000058 0.02749999999999993
0 0.6437109375 0.48567674999999993 0.014375000000000027 0.055834000000000085
0 0.6655859375 0.57625 0.014375000000000027 0.06333299999999993
0 0.673671875 0.6572399166666666 0.028749999999999942 0.09333299999999996
0 0.6909375 0.5007809166666667 0.015625 0.06000000000000005
0 0.7014453125 0.5299479166666666 0.02562500000000001 0.06000000000000005
0 0.711015625 0.57125 0.020625000000000004 0.06333299999999993
0 0.7251171875 0.5544788333333334 0.023125000000000062 0.05833400000000003
0 0.7501953125 0.6331253333333332 0.026249999999999996 0.0741660000000001
0 0.7627734375 0.5467190833333334 0.030625000000000013 0.06666599999999996
0 0.775 0.5325520833333334 0.03125 0.06583300000000003
0 0.8038671875 0.6061975833333334 0.021874999999999978 0.08250000000000002
0 0.85421875 0.5477600833333334 0.024374999999999925 0.034999999999999996
0 0.8733203125 0.5765625 0.026874999999999982 0.08000000000000007
0 0.8951953125 0.59682325 0.02562500000000001 0.07249999999999994
0 0.8925390625 0.5494788333333332 0.01937499999999992 0.05833400000000003
0 0.9108984375 0.6399996666666666 0.030000000000000027 0.08416699999999995
0 0.9255859375 0.7262496666666668 0.04625000000000001 0.14666700000000002
0 0.9199609375 0.6115621666666667 0.014375000000000027 0.03749999999999994
0 0.932421875 0.55984375 0.028125000000000067 0.05666700000000002
0 0.95625 0.6353645833333333 0.03187499999999999 0.08249999999999995
