0 0.276484375 0.848756129032258 0.106875 0.13039400000000004
0 0.25492187499999996 0.8572541994134898 0.028124999999999983 0.10975599999999991
0 0.3466015625 0.8241132052785923 0.0037499999999999756 0.025327999999999958
0 0.402578125 0.8251697565982404 0.005624999999999991 0.03095599999999998
0 0.46640625 0.8314996539589443 0.00874999999999998 0.018760999999999934
0 0.489921875 0.8758425777126099 0.02812500000000001 0.12382700000000002
0 0.5833984375 0.8807146099706745 0.02937500000000004 0.1575979999999999
0 0.692578125 0.8207709296187683 0.0050000000000000044 0.023452000000000063
0 0.7723828125 0.8220635835777127 0.011250000000000093 0.03846099999999987
0 0.786015625 0.8184842052785923 0.020625000000000004 0.025328999999999935
0 0.7955078125 0.8281573782991202 0.011249999999999982 0.016885000000000035
0 0.8230859375 0.8787032375366569 0.015000000000000013 0.05816199999999996
0 0.9255859375 0.825642961876833 0.01375000000000004 0.05347000000000001
0 0.9412890625 0.8831571348973607 0.018125000000000058 0.04596599999999993
