0 0.6755078125 0.7775787496339678 0.073125 0.3818009999999999
0 0.09125 0.7505139458272329 0.0625 0.340526
0 0.1153515625 0.7678118169838947 0.065 0.33864899999999987
0 0.1615625 0.7729146881405564 0.078125 0.33583499999999994
0 0.19484375 0.7404935592972182 0.05499999999999999 0.3320820000000001
0 0.22578125 0.7596674304538801 0.07187500000000002 0.3292679999999999
0 0.283828125 0.756098786237189 0.06687500000000002 0.316135
0 0.3006640625 0.7431501420204978 0.04999999999999999 0.30018700000000004
0 0.357265625 0.7490498169838946 0.083125 0.33864999999999984
0 0.337421875 0.7379330131771596 0.02812500000000001 0.298312
0 0.3999609375 0.7436061727672035 0.044999999999999984 0.32457700000000006
0 0.456796875 0.7386175592972182 0.06 0.33208199999999993
0 0.47015625 0.7448859458272328 0.070625 0.342401
0 0.5040625000000001 0.7717923323572473 0.07937500000000003 0.349906
0 0.5597265625 0.7592987188872622 0.06562500000000004 0.35928799999999994
0 0.5824609375 0.7337432035139092 0.07687499999999992 0.34615300000000004
0 0.6215234375 0.7334004304538799 0.030624999999999902 0.3302070000000001
0 0.639765625 0.7476298477306003 0.05125000000000002 0.3630399999999999
0 0.7101171875 0.7559585900439239 0.053750000000000075 0.35553500000000005
0 0.754296875 0.7808487803806734 0.05874999999999997 0.40525400000000006
0 0.824609375 0.7904582957540264 0.07437499999999997 0.41650999999999994
0 0.876953125 0.7772541976573938 0.06687500000000002 0.43714900000000007
