0 0.14835937500000002 0.604752737920937 0.10687500000000001 0.56379
0 0.271484375 0.29446474963396774 0.543125 0.380863
0 0.2162109375 0.6621236515373353 0.10750000000000001 0.401501
0 0.4062109375 0.6936950995607614 0.20250000000000007 0.45966199999999996
0 0.5481640624999999 0.5450375036603221 0.20625 0.19418400000000002
0 0.573671875 0.2939904978038067 0.05999999999999994 0.28424
0 0.6330859375 0.2781125959004392 0.04625000000000001 0.263603
0 0.760390625 0.2509345344070278 0.05249999999999999 0.21669800000000003
0 0.8084765625 0.2417119516837482 0.06500000000000006 0.25046900000000005
0 0.8551171875 0.3037833689604685 0.08499999999999996 0.283302
0 0.866953125 0.05998512298682284 0.03562500000000002 0.09662300000000003
0 0.8828125 0.19259789604685212 0.04874999999999996 0.11350799999999998
0 0.8942578125 0.05124450951683748 0.041874999999999996 0.104128
0 0.9257421875 0.07906295754026355 0.053749999999999964 0.159475
0 0.948828125 0.04978038067349927 0.03562500000000002 0.100375
0 0.9840234375 0.08825960175695462 0.030000000000000027 0.17542200000000002
0 0.9903125 0.2684167613469985 0.016874999999999973 0.20075
