0 0.234765625 0.6111458333333334 0.11500000000000002 0.43249999999999994
0 0.303203125 0.39156216666666666 0.09937499999999999 0.16333399999999998
0 0.303203125 0.6246871666666667 0.09937499999999999 0.444167
0 0.3843359375 0.5644795 0.14 0.39083300000000004
0 0.3787890625 0.4878645833333333 0.08124999999999999 0.3308330000000001
0 0.43203125 0.5064583333333333 0.07187500000000002 0.32416700000000004
0 0.5749609375 0.551458 0.23250000000000004 0.28166700000000006
0 0.7117578125 0.5515628333333333 0.07374999999999998 0.24500000000000002
0 0.779140625 0.5829166666666666 0.145625 0.3975
0 0.9166796875 0.6109899166666667 0.16375000000000006 0.5291659999999999
