0 0.7194921875 0.64526075 0.05312499999999998 0.24249999999999994
0 0.022109375 0.5355729166666666 0.044375 0.21750000000000003
0 0.042460937500000004 0.87609375 0.0775 0.24416700000000002
0 0.0916796875 0.3864586666666667 0.037500000000000006 0.115833
0 0.12375 0.85921875 0.09437500000000001 0.2750000000000001
0 0.1496875 0.635 0.07874999999999999 0.2516669999999999
0 0.20265625 0.4671878333333333 0.134375 0.15166599999999994
0 0.2476953125 0.9286455 0.08875 0.14083400000000004
0 0.2521484375 0.6982291666666667 0.09187499999999998 0.2874999999999999
0 0.2914453125 0.5892711666666667 0.05812499999999998 0.13249999999999992
0 0.3080078125 0.3781774166666667 0.07250000000000001 0.13916599999999998
0 0.3788671875 0.6976565833333334 0.11625000000000002 0.23750000000000013
0 0.372265625 0.4109895833333333 0.051875000000000004 0.11250000000000004
0 0.37796875 0.5349479166666667 0.05562499999999998 0.06083299999999999
0 0.4325 0.3363020833333334 0.03187499999999999 0.12916699999999995
0 0.4883984375 0.4598961666666666 0.06187500000000001 0.1625000000000001
0 0.5472265625 0.34671875 0.03437499999999993 0.15
0 0.579375 0.350833 0.03125 0.12749999999999995
0 0.655390625 0.5903649166666667 0.05249999999999999 0.12416600000000007
0 0.7027734375 0.3480208333333334 0.02937500000000004 0.151667
0 0.7479296875 0.37624966666666665 0.03874999999999995 0.14666700000000002
0 0.7705078125 0.8171874999999998 0.07374999999999998 0.2358330000000001
0 0.78234375 0.66161425 0.055625000000000036 0.22750000000000004
0 0.878125 0.90375 0.06437499999999996 0.189167
0 0.908359375 0.9213538333333333 0.10625000000000007 0.15166700000000008
0 0.912578125 0.75380175 0.06687500000000002 0.21166699999999997
0 0.954765625 0.41979133333333335 0.051875000000000004 0.19999999999999996
0 0.9666015625 0.9165621666666667 0.06500000000000006 0.163334
