0 0.2357421875 0.5332122079589217 0.30374999999999996 0.862777
0 0.0625 0.33569646084724003 0.12625 0.20953200000000002
0 0.311875 0.28444812580231066 0.06437499999999996 0.15365600000000001
0 0.333359375 0.40051760847240053 0.07500000000000001 0.08052600000000001
0 0.392421875 0.3788435789473684 0.06 0.10682000000000001
0 0.442109375 0.3812061848523748 0.04312499999999997 0.10024700000000003
0 0.479140625 0.38254300256739415 0.051875000000000004 0.08709899999999993
0 0.5080078125 0.37565897304236207 0.04187500000000005 0.11092899999999996
0 0.5473828125 0.45995816559691916 0.104375 0.4650780000000001
0 0.74046875 0.4877091784338896 0.39937500000000004 0.889893
0 0.886953125 0.3587604287548139 0.22375 0.150369
