0 0.6994145625 0.75546875 0.09687500000000004 0.18125000000000002
0 0.28125 0.671483875 0.18906299999999998 0.2156260000000001
0 0.29921825 0.1 0.165625 0.189062
0 0.2994145625 0.7615229375 0.128124 0.10781300000000005
0 0.31953175 0.828516125 0.087499 0.067187
0 0.379687 0.9343745 0.0625 0.109375
0 0.6259760625 0.40078125 0.05000099999999996 0.07187500000000002
0 0.7357421875 0.39453125 0.08437499999999998 0.13281300000000001
0 0.8685551875 0.3931645625 0.08437399999999995 0.09687400000000002
0 0.9234375 0.3455078125 0.07968799999999998 0.167188
0 0.9357426875 0.6421875 0.03906200000000004 0.07968799999999998
0 0.98515575 0.6462885625 0.02500100000000005 0.09687500000000004
