0 0.0710065 0.556879307151231 0.079167 0.15833399999999997
0 0.171181 0.47233065533411484 0.031944 0.0700000000000001
0 0.1886064375 0.5291113141852286 0.061111 0.11500000000000003
0 0.265928375 0.4913986506447831 0.04444500000000001 0.09833399999999998
0 0.3099173125 0.4873879847596717 0.026388999999999996 0.09333300000000005
0 0.38081575 0.4981219800703399 0.118056 0.12000000000000001
0 0.5304033125000001 0.6298616072684642 0.11944499999999997 0.35666600000000004
0 0.6212018125 0.5831089695193435 0.10416700000000001 0.185
0 0.744401375 0.6372626025791325 0.10555499999999995 0.3866670000000001
0 0.8005859375 0.6116552766705744 0.07777800000000001 0.33999999999999997
0 0.860981125 0.6921782520515827 0.19305499999999998 0.49000000000000005
