0 0.0537109375 0.8815105 0.107422 0.11067700000000007
0 0.04394575 0.7005209166666666 0.05664 0.12369799999999993
0 0.0585935 0.8320309166666666 0.047852 0.12369800000000009
0 0.0888670625 0.682292 0.049805 0.19010399999999983
0 0.17089818750000002 0.8919274166666668 0.11523499999999999 0.20182299999999995
0 0.1835935 0.6692705833333333 0.04882800000000001 0.20703199999999997
0 0.2773435 0.6432294166666667 0.046875 0.14062499999999992
0 0.3310544375 0.6888020833333334 0.030273999999999968 0.19270799999999996
0 0.366211375 0.69401075 0.04394500000000001 0.2135409999999999
0 0.446288625 0.7630210833333333 0.082032 0.34765599999999997
0 0.5195308125 0.7604171666666666 0.07226600000000005 0.3515620000000001
0 0.6943363125 0.7200519166666668 0.08886699999999992 0.217448
0 0.936523875 0.92317675 0.12304599999999999 0.14973999999999998
