0 0.182578125 0.4534741512481645 0.035833000000000004 0.120301
0 0.2158466875 0.5070224464023495 0.06999999999999998 0.25062599999999996
0 0.2764970625 0.5329075888399413 0.11249999999999999 0.24435999999999988
0 0.3891015625 0.5093515903083701 0.034999999999999976 0.265664
0 0.4355595625 0.5137568766519823 0.065834 0.273183
0 0.5513671875 0.555049738619677 0.053332999999999964 0.343358
0 0.6003251875 0.561314738619677 0.08583400000000008 0.34335899999999997
0 0.7025654375 0.574530597650514 0.093333 0.36842199999999997
0 0.9105859375 0.5269953010279002 0.07666699999999993 0.21679100000000004
0 0.9780078125 0.5045981497797356 0.04166700000000001 0.097745
