0 0.2430859375 0.58588575 0.014374999999999999 0.02416600000000006
0 0.32390625 0.5752083333333333 0.009374999999999967 0.010833000000000018
0 0.33828125 0.57807325 0.008750000000000036 0.010000000000000083
0 0.3435546875 0.5929166666666666 0.0068749999999999645 0.022499999999999964
0 0.368828125 0.5869270833333333 0.0050000000000000044 0.034999999999999996
0 0.3792578125 0.5871878333333332 0.010000000000000009 0.027500000000000007
0 0.3867578125 0.5855208333333334 0.010624999999999996 0.02749999999999993
0 0.4185546875 0.5871878333333332 0.006249999999999978 0.02833300000000009
0 0.4323046875 0.5836455 0.00687500000000002 0.017499999999999998
0 0.4473046875 0.5140104166666667 0.007500000000000007 0.014999999999999977
0 0.4697265625 0.5845836666666666 0.03437499999999999 0.022499999999999964
0 0.4967578125 0.58421875 0.009999999999999953 0.0241669999999999
0 0.519453125 0.47171875 0.036250000000000004 0.024166999999999977
0 0.5060546875 0.5829166666666666 0.0068749999999999645 0.022499999999999964
0 0.51390625 0.5899475833333333 0.008750000000000036 0.019166999999999934
0 0.5154296875 0.5873434166666667 0.007500000000000062 0.014166999999999966
0 0.5294921875 0.6150524166666668 0.02312499999999995 0.10916599999999994
0 0.5948828125 0.5845836666666666 0.010000000000000009 0.022499999999999964
0 0.5941796875 0.5856774166666666 0.007499999999999951 0.014166000000000048
0 0.6328125 0.6444270833333333 0.04874999999999996 0.16
0 0.650625 0.632292 0.03249999999999997 0.1566660000000001
0 0.6983203125 0.628125 0.02562500000000001 0.15666700000000003
0 0.7143359375 0.6353128333333333 0.04499999999999993 0.18249999999999997
0 0.7409375 0.5866666666666668 0.015625 0.0858329999999999
0 0.7651953125 0.6017184166666666 0.02562500000000001 0.108334
0 0.779296875 0.6043225833333333 0.028124999999999956 0.11333400000000005
0 0.80171875 0.60192675 0.024374999999999925 0.11833400000000009
0 0.8423046875 0.6025 0.03749999999999998 0.126667
0 0.913515625 0.5919270833333333 0.020624999999999893 0.03416700000000006
0 0.928125 0.6097913333333334 0.03249999999999997 0.07416699999999994
0 0.9564453125 0.5882291666666667 0.026874999999999982 0.03750000000000009
0 0.9590625 0.595625 0.015625 0.031667000000000035
0 0.986640625 0.59005175 0.020625000000000004 0.02416700000000005
