0 0.9219921875 0.5526575475841874 0.11687499999999995 0.5150100000000001
0 0.0217578125 0.42613673645680816 0.041874999999999996 0.08630400000000006
0 0.062109375 0.38810582869692534 0.043750000000000004 0.157598
0 0.1330859375 0.6430563206442167 0.13999999999999999 0.5328329999999999
0 0.1003125 0.40332512298682277 0.04874999999999999 0.09662299999999999
0 0.13484374999999998 0.3455058960468521 0.05500000000000001 0.11163200000000004
0 0.1940234375 0.37577063250366033 0.06125 0.196998
0 0.3380078125 0.3757341903367496 0.04125000000000001 0.05065700000000002
0 0.4226171875 0.6240226456808199 0.11625000000000002 0.49249499999999996
0 0.43578125 0.30246715373352856 0.070625 0.11913699999999998
0 0.4482421875 0.42813649780380675 0.08437499999999998 0.28423999999999994
0 0.533984375 0.560696393850659 0.106875 0.39774899999999996
0 0.602421875 0.5581540688140557 0.15375000000000005 0.43433399999999983
0 0.6223046875 0.425383878477306 0.06874999999999998 0.38461600000000007
0 0.6758984375 0.4481523323572475 0.09250000000000003 0.349906
0 0.7474609375 0.37143962664714497 0.07687500000000003 0.2870540000000001
0 0.794140625 0.3286121786237189 0.05124999999999991 0.23264500000000005
0 0.8196484375 0.4985808169838946 0.09187499999999993 0.33865
0 0.84328125 0.3661793382137628 0.07187500000000002 0.257974
0 0.968359375 0.45188711127379216 0.04437499999999994 0.277673
0 0.9822265625 0.3643033382137628 0.03375000000000006 0.25797300000000006
