0 0.5788671875 0.5628645833333333 0.17874999999999996 0.331667
0 0.01171875 0.14171841666666665 0.024375 0.2325
0 0.058828124999999995 0.12671841666666667 0.068125 0.23416700000000001
0 0.42890625 0.17552083333333335 0.040000000000000036 0.15166699999999997
0 0.460703125 0.20317741666666667 0.09937499999999999 0.13833300000000004
0 0.5287890625 0.1796354166666667 0.05062500000000003 0.17083299999999998
0 0.6050390625 0.19374966666666668 0.04937500000000006 0.148334
0 0.7511328125 0.21619791666666666 0.04125000000000001 0.12250000000000001
0 0.8152734375 0.19322916666666667 0.06187500000000001 0.16166699999999998
0 0.8760546875 0.20546908333333333 0.03874999999999995 0.129166
0 0.93640625 0.21156283333333334 0.040000000000000036 0.12083300000000004
0 0.9825 0.21265658333333334 0.03249999999999997 0.1125
