0 0.03125 0.44098060175695464 0.0625 0.17354600000000003
0 0.03125 0.6149998535871156 0.06375 0.2711070000000001
0 0.024765625 0.3427879326500732 0.020624999999999998 0.04409000000000001
0 0.0981640625 0.36280276720351395 0.019375000000000003 0.10975599999999995
0 0.1143359375 0.3680899941434846 0.015 0.091932
0 0.125859375 0.34230496339677896 0.011874999999999997 0.06754299999999995
0 0.247421875 0.5294972298682284 0.246875 0.9380859999999999
0 0.4841796875 0.5787419780380674 0.288125 0.840525
0 0.591015625 0.5742959282576867 0.11499999999999999 0.6135079999999999
0 0.5959765625 0.6192538301610542 0.09750000000000003 0.6350839999999999
0 0.7177734375 0.5489245549048316 0.21687500000000004 0.8996249999999999
0 0.8651171875 0.6057444011713031 0.17937499999999995 0.7842399999999999
