0 0.1314453125 0.60744825 0.026249999999999996 0.10333299999999997
0 0.1525390625 0.603542 0.018125000000000002 0.09499999999999997
0 0.17609375 0.6227083333333333 0.024375000000000008 0.135833
0 0.2005859375 0.606875 0.045625 0.09499999999999997
0 0.2076953125 0.6541145833333334 0.05687499999999998 0.14333300000000002
0 0.3164453125 0.6805205 0.05812499999999998 0.23500000000000001
0 0.3712109375 0.68744825 0.04562499999999997 0.22916600000000006
0 0.432109375 0.6279684166666666 0.044375 0.17000000000000007
0 0.4798046875 0.7036458333333334 0.03750000000000003 0.30833299999999997
0 0.71046875 0.6558854166666667 0.055625000000000036 0.23249999999999993
0 0.7832421875 0.6000524166666666 0.023125000000000062 0.10833300000000001
0 0.8151953125 0.59578125 0.02562500000000001 0.10166699999999995
0 0.84375 0.6095315833333333 0.03249999999999997 0.08250000000000002
0 0.8884765625 0.61661425 0.03500000000000003 0.10333399999999997
