0 0.19046875 0.6253128333333332 0.05562500000000001 0.18416600000000014
0 0.234375 0.6092705 0.03249999999999997 0.17416700000000004
0 0.328046875 0.4727604166666666 0.02812500000000001 0.07749999999999997
0 0.3791796875 0.4915621666666667 0.03875000000000001 0.16333399999999995
0 0.5337890625 0.14614583333333334 0.01937500000000003 0.05833299999999999
0 0.548671875 0.4114586666666667 0.028749999999999942 0.11499999999999992
0 0.5544140625 0.145417 0.018124999999999947 0.064166
0 0.5713671875 0.26244791666666667 0.021874999999999978 0.06083299999999999
0 0.5967578125 0.23364550000000003 0.011249999999999982 0.016666999999999987
0 0.5987109375 0.27067674999999997 0.013749999999999929 0.05666699999999999
0 0.6469140625 0.3108336666666667 0.01937499999999992 0.08416599999999996
