0 0.1595703125 0.6032675714285713 0.057499999999999996 0.1434970000000001
0 0.2328125 0.6079237703081233 0.047500000000000014 0.1300449999999999
0 0.2634375 0.5968784509803922 0.04749999999999999 0.13990999999999998
0 0.3298828125 0.6120633725490195 0.041874999999999996 0.156951
0 0.3898828125 0.5986724509803921 0.04249999999999998 0.138116
0 0.4375 0.520952843137255 0.03187499999999999 0.040358999999999846
0 0.4843359375 0.6054540112044817 0.04562499999999997 0.14170400000000005
0 0.49375 0.5141102044817927 0.03187499999999999 0.05739900000000009
0 0.564140625 0.6223218123249299 0.0525000000000001 0.15605400000000005
0 0.616328125 0.6037220896358544 0.03562500000000002 0.1228699999999999
0 0.674296875 0.6219293725490197 0.05999999999999994 0.15784699999999993
0 0.758515625 0.605122649859944 0.05249999999999999 0.12466299999999994
0 0.823828125 0.5999498543417368 0.03687499999999999 0.18206299999999997
