0 0.05646753955901427 0.6433984375 0.08395600000000002 0.12312499999999993
0 0.1404235395590143 0.64640625 0.08395699999999999 0.13375000000000004
0 0.21151040466926072 0.6208203125 0.06400699999999998 0.08875
0 0.28097042153047985 0.647109375 0.06650100000000002 0.13812500000000005
0 0.3519636744487678 0.6428125 0.10390700000000001 0.140625
0 0.44732245525291825 0.64625 0.07065600000000007 0.12624999999999997
0 0.5020844215304798 0.6501171875 0.06566900000000003 0.11562499999999998
0 0.6056903203631647 0.6393359375 0.04987600000000004 0.10750000000000004
0 0.6663435901426719 0.6412890625 0.09226899999999996 0.14437500000000003
0 0.7985774721141374 0.597578125 0.07481300000000005 0.193125
0 0.8769155395590144 0.633515625 0.0839569999999999 0.114375
0 0.9126595395590144 0.5702343750000001 0.08478799999999995 0.169375
0 0.9795552529182878 0.570234375 0.03906900000000003 0.13812500000000005
