0 0.557578125 0.45880174999999995 0.09812500000000002 0.21166699999999997
0 0.0673828125 0.52432325 0.135 0.9475000000000001
0 0.2212890625 0.5953649166666667 0.20625000000000002 0.24833300000000005
0 0.409375 0.86223925 0.40687500000000004 0.2583339999999999
0 0.3525 0.2421875 0.03187500000000004 0.11166700000000003
0 0.4135546875 0.5175003333333333 0.10062499999999996 0.16833299999999998
0 0.4739453125 0.47973958333333333 0.08875000000000005 0.175833
0 0.63734375 0.8028125 0.30625 0.391667
0 0.70328125 0.7673955 0.22750000000000004 0.454167
0 0.68703125 0.43994825 0.10250000000000004 0.10333300000000005
0 0.6891015625 0.29833366666666666 0.03375000000000006 0.08416600000000003
0 0.80515625 0.45338575 0.16500000000000004 0.14916600000000013
0 0.82546875 0.6539586666666667 0.11750000000000005 0.365
0 0.804375 0.2891666666666666 0.0625 0.08500000000000003
0 0.9440625 0.5601045 0.10999999999999999 0.29916600000000004
