0 0.0166015625 0.4009914602917342 0.034375 0.21265599999999996
0 0.3774609375 0.41868495623987034 0.13875000000000004 0.396266
0 0.469921875 0.289999602917342 0.06 0.10995799999999996
0 0.544453125 0.39710144246353324 0.09875 0.22510299999999991
0 0.5487109375 0.29414860291734196 0.04500000000000004 0.109958
0 0.570703125 0.30037260291734197 0.03562500000000002 0.107884
0 0.6005078125 0.3040694197730956 0.011250000000000093 0.059129000000000015
0 0.6146875 0.3193056564019449 0.015625 0.06950199999999995
0 0.634609375 0.3102934197730956 0.012499999999999956 0.06120400000000004
0 0.6465625 0.3264371653160454 0.016874999999999973 0.064315
0 0.67640625 0.29317845542949755 0.008750000000000036 0.033194999999999995
0 0.69640625 0.30426469205834683 0.008125000000000049 0.04460600000000002
0 0.7753125 0.4190117909238249 0.14187500000000008 0.334025
