0 0.0703125 0.4993160054719562 0.141667 0.998833
0 0.4990234375 0.4993160054719562 0.999167 0.998833
0 0.22963575 0.37837125307797537 0.2125 0.687281
0 0.3376435625 0.11080711354309165 0.12833300000000003 0.224037
0 0.469348625 0.07660738714090287 0.08333399999999996 0.155193
0 0.6156640625 0.0918575731874145 0.11249999999999993 0.10851799999999999
0 0.6077216875 0.14420683584131327 0.03749999999999998 0.042006999999999996
0 0.8270439375 0.19305246374829002 0.10833399999999993 0.134189
0 0.8406640625 0.34796097127222986 0.11166699999999996 0.257876
0 0.830963875 0.10553746374829001 0.05916599999999994 0.134189
0 0.9199091875 0.38610492749658004 0.14750000000000008 0.26954500000000003
0 0.8919658125 0.06795754035567717 0.07250000000000001 0.11551899999999998
0 0.89875 0.06819846374829001 0.06333299999999997 0.135356
0 0.941640625 0.5174767633378933 0.11416700000000002 0.30921800000000005
0 0.9292060625 0.1394150807113543 0.0816659999999999 0.229872
0 0.9572529375 0.32317743091655265 0.07750000000000001 0.14469100000000001
0 0.9719140625 0.22962744186046513 0.050000000000000044 0.140023
0 0.980598625 0.1244507045143639 0.02083400000000002 0.07584600000000001
