0 0.5112630625 0.7878568619676946 0.14304000000000006 0.069164
0 0.5171267500000001 0.6816433010279 0.05619400000000002 0.216138
0 0.58609175 0.714071160058737 0.05555599999999994 0.24303499999999995
0 0.6354879375 0.7042320190895742 0.045977000000000046 0.269933
0 0.6802621875 0.7054937283406755 0.05364000000000002 0.198847
0 0.6999458125 0.7075244434654919 0.04214600000000002 0.210375
0 0.727817625 0.711367443465492 0.05236200000000002 0.21037399999999995
0 0.7740950625 0.7372612966226139 0.05044699999999991 0.15273799999999996
0 0.8380644375 0.7065085859030837 0.06130199999999997 0.20461099999999996
0 0.87344875 0.7066193010279002 0.054916999999999994 0.21613800000000008
0 0.9279900625 0.6879695873715125 0.049169999999999936 0.22574399999999986
0 0.9292670625 0.7257215859030837 0.049169999999999936 0.20461100000000013
