0 0.4170075882352941 0.425078125 0.305084 0.505
0 0.027941176470588237 0.5520703125 0.057439000000000004 0.05812499999999998
0 0.07378394117647058 0.5451171875 0.064972 0.08562499999999995
0 0.12975235294117646 0.5497265625 0.06402999999999999 0.09750000000000003
0 0.2262514705882353 0.5850390625 0.13371000000000002 0.14312499999999995
0 0.26646741176470584 0.550859375 0.048964000000000014 0.07499999999999996
0 0.3067240588235294 0.548125 0.03578200000000004 0.03249999999999997
0 0.47426917647058825 0.5303125 0.05649699999999999 0.04749999999999999
0 0.5737839411764706 0.516328125 0.06685500000000004 0.06812499999999999
0 0.6394645882352942 0.51265625 0.054613999999999906 0.07187499999999997
0 0.9360001176470589 0.5735546875 0.12335199999999986 0.10124999999999995
