0 0.264051625 0.5320085 0.021428000000000003 0.04857200000000006
0 0.281573375 0.5392241875 0.012857000000000007 0.05285700000000004
0 0.2989344375 0.540725875 0.030000000000000027 0.05999999999999994
0 0.336908625 0.536964 0.019999999999999962 0.06428599999999995
0 0.4332758125 0.6778515625 0.07285699999999995 0.09714299999999998
0 0.474196 0.5298936875 0.031428999999999985 0.06857199999999997
0 0.4938899375 0.674163375 0.04571400000000003 0.10714199999999996
0 0.505479625 0.527489125 0.020000000000000018 0.06714299999999995
0 0.5421711875 0.52801325 0.022856999999999905 0.07142899999999996
0 0.5741243125 0.5284656875 0.025714000000000015 0.06999999999999995
0 0.619765625 0.519296875 0.020000000000000018 0.06000000000000005
0 0.6524609375 0.5284656875 0.04571400000000003 0.06999999999999995
0 0.6906695 0.53125 0.01714299999999991 0.06285700000000005
0 0.7033648125 0.69439775 0.04142899999999994 0.08714199999999994
0 0.8008875625 0.529966375 0.03428500000000001 0.07571400000000006
0 0.841339 0.529966375 0.03142900000000004 0.07571400000000006
