0 0.121171875 0.5063191556534508 0.06000000000000001 0.18156200000000003
0 0.1380078125 0.48034586784140965 0.041874999999999996 0.15051800000000004
0 0.16515625 0.4911532980910426 0.040624999999999994 0.17403500000000008
0 0.33953125 0.5192131615271659 0.070625 0.263405
0 0.5353515625 0.5101280146842878 0.06499999999999995 0.20601999999999993
0 0.5544921875 0.43069486343612334 0.023125000000000062 0.088429
0 0.669375 0.47009100587371516 0.03312499999999996 0.08278399999999998
0 0.736484375 0.5672587400881057 0.10625000000000007 0.36406399999999994
0 0.81609375 0.4958562980910426 0.05625000000000002 0.17591700000000005
0 0.8803125 0.5365597327459618 0.07937499999999997 0.260583
0 0.9299609375 0.5235277298091042 0.04500000000000004 0.21824999999999997
0 0.9731640625 0.5180665859030836 0.05062500000000003 0.20319900000000005
