0 0.046875 0.7014262352941176 0.09375 0.59322
0 0.060546875 0.6502598235294118 0.121875 0.6958569999999998
0 0.0535546875 0.3107757058823529 0.03812499999999999 0.07533000000000001
0 0.0990234375 0.3547248823529412 0.09312499999999999 0.13088499999999997
0 0.080859375 0.3021855294117647 0.04375 0.06779600000000005
0 0.186171875 0.32740629411764705 0.09000000000000002 0.177966
0 0.3443359375 0.4831370588235294 0.3275 0.8860640000000001
0 0.2328125 0.2690368823529412 0.04874999999999999 0.131827
0 0.26171875 0.28500317647058826 0.02437499999999998 0.05743899999999994
0 0.6604296875 0.4517277647058824 0.4443750000000001 0.5612060000000001
0 0.527890625 0.2588066470588235 0.020625000000000004 0.08851200000000002
0 0.567578125 0.2212055294117647 0.03562499999999991 0.06968000000000003
0 0.5658984375 0.2507556470588235 0.030625000000000013 0.04048999999999995
0 0.566875 0.296704 0.03187499999999999 0.102637
0 0.629609375 0.25112470588235297 0.07562499999999994 0.225988
0 0.676796875 0.22675888235294114 0.09000000000000008 0.22975500000000001
0 0.880703125 0.4245601176470588 0.22375 0.47269300000000003
0 0.9197265625 0.3692702352941176 0.15875000000000006 0.343691
0 0.969921875 0.5197935294117647 0.05874999999999997 0.1685499999999999
