0 0.06640625 0.818984375 0.135 0.35687500000000005
0 0.09796841666666667 0.712109375 0.04583400000000001 0.07562499999999994
0 0.17526008333333332 0.7060546875 0.03583400000000001 0.06999999999999995
0 0.2202086666666667 0.7235546875 0.05249999999999999 0.10062500000000008
0 0.287292 0.7284375 0.03250000000000001 0.11062500000000008
0 0.3355208333333333 0.697734375 0.02749999999999993 0.04437499999999994
0 0.35401041666666666 0.69578125 0.01333300000000004 0.04062500000000002
0 0.3656774166666667 0.6967578125 0.013332999999999965 0.04249999999999998
0 0.4213538333333333 0.7258203125 0.027500000000000007 0.08875
0 0.46703125 0.725546875 0.04083300000000004 0.08999999999999997
0 0.515625 0.7139453125 0.031666999999999966 0.08875
0 0.5418753333333334 0.693125 0.010833000000000018 0.03249999999999997
0 0.5693753333333333 0.6908984375 0.010832999999999945 0.030625000000000013
0 0.5973434166666668 0.6940234375 0.014166999999999893 0.030625000000000013
0 0.6143753333333334 0.6990234375 0.011665999999999954 0.02937500000000004
0 0.7442184166666667 0.76953125 0.10749999999999993 0.19625000000000004
0 0.81932325 0.73359375 0.07083300000000008 0.11812499999999992
0 0.8655208333333334 0.7041015625 0.027500000000000007 0.06625000000000003
0 0.8903642499999999 0.74140625 0.04083400000000011 0.13374999999999992
