0 0.0358203125 0.7189744339622641 0.025625000000000002 0.28772600000000004
0 0.039921874999999996 0.5320922767295597 0.028125 0.195171
0 0.048828125 0.8453492389937106 0.035625000000000004 0.21730299999999997
0 0.06636718750000001 0.5367423144654088 0.021875 0.181087
0 0.06957031250000001 0.7130453899371069 0.025625000000000002 0.13883300000000004
0 0.0783203125 0.8389395094339622 0.026874999999999996 0.24748499999999993
0 0.0795703125 0.6124423899371069 0.026874999999999996 0.14084500000000003
0 0.0901953125 0.5078143899371069 0.025624999999999995 0.14084499999999994
0 0.0969921875 0.7058767358490566 0.023125000000000007 0.13480899999999998
0 0.1025390625 0.6282850817610063 0.019375000000000003 0.126761
0 0.107265625 0.5015250817610063 0.02062499999999999 0.12877199999999994
0 0.111171875 0.8386862012578618 0.028124999999999983 0.23742500000000008
0 0.1290234375 0.6958167358490566 0.029374999999999984 0.13682099999999997
0 0.12691406249999998 0.6233817358490565 0.019375000000000017 0.13480900000000007
0 0.12941406249999998 0.48089846540880504 0.018125000000000016 0.10462700000000003
0 0.13874999999999998 0.827746855345912 0.032500000000000015 0.239436
0 0.1514453125 0.47913877358490564 0.026874999999999982 0.11670000000000001
0 0.15421875 0.6453943144654087 0.024375000000000008 0.17706200000000005
0 0.1641015625 0.844468893081761 0.035 0.2213279999999999
0 0.1639453125 0.7099007358490566 0.02687500000000001 0.13480900000000015
0 0.1820703125 0.6300447735849056 0.02687500000000001 0.1187120000000001
0 0.1851171875 0.4818972327044025 0.023125000000000007 0.05231400000000009
0 0.200078125 0.8556625471698113 0.03562500000000002 0.23138800000000004
0 0.19546875 0.7061300440251572 0.024375000000000008 0.14889299999999997
0 0.19921875 0.495741389937107 0.024375000000000008 0.14084499999999994
0 0.2107421875 0.6431290062893081 0.02312499999999998 0.16901400000000003
0 0.225390625 0.4992597735849057 0.020624999999999977 0.11669999999999993
0 0.233203125 0.8386862012578618 0.03562499999999996 0.23742500000000008
0 0.2313671875 0.716949968553459 0.023125000000000007 0.18309800000000012
0 0.242265625 0.6345743899371069 0.021249999999999963 0.14285799999999998
0 0.2537890625 0.503030465408805 0.018125000000000002 0.1026160000000001
0 0.269375 0.849878855345912 0.03125 0.24346100000000004
0 0.2713671875 0.6211164276729559 0.021874999999999978 0.12273700000000004
0 0.2751171875 0.490332427672956 0.02312499999999995 0.120724
0 0.286640625 0.7012266981132075 0.020625000000000004 0.15694100000000002
0 0.2982421875 0.47021142767295604 0.021875000000000033 0.1207239999999999
0 0.30171875 0.8420841635220125 0.024375000000000036 0.25352100000000005
0 0.31046875 0.6173457358490566 0.02437499999999998 0.132797
0 0.3139453125 0.7107800817610063 0.02562500000000001 0.126761
0 0.3238671875 0.47775381132075473 0.021875000000000033 0.10060299999999996
0 0.331953125 0.8349155094339622 0.03562499999999996 0.2474850000000001
0 0.3383203125 0.6242610817610063 0.02562500000000001 0.1307850000000001
0 0.3413671875 0.6868883899371069 0.021874999999999978 0.14084499999999994
0 0.3475390625 0.47599411949685533 0.01874999999999999 0.10865199999999997
0 0.3633984375 0.8386862012578618 0.030625000000000013 0.23339999999999994
0 0.3664453125 0.6940570440251572 0.02562500000000001 0.14486999999999997
0 0.3696875 0.4746091572327044 0.017500000000000016 0.09054300000000001
0 0.3776171875 0.5457900817610063 0.023125000000000007 0.1307849999999999
0 0.3920703125 0.6260207735849056 0.02562500000000001 0.11468800000000003
0 0.3940234375 0.8435895471698114 0.029374999999999984 0.22937700000000014
0 0.3933203125 0.7130453899371069 0.026874999999999982 0.13883300000000004
0 0.395546875 0.48630742767295604 0.028749999999999998 0.12072499999999997
0 0.407265625 0.5515737735849057 0.020625000000000004 0.11871199999999991
0 0.4208984375 0.7092746981132075 0.030000000000000027 0.15694100000000002
0 0.421171875 0.47021142767295604 0.028750000000000053 0.12474799999999997
0 0.4277734375 0.8420841635220125 0.030624999999999958 0.257545
0 0.4338671875 0.5515737735849057 0.023125000000000007 0.11468800000000003
0 0.4433203125 0.6242610817610063 0.026875000000000038 0.1307850000000001
0 0.4419140625 0.46165681132075465 0.018125000000000002 0.09859100000000005
0 0.4438671875 0.709021389937107 0.023125000000000007 0.14285699999999993
0 0.463828125 0.8340361635220126 0.03562500000000002 0.2555329999999999
0 0.45921875 0.545284465408805 0.02437499999999998 0.10663999999999998
0 0.462421875 0.4729823522012579 0.02812500000000001 0.16096600000000005
0 0.4726171875 0.6260207735849056 0.02250000000000002 0.118712
0 0.4901171875 0.4814040817610063 0.02312499999999995 0.128773
0 0.4975 0.8295055471698113 0.031250000000000056 0.23138800000000004
0 0.4931640625 0.6323100817610062 0.01937500000000003 0.12676000000000004
0 0.49734375 0.6949373899371069 0.024375000000000036 0.14084500000000003
0 0.5101953125 0.47913877358490564 0.025624999999999953 0.11670000000000001
0 0.5132421875 0.6173457358490566 0.023125000000000062 0.132797
0 0.5194921875 0.7268770817610063 0.021874999999999978 0.1307849999999999
0 0.5277734375 0.844468893081761 0.030624999999999902 0.2213279999999999
0 0.5319140625 0.5339713899371069 0.018125000000000058 0.142857
0 0.5370703125 0.6187316981132075 0.026874999999999982 0.15694100000000002
0 0.5406640625 0.4710907735849056 0.01937500000000003 0.11670000000000001
0 0.54734375 0.6949373899371069 0.024375000000000036 0.14084500000000003
0 0.5544921875 0.532585427672956 0.023125000000000062 0.12273599999999998
0 0.563125 0.8418308553459121 0.03312499999999996 0.24144899999999989
0 0.561015625 0.6236350440251572 0.020625000000000004 0.14889299999999997
0 0.5675390625 0.47599411949685533 0.018125000000000058 0.10865199999999997
0 0.5815234375 0.7092746981132075 0.030625000000000013 0.15694100000000002
0 0.5781640625 0.5486824276729559 0.018750000000000044 0.12474799999999997
0 0.588046875 0.6323100817610062 0.028125000000000067 0.130784
0 0.5888671875 0.472849465408805 0.021874999999999978 0.10261600000000001
0 0.591796875 0.8373002389937108 0.028124999999999956 0.21730400000000005
0 0.6005859375 0.547296465408805 0.015000000000000013 0.10261599999999992
0 0.6094921875 0.6219957735849057 0.02312499999999995 0.11468800000000003
0 0.6126953125 0.7161900440251572 0.026874999999999982 0.1468810000000001
0 0.6158984375 0.46480146540880496 0.030625000000000013 0.10664000000000008
0 0.6246484375 0.852517893081761 0.02937500000000004 0.2213279999999999
0 0.6306640625 0.611682465408805 0.01937500000000003 0.10664000000000008
0 0.641796875 0.7138053144654087 0.028124999999999956 0.17907400000000004
0 0.6394140625 0.4958618113207547 0.01937500000000003 0.09859200000000004
0 0.6451171875 0.552706427672956 0.021874999999999978 0.1207239999999999
0 0.66203125 0.8395655471698114 0.04062500000000002 0.22937599999999997
0 0.6540625 0.6202370817610062 0.01749999999999996 0.126761
0 0.664921875 0.47650073584905667 0.028124999999999956 0.13682099999999997
0 0.6689453125 0.6910328113207547 0.02562500000000001 0.09859200000000004
0 0.6788671875 0.6173457358490566 0.022500000000000075 0.132797
0 0.6941796875 0.8507582012578616 0.038124999999999964 0.235413
0 0.6901171875 0.45851215723270433 0.023125000000000062 0.09054300000000001
0 0.6940234375 0.694177465408805 0.030625000000000013 0.10664000000000008
0 0.695546875 0.535223465408805 0.028124999999999956 0.10663999999999998
0 0.696640625 0.6219957735849057 0.020625000000000004 0.11871299999999999
0 0.7171484375 0.7210933899371069 0.030625000000000013 0.13883299999999996
0 0.7157421875 0.46568081132075473 0.023125000000000062 0.09859199999999994
0 0.7200390625 0.5383681194968554 0.01937499999999992 0.11066399999999996
0 0.730625 0.8453492389937106 0.032500000000000084 0.21730299999999997
0 0.7413671875 0.48630742767295604 0.023125000000000062 0.12072499999999997
0 0.7438671875 0.5562238113207547 0.021874999999999978 0.09859199999999994
0 0.748046875 0.7130453899371069 0.028124999999999956 0.142857
0 0.763828125 0.8476135471698113 0.03562500000000002 0.22937699999999986
0 0.766875 0.6346948113207547 0.03312500000000007 0.09859200000000004
0 0.7625390625 0.5571031572327044 0.018124999999999947 0.090544
0 0.766015625 0.46203054088050316 0.020625000000000004 0.066398
0 0.7744921875 0.709021389937107 0.02312499999999995 0.13883300000000004
0 0.781640625 0.5579835031446541 0.020000000000000018 0.08249499999999997
0 0.7851171875 0.47738008176100627 0.02312499999999995 0.128773
0 0.7940234375 0.8496255471698113 0.02937499999999993 0.231389
0 0.7945703125 0.6222490817610062 0.026874999999999982 0.126761
0 0.8057421875 0.5670437358490567 0.022499999999999964 0.13682100000000005
0 0.8057421875 0.7150573899371069 0.022499999999999964 0.14084499999999994
0 0.8114453125 0.49838042767295604 0.026875000000000093 0.12474799999999997
0 0.8266015625 0.6334417358490566 0.03437499999999993 0.132797
0 0.8251953125 0.7199617358490565 0.02562500000000001 0.132796
0 0.8283984375 0.854529893081761 0.030625000000000013 0.22334
0 0.8388671875 0.4868140440251572 0.02312499999999995 0.14889300000000008
0 0.8501171875 0.7297684276729559 0.021874999999999978 0.12474900000000004
0 0.855 0.6348276981132075 0.03249999999999997 0.15291800000000003
0 0.8628515625 0.8513852389937107 0.034375000000000044 0.21931599999999984
0 0.864765625 0.4952357735849057 0.020625000000000004 0.11670000000000001
0 0.8870703125 0.4966217358490566 0.026874999999999982 0.13682
0 0.8902734375 0.6374667358490566 0.02937500000000004 0.13682100000000005
0 0.89625 0.8639638553459119 0.03187499999999999 0.24346100000000004
0 0.9008203125 0.7288890817610063 0.026874999999999982 0.12877299999999992
0 0.9157421875 0.515103465408805 0.02312499999999995 0.10663999999999998
0 0.92828125 0.8706258930817611 0.040000000000000036 0.22333999999999993
0 0.93859375 0.8080120503144652 0.024375000000000036 0.30985899999999994
0 0.9427734375 0.5993696226415094 0.02937500000000004 0.19114700000000004
0 0.959765625 0.6689257421383649 0.02124999999999999 0.29778599999999994
