0 0.79 0.38599259590043916 0.06374999999999997 0.2664170000000001
0 0.052851562500000004 0.3489074055636896 0.06624999999999999 0.21576000000000004
0 0.14460937499999998 0.3546065036603221 0.07437500000000001 0.19605999999999998
0 0.2502734375 0.396584270863836 0.06062500000000001 0.30393999999999993
0 0.295 0.41355759004392384 0.06437500000000002 0.355534
0 0.3431640625 0.4158272401171303 0.050000000000000044 0.27955
0 0.39359375 0.40919114202049783 0.05499999999999999 0.300187
0 0.575 0.40919114202049783 0.28187500000000004 0.300187
0 0.96125 0.3491436383601757 0.06437499999999996 0.106004
0 0.9851953125 0.36204912298682285 0.026874999999999982 0.09662299999999999
