0 0.8209765625 0.4468229166666666 0.09687500000000004 0.40583300000000005
0 0.14203125 0.46838508333333334 0.070625 0.3166669999999999
0 0.1976171875 0.46125 0.05437499999999998 0.31416700000000003
0 0.25101562499999996 0.47411491666666666 0.08375000000000002 0.31000000000000005
0 0.319453125 0.4653645833333333 0.06687500000000002 0.330833
0 0.3690625 0.46354200000000007 0.07999999999999996 0.34416599999999997
0 0.4343359375 0.45942675 0.07624999999999998 0.369167
0 0.4916015625 0.4692708333333333 0.06562500000000004 0.340833
0 0.548203125 0.46005241666666663 0.06687500000000002 0.35916599999999993
0 0.6180078125 0.446667 0.07374999999999998 0.376666
0 0.677109375 0.4581774166666666 0.07499999999999996 0.3891660000000001
0 0.7433203125 0.4721350833333333 0.05812499999999998 0.378334
