0 0.5008203125 0.5972313030746706 0.995625 0.8030019999999999
0 0.5571875 0.1549865768667643 0.016250000000000098 0.06097500000000001
0 0.576640625 0.15052409224011715 0.020625000000000004 0.07316999999999999
0 0.6482421875 0.13555825183016107 0.023125000000000062 0.09943700000000001
0 0.671796875 0.18271670571010248 0.028125000000000067 0.06379000000000001
0 0.7152734375 0.23119909224011714 0.02937499999999993 0.07317099999999997
0 0.8451953125 0.22351073645680816 0.026874999999999982 0.086304
0 0.88390625 0.2155938653001464 0.040000000000000036 0.09005600000000001
0 0.881796875 0.17040744802342606 0.028124999999999956 0.057223000000000024
0 0.93015625 0.10478560761346997 0.04062500000000002 0.082551
0 0.97078125 0.0974649633967789 0.039999999999999925 0.06941799999999998
