0 0.01171303074670571 0.98609375 0.023452 0.025000000000000022
0 0.020497803806734993 0.974453125 0.043152 0.036250000000000004
0 0.05124450951683748 0.50625 0.105066 0.12624999999999997
0 0.10248901903367497 0.8602734375 0.205441 0.18625000000000003
0 0.16105417276720352 0.70640625 0.322702 0.22750000000000004
0 0.04992057686676427 0.9803515625 0.06097600000000001 0.034375000000000044
0 0.08721606149341142 0.9762109375 0.04690399999999999 0.04562500000000003
0 0.10785406149341141 0.9585546875 0.04877999999999998 0.03750000000000009
0 0.10803741727672035 0.98609375 0.03377200000000001 0.025000000000000022
0 0.22812292093704245 0.50234375 0.227955 0.14875000000000005
0 0.1448509326500732 0.9712890625 0.045966999999999994 0.04937499999999995
0 0.18155019033674963 0.956484375 0.050657 0.04437499999999994
0 0.18477706149341142 0.924296875 0.04878000000000002 0.02749999999999997
0 0.19802431918008784 0.9703125 0.054409000000000006 0.04749999999999999
0 0.2480409326500732 0.970390625 0.04596599999999996 0.05125000000000002
0 0.2499169326500732 0.923203125 0.04408999999999997 0.036250000000000004
0 0.251266803806735 0.9398828125 0.04315200000000003 0.04249999999999998
0 0.30016106149341143 0.983125 0.048781000000000026 0.03187499999999999
0 0.3062019326500732 0.9566015625 0.04409000000000001 0.034375000000000044
0 0.3076660614934114 0.919296875 0.048781000000000026 0.02749999999999997
0 0.3087884172767204 0.9340234375 0.032832999999999994 0.030624999999999902
0 0.5097859399707174 0.7285546875 0.43152 0.1625000000000001
0 0.3134784172767204 0.9692578125 0.03377099999999997 0.04249999999999998
0 0.3621633806734993 0.7948046875 0.100375 0.06999999999999995
0 0.3369314172767203 0.9833984375 0.032832999999999994 0.030625000000000013
0 0.3547985768667643 0.9518359375 0.05909899999999997 0.04625000000000001
0 0.378662448023426 0.9773828125 0.05722399999999999 0.04249999999999998
0 0.3845189633967789 0.9201953125 0.06754199999999998 0.05812499999999998
0 0.399160251830161 0.4465625 0.09756099999999995 0.04812500000000003
0 0.42092060761347005 0.8026171875 0.08442799999999995 0.08562499999999995
0 0.4167125768667643 0.947734375 0.05909900000000001 0.04437499999999994
0 0.43190593265007315 0.9734375 0.04409000000000001 0.048125000000000084
0 0.44510903074670577 0.9851953125 0.02532799999999996 0.026874999999999982
0 0.47915170571010246 0.947734375 0.061914 0.04437499999999994
0 0.49532722108345534 0.91921875 0.07504699999999996 0.05500000000000005
0 0.482035803806735 0.97328125 0.04315199999999995 0.03937500000000005
0 0.5146854480234261 0.9822265625 0.05628499999999992 0.03375000000000006
0 0.5531464480234262 0.441640625 0.056285 0.05125000000000002
0 0.5560747057101025 0.8340625 0.061914 0.07999999999999996
0 0.5501049326500732 0.9684765625 0.04596599999999996 0.03437499999999993
0 0.5544973191800878 0.9417578125 0.05347000000000002 0.04249999999999998
0 0.5528046749633968 0.800078125 0.04033800000000002 0.036250000000000004
0 0.5706286749633968 0.9803515625 0.04033700000000005 0.034375000000000044
0 0.5827535768667643 0.9190625 0.059098999999999846 0.04749999999999999
0 0.6002348038067349 0.9912109375 0.043152000000000114 0.015000000000000013
0 0.6063899326500731 0.9440234375 0.04596600000000004 0.02937500000000004
0 0.6181029633967788 0.9833984375 0.06941800000000005 0.030625000000000013
0 0.6090896749633968 0.9616796875 0.040337999999999936 0.03749999999999998
0 0.7295601112737921 0.504140625 0.2776739999999999 0.17625000000000002
0 0.677386319180088 0.9447265625 0.05440899999999988 0.03375000000000006
0 0.6772720614934115 0.9636328125 0.048781000000000026 0.04125000000000001
0 0.6891694480234261 0.978203125 0.056285 0.03562500000000002
0 0.6848471595900439 0.9221484375 0.028141999999999973 0.030625000000000013
0 0.7098775461200586 0.806640625 0.03564699999999992 0.05249999999999999
0 0.7201965461200586 0.9894140625 0.03564699999999992 0.018750000000000044
0 0.7304454480234261 0.955546875 0.056285 0.05999999999999994
0 0.7541950614934114 0.92328125 0.04878099999999994 0.03937499999999994
0 0.8672315959004392 0.703671875 0.2636019999999999 0.18437500000000007
0 0.8685814670571009 0.858203125 0.26078799999999996 0.1925
0 0.7792254480234262 0.9653125 0.05628499999999992 0.04749999999999999
0 0.7913061903367496 0.941953125 0.05159499999999995 0.036250000000000004
0 0.8104099633967788 0.9773828125 0.06941900000000002 0.04249999999999998
0 0.8372731903367496 0.9291015625 0.05159399999999999 0.034375000000000044
0 0.8371589326500731 0.9655078125 0.04409000000000001 0.04250000000000009
0 0.8488278038067351 0.945 0.04315199999999995 0.03125
0 0.9132494729136165 0.5082421875 0.17073199999999986 0.14687500000000003
0 0.8978363191800879 0.9693359375 0.054408999999999964 0.04625000000000001
0 0.9007645768667644 0.98734375 0.0590999999999999 0.02375000000000005
0 0.9066210922401172 0.9506640625 0.07223299999999987 0.04937499999999995
0 0.9656769326500731 0.983125 0.045966000000000125 0.03187499999999999
0 0.9684909326500731 0.969375 0.045966000000000125 0.03249999999999997
