0 0.0411328125 0.8305211666666666 0.0725 0.32
0 0.15964843750000002 0.825208 0.18562499999999998 0.345834
0 0.1105859375 0.7691145833333334 0.07625 0.14333300000000002
0 0.315234375 0.8477600833333333 0.16812499999999997 0.2858339999999999
0 0.4137890625 0.822708 0.17562499999999992 0.3449999999999999
0 0.4051953125 0.72432325 0.026249999999999996 0.07166600000000001
0 0.435078125 0.740417 0.036250000000000004 0.06416600000000001
0 0.5391796875 0.7249996666666666 0.03874999999999995 0.08333400000000009
0 0.58546875 0.72130175 0.024375000000000036 0.08666699999999998
0 0.6364453125 0.7732294999999999 0.026249999999999996 0.20333300000000007
0 0.6730078125 0.8235940833333334 0.07250000000000001 0.28583299999999995
0 0.7396484375 0.7665100833333334 0.06062500000000004 0.2225
0 0.7945703125 0.786667 0.05687500000000001 0.2508329999999999
0 0.8396875 0.7687500000000002 0.046875 0.1875
0 0.8591015625 0.7650520833333334 0.03437499999999993 0.1908329999999999
0 0.9740625 0.7848954999999999 0.04874999999999996 0.20500000000000007
