0 0.948515625 0.49427748609077604 0.08250000000000002 0.467666
0 0.0419921875 0.5544112108345535 0.084375 0.7347699999999999
0 0.1388671875 0.42857298243045383 0.053750000000000006 0.27272700000000005
0 0.2020703125 0.38628960175695465 0.02562500000000001 0.17338399999999998
0 0.2217578125 0.3986460190336749 0.041874999999999996 0.20618599999999998
0 0.326328125 0.41100343631039526 0.03687499999999999 0.239925
0 0.36 0.3687200556368961 0.03187499999999999 0.13870699999999997
0 0.378125 0.46173757101024887 0.06437500000000002 0.15182699999999996
0 0.3849609375 0.4727461171303075 0.07687500000000003 0.18650399999999998
0 0.3889453125 0.3415449941434846 0.026875000000000038 0.09278400000000002
0 0.40765625 0.3794399267935578 0.03937499999999999 0.13589500000000007
0 0.4328125 0.3793877057101025 0.01687500000000003 0.06279300000000008
0 0.4513671875 0.3814912825768667 0.05375000000000002 0.12277399999999998
0 0.502890625 0.3819011537335285 0.05250000000000005 0.11902599999999997
0 0.500390625 0.3925648653001464 0.020625000000000004 0.08997200000000004
0 0.57984375 0.4528916998535871 0.08687500000000004 0.15370199999999995
0 0.593515625 0.3373299633967789 0.020625000000000004 0.069353
0 0.6091796875 0.3847131537335286 0.038125000000000075 0.11902499999999999
0 0.613046875 0.33323119033674964 0.028124999999999956 0.05154700000000001
0 0.670546875 0.5515755592972181 0.09062500000000007 0.3327089999999999
0 0.6832421875 0.3590022210834553 0.023125000000000062 0.07497700000000002
0 0.7147265625 0.39162392679355784 0.034375000000000044 0.13495699999999997
0 0.751171875 0.39982147291361647 0.028749999999999942 0.17244599999999996
0 0.7803125 0.41212173060029283 0.04749999999999999 0.17713200000000004
0 0.82515625 0.42378254026354323 0.039999999999999925 0.12652299999999997
0 0.837421875 0.4231391537335286 0.028125000000000067 0.11902499999999999
0 0.8576171875 0.42126415373352855 0.02312499999999995 0.11715100000000002
0 0.8764453125 0.433564411420205 0.057499999999999996 0.12558600000000003
0 0.9954296875 0.42132425183016103 0.0068749999999999645 0.09840699999999993
