0 0.25882812499999996 0.5219348823529412 0.099 0.432229
0 0.0616640625 0.5791461764705882 0.11299999999999999 0.30722900000000003
0 0.12989843750000002 0.5632175882352941 0.09199999999999998 0.254518
0 0.1961796875 0.5709954705882352 0.069 0.23494000000000004
0 0.2294375 0.5529234705882353 0.047000000000000014 0.23494000000000004
0 0.32615625 0.5634654705882353 0.07200000000000001 0.233434
0 0.415109375 0.5484054705882352 0.07600000000000001 0.23494000000000004
0 0.466296875 0.5335579411764706 0.059 0.21536100000000005
0 0.5164375 0.5320873529411765 0.04800000000000004 0.21234899999999998
0 0.591828125 0.5203580588235294 0.09899999999999998 0.436747
0 0.6334375 0.5040399411764706 0.04700000000000004 0.16716799999999998
0 0.6942265625 0.4333277647058823 0.06499999999999995 0.16114399999999995
0 0.7332265625 0.4520725882352941 0.06500000000000006 0.105422
0 0.800484375 0.4520725882352941 0.04299999999999993 0.105422
0 0.831203125 0.4490605882352941 0.06699999999999995 0.10391600000000005
0 0.9309921875 0.4459423529411765 0.08499999999999996 0.11445799999999998
