0 0.60796875 0.10927116666666666 0.055625000000000036 0.13083299999999998
0 0.2662109375 0.2934899166666667 0.04500000000000001 0.029166000000000025
0 0.2886328125 0.061197916666666664 0.04125000000000001 0.1225
0 0.4400390625 0.4398961666666667 0.018125000000000002 0.03833300000000003
0 0.450859375 0.4432291666666666 0.011874999999999969 0.036667000000000005
0 0.5003515625 0.582083 0.03500000000000003 0.0625
0 0.4949609375 0.7252086666666666 0.015000000000000069 0.053333
0 0.503046875 0.43401074999999995 0.028124999999999956 0.055000000000000014
0 0.5751171875 0.7409899166666666 0.023125000000000062 0.029166000000000025
0 0.5998828125 0.5958333333333333 0.04125000000000001 0.041666999999999975
0 0.5989453125 0.7395312500000001 0.026874999999999982 0.03916699999999995
0 0.60171875 0.4551559166666666 0.024375000000000036 0.030834000000000028
0 0.6220703125 0.4523961666666667 0.026874999999999982 0.03749999999999994
0 0.686640625 0.182292 0.05125000000000002 0.03166600000000001
0 0.80546875 0.7508333333333334 0.025000000000000022 0.041667000000000044
0 0.80984375 0.45406216666666666 0.024375000000000036 0.03750000000000001
0 0.811640625 0.6018229166666668 0.020625000000000004 0.03083299999999996
0 0.8303125 0.18526008333333333 0.04812499999999997 0.03500000000000003
0 0.816484375 0.32359408333333334 0.013124999999999942 0.034165999999999995
0 0.8282421875 0.4621878333333333 0.02312499999999995 0.02750000000000008
0 0.8312890625 0.758125 0.018124999999999947 0.03250000000000005
0 0.832265625 0.6034899166666666 0.020625000000000004 0.029166000000000025
0 0.8344921875 0.3209899166666667 0.023125000000000062 0.029165999999999952
0 0.8387890625 0.5958333333333333 0.01937500000000003 0.043333000000000066
0 0.9073828125 0.7417190833333334 0.04125000000000001 0.06583300000000003
0 0.915078125 0.30744791666666665 0.036250000000000004 0.06166699999999999
0 0.9903125 0.7241149166666666 0.016874999999999973 0.0600000000000002
