0 0.0262890625 0.5654557057101025 0.049999999999999996 0.06378999999999994
0 0.047265625 0.7246156573938506 0.08312499999999999 0.31332100000000007
0 0.0676953125 0.5602395768667643 0.026875000000000003 0.05909900000000001
0 0.0839453125 0.58133360761347 0.02562500000000001 0.08442699999999997
0 0.144140625 0.5711288653001465 0.05125000000000002 0.09005599999999989
0 0.136875 0.5627559633967789 0.033125000000000016 0.06941799999999997
0 0.1858984375 0.533447448023426 0.030624999999999986 0.05816100000000004
0 0.260625 0.5859976691068814 0.09562500000000002 0.13039399999999998
0 0.303203125 0.5633953499267936 0.03562499999999996 0.07879999999999993
0 0.42125 0.5666663806734992 0.03187499999999999 0.100375
0 0.45453125 0.568016251830161 0.03999999999999998 0.09756099999999991
0 0.5497265625 0.6012351844802343 0.06500000000000006 0.1425889999999999
0 0.615859375 0.6087401844802343 0.04312499999999997 0.142589
0 0.67109375 0.5546105768667643 0.024374999999999925 0.0590999999999999
0 0.7175 0.5386990190336749 0.03312499999999996 0.206379
0 0.7542578125 0.540391663250366 0.04249999999999998 0.22138800000000003
0 0.7891015625 0.5300025651537335 0.034375000000000044 0.24014999999999997
0 0.80609375 0.5293362401171303 0.05499999999999994 0.27861199999999997
0 0.86359375 0.5358590805270863 0.05499999999999994 0.25328300000000004
0 0.899921875 0.5525165651537335 0.05937500000000007 0.24108799999999997
