0 0.74375 0.35179150366032214 0.06374999999999997 0.19605999999999993
0 0.0068359375 0.6439570922401171 0.01375 0.07317100000000001
0 0.0341796875 0.3691949150805271 0.07 0.317074
0 0.278984375 0.32013373645680815 0.19937499999999997 0.08536500000000004
0 0.41796875 0.32264912298682286 0.023749999999999993 0.09662299999999995
0 0.4686328125 0.3328980248901904 0.04125000000000001 0.11538499999999995
0 0.50125 0.3324861537335286 0.03187499999999999 0.11726099999999993
0 0.528828125 0.3327146691068814 0.03562500000000002 0.12945600000000002
0 0.7001171875 0.36112934407027814 0.022500000000000075 0.16979300000000003
0 0.7237890625 0.32685815373352856 0.018750000000000044 0.11725999999999998
0 0.80453125 0.3691594729136164 0.039999999999999925 0.17073200000000002
0 0.8555078125 0.3651088594436311 0.04125000000000001 0.18105099999999993
0 0.8931640625 0.3549041171303075 0.04999999999999993 0.18667899999999998
