0 0.35698881996086107 0.4028515625 0.4216790000000001 0.69125
0 0.027946313111545988 0.225859375 0.051379 0.044375
0 0.0683987866927593 0.249609375 0.05451099999999999 0.044375000000000026
0 0.14073673581213308 0.77609375 0.020676999999999987 0.024374999999999925
0 0.19887868101761252 0.6723046875 0.06140399999999999 0.06874999999999998
0 0.2078566829745597 0.88421875 0.02381 0.023749999999999938
0 0.3108882093933463 0.8488671875 0.022557000000000094 0.022499999999999964
0 0.3244756301369863 0.833046875 0.028821999999999976 0.028750000000000053
0 0.3501646301369863 0.8676953125 0.02756900000000001 0.02562500000000001
0 0.37980178669275927 0.921640625 0.05325900000000001 0.05125000000000002
0 0.7242854461839531 0.4177734375 0.524436 0.310625
0 0.6714994090019569 0.0380859375 0.22994900000000001 0.07625
0 0.7193839412915851 0.1426953125 0.11654200000000008 0.11937500000000001
0 0.8348095616438356 0.3119921875 0.32894700000000004 0.21062500000000003
0 0.9417464168297456 0.0625 0.08208 0.125625
