0 0.005859375 0.42625 0.013125 0.0625
0 0.0107421875 0.7351044999999999 0.0225 0.048333000000000105
0 0.01171875 0.7778128333333334 0.02375 0.05833299999999989
0 0.080546875 0.4216149166666667 0.12124999999999998 0.05999999999999998
0 0.045390625 0.9887496666666666 0.020625000000000004 0.020834000000000092
0 0.0733984375 0.9610934166666666 0.029375 0.07583400000000011
0 0.0979296875 0.7183850833333333 0.037500000000000006 0.06750000000000005
0 0.143046875 0.8709378333333334 0.028749999999999998 0.09000000000000001
0 0.1393359375 0.5865621666666666 0.014999999999999986 0.038334000000000014
0 0.1473828125 0.59619825 0.010625000000000023 0.03999999999999989
0 0.1515625 0.5629166666666666 0.015625 0.022499999999999964
0 0.1658203125 0.8209378333333334 0.026874999999999982 0.08999999999999986
0 0.167890625 0.5690621666666668 0.020625000000000004 0.038333999999999945
0 0.1688671875 0.5934375 0.023125000000000007 0.048333000000000036
0 0.1708203125 0.7591149166666668 0.02562500000000001 0.06166599999999992
0 0.180546875 0.7293232499999999 0.028749999999999998 0.07250000000000008
0 0.19296875 0.81463575 0.024375000000000008 0.08666599999999998
0 0.20734375 0.6035934166666667 0.024375000000000008 0.07749999999999997
0 0.2087109375 0.4072395833333333 0.014374999999999999 0.04999999999999997
0 0.2175390625 0.5490621666666667 0.019375000000000003 0.036667000000000005
0 0.2180859375 0.3426045 0.013750000000000012 0.048333000000000036
0 0.2278125 0.7364065833333333 0.016875 0.05166599999999999
0 0.2337890625 0.5546871666666666 0.019375000000000003 0.06833400000000005
0 0.2362109375 0.38494791666666667 0.015000000000000013 0.06166700000000006
0 0.2401171875 0.7397913333333334 0.023125000000000007 0.07416699999999994
0 0.2487109375 0.38104166666666667 0.014374999999999971 0.053333
0 0.2545703125 0.4613541666666667 0.026249999999999996 0.06999999999999999
0 0.288203125 0.4100520833333334 0.06812499999999999 0.06749999999999996
0 0.2662890625 0.7570836666666666 0.018125000000000002 0.021666000000000036
0 0.2787109375 0.7416145833333334 0.01375000000000004 0.019166999999999934
0 0.284140625 0.7746878333333332 0.020625000000000004 0.027500000000000007
0 0.28578125 0.3271354166666667 0.009375000000000022 0.04499999999999993
0 0.2899609375 0.7237496666666666 0.014374999999999971 0.020833999999999946
0 0.2919140625 0.4613541666666667 0.018125000000000002 0.06916700000000005
0 0.2919140625 0.7488538333333333 0.019374999999999976 0.027500000000000007
0 0.2940625 0.43015591666666664 0.016249999999999987 0.029167000000000016
0 0.3075390625 0.7351559166666667 0.018125000000000002 0.029167000000000016
0 0.308359375 0.3265621666666667 0.011875000000000024 0.038333999999999945
0 0.317890625 0.7611455 0.020625000000000004 0.016666999999999987
0 0.3623828125 0.7254684166666667 0.073125 0.04499999999999993
0 0.34953125 0.76869825 0.03999999999999998 0.03916599999999996
0 0.3405859375 0.3830725833333333 0.014375000000000027 0.051666999999999984
0 0.34265625 0.3046878333333333 0.00874999999999998 0.02749999999999997
0 0.3538671875 0.8915100833333334 0.023125000000000007 0.0966669999999999
0 0.3536328125 0.30505175 0.010624999999999996 0.02416700000000001
0 0.3631640625 0.5388541666666667 0.018125000000000002 0.06833299999999998
0 0.3637109375 0.3814065833333333 0.014375000000000027 0.04999999999999997
0 0.3909375 0.40369825 0.048750000000000016 0.039166000000000034
0 0.378515625 0.679792 0.020625000000000004 0.03166600000000012
0 0.3794921875 0.8505725833333333 0.021874999999999978 0.04999999999999997
0 0.3794921875 0.9481770833333334 0.02312499999999995 0.09833299999999993
0 0.38046875 0.7755725833333332 0.02437499999999998 0.051666999999999984
0 0.3896875 0.8651045 0.01749999999999996 0.04833299999999996
0 0.3911328125 0.3260940833333334 0.010624999999999996 0.03583299999999993
0 0.4047265625 0.95546875 0.03375 0.08666700000000012
0 0.395234375 0.3669270833333333 0.013124999999999998 0.03583300000000008
0 0.4034375 0.6906250000000002 0.016874999999999973 0.0324999999999999
0 0.40859375 0.7575517499999999 0.024375000000000036 0.025834000000000135
0 0.4086328125 0.33874966666666667 0.010000000000000009 0.022500000000000037
0 0.4115625 0.3884375 0.016249999999999987 0.048333000000000036
0 0.4214453125 0.8552600833333334 0.02562500000000001 0.03583400000000007
0 0.4233984375 0.8883336666666666 0.029374999999999984 0.08583300000000005
0 0.4161328125 0.3351045000000001 0.010624999999999996 0.04749999999999999
0 0.4212890625 0.82588575 0.018125000000000002 0.025832999999999995
0 0.4335546875 0.3051559166666667 0.03875000000000001 0.02916699999999998
0 0.4278125 0.69286425 0.01687500000000003 0.0391670000000001
0 0.4280078125 0.3352600833333333 0.011250000000000038 0.03416699999999998
0 0.4444140625 0.38187466666666664 0.01937500000000003 0.05333399999999999
0 0.4600390625 0.7559899166666666 0.018125000000000002 0.0300000000000001
0 0.4598828125 0.37760450000000007 0.010624999999999996 0.04833299999999996
0 0.4719140625 0.7151559166666667 0.018125000000000002 0.030834000000000028
0 0.5169140625 0.39541699999999996 0.018124999999999947 0.0625
0 0.5181640625 0.7257291666666666 0.018124999999999947 0.038332999999999874
0 0.5328125 0.7079166666666667 0.016874999999999973 0.022499999999999964
0 0.5324609375 0.16026008333333333 0.014375000000000027 0.03500000000000001
0 0.532109375 0.3911458333333333 0.011874999999999969 0.059167000000000046
0 0.534609375 0.7301559166666668 0.011874999999999969 0.029999999999999805
0 0.5628125 0.3820836666666667 0.04749999999999999 0.14833299999999996
0 0.55609375 0.5349479166666667 0.024374999999999925 0.05999999999999991
0 0.5750390625 0.5327086666666666 0.018124999999999947 0.053333000000000075
0 0.6370703125 0.7648955000000001 0.026874999999999982 0.07916699999999999
0 0.675 0.68125 0.03312499999999996 0.06333299999999993
0 0.8000390625 0.5985416666666666 0.01937500000000003 0.054167
0 0.807265625 0.6848437500000001 0.020625000000000004 0.0566670000000001
0 0.8209375 0.6010416666666666 0.016874999999999973 0.053333000000000075
0 0.8393359375 0.697083 0.014375000000000027 0.06416700000000002
0 0.9040234375 0.5434371666666666 0.12312499999999993 0.13083400000000003
0 0.8727734375 0.9715107499999999 0.030000000000000027 0.05500000000000016
0 0.8780859375 0.34026008333333335 0.014375000000000027 0.03583400000000003
0 0.891484375 0.33171875 0.012499999999999956 0.024166999999999977
0 0.8942578125 0.3529166666666667 0.010000000000000009 0.023332999999999975
0 0.9001171875 0.8083336666666666 0.021874999999999978 0.08416600000000003
0 0.9005078125 0.355625 0.010624999999999996 0.03333299999999998
0 0.9150390625 0.3859899166666667 0.018124999999999947 0.029165999999999952
0 0.914609375 0.35552083333333334 0.012500000000000067 0.02749999999999993
0 0.9415234375 0.38098925 0.030625000000000013 0.07250000000000001
0 0.9490234375 0.328125 0.030000000000000027 0.03333299999999998
0 0.9584765625 0.9870836666666666 0.03374999999999995 0.022500000000000114
0 0.9644921875 0.57036425 0.021874999999999978 0.04083399999999996
0 0.9712890625 0.5876045 0.018124999999999947 0.048333000000000036
0 0.9759375 0.6193746666666667 0.016874999999999973 0.05333399999999999
0 0.9869140625 0.80848925 0.018124999999999947 0.07249999999999994
