0 0.5755859375 0.5980725833333334 0.10812500000000003 0.42666699999999996
0 0.4990234375 0.1425 0.999375 0.25
0 0.0913671875 0.3950520833333333 0.05312499999999999 0.19166700000000003
0 0.18328125 0.340625 0.03999999999999998 0.15833299999999997
0 0.26871093749999997 0.29005241666666665 0.04500000000000001 0.10833299999999997
0 0.4459765625 0.27828125 0.03375 0.10333300000000001
0 0.4816796875 0.42223991666666666 0.06874999999999998 0.21666600000000005
0 0.561953125 0.3175 0.03624999999999989 0.12583299999999997
0 0.597265625 0.35619825 0.05125000000000002 0.16583300000000004
0 0.6355859375 0.3532291666666667 0.04625000000000001 0.161667
0 0.6613671875 0.30692674999999997 0.05437499999999995 0.11750000000000001
0 0.8854296875 0.73473925 0.1625000000000001 0.38333400000000006
0 0.8616796875 0.2998958333333333 0.03874999999999995 0.12000000000000004
0 0.927421875 0.4088541666666667 0.06000000000000005 0.19416699999999998
