0 0.0048828125 0.7552031595900439 0.01 0.029081000000000006
0 0.049609375 0.3949781595900439 0.013125000000000005 0.02720499999999997
0 0.06875 0.42636525183016105 0.03187500000000001 0.097561
0 0.07703125 0.4024831595900439 0.009375000000000008 0.029080000000000033
0 0.0916796875 0.39937054612005857 0.0062500000000000056 0.03658499999999998
0 0.1029296875 0.3970826749633968 0.006874999999999992 0.04033699999999997
0 0.1158203125 0.41986834992679356 0.02687500000000001 0.07879900000000004
0 0.1437890625 0.4150640922401172 0.019375000000000003 0.07317099999999993
0 0.1717578125 0.39099764421669103 0.01125000000000001 0.016886000000000012
0 0.202734375 0.4462226691068814 0.044375 0.13039399999999998
0 0.193359375 0.39269028843338216 0.012500000000000011 0.030956999999999957
0 0.2230078125 0.39937054612005857 0.009999999999999981 0.03658499999999998
0 0.2766796875 0.4431100556368961 0.03812500000000002 0.13977499999999993
0 0.2953125 0.4235771903367496 0.017500000000000016 0.05253199999999996
0 0.3199609375 0.40755909224011705 0.015000000000000013 0.07129500000000003
0 0.4173046875 0.48092395168374813 0.06937500000000002 0.250469
0 0.39671875 0.4006503191800879 0.023749999999999993 0.05347100000000003
0 0.4648828125 0.4117940614934114 0.010624999999999996 0.04971800000000003
0 0.4742578125 0.41865867496339676 0.011250000000000038 0.04033700000000005
0 0.4965625 0.41138219033674966 0.016249999999999987 0.05159399999999999
0 0.660859375 0.4096895461200586 0.013124999999999942 0.03658499999999998
0 0.7675390625 0.4245151903367496 0.01937499999999992 0.05159399999999999
0 0.7796875 0.429503803806735 0.016249999999999987 0.042213
0 0.822109375 0.4320191903367497 0.011874999999999969 0.052532999999999934
0 0.83484375 0.4338961903367496 0.024375000000000036 0.052532000000000044
0 0.9393359375 0.503148055636896 0.07687500000000003 0.13789899999999994
