0 0.11703125 0.6913718693098385 0.071875 0.17293200000000006
0 0.1930859375 0.7018265873715125 0.076875 0.2236839999999999
0 0.246015625 0.7206247268722468 0.05250000000000002 0.17763100000000004
0 0.296015625 0.6985371571218796 0.05249999999999999 0.20206799999999994
0 0.38375 0.6997118722466961 0.0625 0.2124059999999999
0 0.461015625 0.6936023024963289 0.05249999999999999 0.236842
0 0.535390625 0.711929872246696 0.05249999999999999 0.21334599999999987
0 0.617421875 0.7026487298091042 0.05999999999999994 0.21992499999999995
0 0.71546875 0.702942443465492 0.05500000000000005 0.209587
0 0.79984375 0.7077593010279002 0.05500000000000005 0.21522500000000006
0 0.89375 0.7069361585903083 0.0625 0.220865
