0 0.356953125 0.7307291666666668 0.03687499999999999 0.16249999999999995
0 0.4514453125 0.7302604166666667 0.05687500000000001 0.20083299999999996
0 0.500234375 0.7649482500000001 0.07499999999999996 0.22916599999999998
0 0.533671875 0.7448958333333334 0.028124999999999956 0.11999999999999995
0 0.58359375 0.8102086666666666 0.08750000000000002 0.30250000000000005
0 0.628203125 0.72223925 0.03687499999999999 0.134167
0 0.7023046875 0.7128125 0.03749999999999998 0.14250000000000007
0 0.755546875 0.7086461666666666 0.028750000000000053 0.10000000000000009
0 0.7769140625 0.71630175 0.01937500000000003 0.08750000000000006
0 0.818828125 0.7079163333333334 0.036250000000000004 0.10666699999999985
0 0.8627734375 0.70848925 0.02937499999999993 0.07083400000000006
0 0.8883984375 0.6912503333333334 0.030000000000000027 0.10666599999999986
