0 0.2248828125 0.5737760000000001 0.355 0.8502819999999999
0 0.37117187500000004 0.5270852352941177 0.40374999999999994 0.942561
0 0.4566015625 0.6189544705882353 0.128125 0.683616
0 0.53765625 0.589553294117647 0.164375 0.577213
0 0.5846484375000001 0.42795176470588236 0.18687499999999996 0.810735
0 0.7149609375 0.4806331176470588 0.13937500000000003 0.5225989999999999
0 0.729140625 0.20437005882352943 0.14625 0.338042
0 0.832890625 0.6162873529411764 0.3325 0.763653
0 0.89296875 0.36617647058823527 0.21125000000000005 0.733522
0 0.9119140625 0.40294117647058825 0.17437500000000006 0.806968
