0 0.040995607613469986 0.4640625 0.082552 0.07875000000000004
0 0.1069774421669107 0.2283984375 0.149156 0.12312499999999998
0 0.07783506149341142 0.2551953125 0.048780000000000004 0.08937499999999998
0 0.14251118448023425 0.8844921875 0.141651 0.17937499999999995
0 0.1930357057101025 0.6886328125 0.06379000000000001 0.073125
0 0.21060525183016107 0.2019140625 0.09756100000000002 0.081875
0 0.35111667496339677 0.445625 0.038460999999999974 0.03250000000000003
0 0.4062793191800879 0.471953125 0.054408999999999964 0.03562500000000002
0 0.4960377057101025 0.4553125 0.06379000000000003 0.04812499999999997
0 0.5139749633967788 0.8416796875 0.06941899999999994 0.06874999999999998
0 0.5451163191800878 0.8673046875 0.05347099999999999 0.06874999999999998
0 0.5686825768667643 0.260078125 0.05909900000000001 0.06687500000000002
0 0.6059780614934114 0.437734375 0.04690400000000002 0.04312499999999997
0 0.6842509326500732 0.4495703125 0.04596599999999996 0.02562500000000001
0 0.6991466749633968 0.471953125 0.038461000000000016 0.03562500000000002
0 0.7242903191800879 0.5637890625 0.054408999999999964 0.04999999999999993
0 0.7701430614934114 0.573515625 0.04690400000000002 0.05125000000000002
0 0.7876684480234262 0.5410546875 0.05628499999999992 0.03750000000000009
0 0.7819962884333822 0.255 0.0309559999999999 0.06437500000000002
0 0.8552728286969253 0.815390625 0.15666000000000002 0.14500000000000002
0 0.8188088038067349 0.258203125 0.04315199999999995 0.06687499999999999
0 0.8337487057101025 0.567578125 0.061913999999999914 0.06812499999999999
0 0.8392634480234261 0.4668359375 0.05628499999999992 0.07687499999999997
0 0.8513883499267936 0.6691796875 0.076923 0.06874999999999998
0 0.8834849267935578 0.7536328125 0.1360229999999999 0.104375
0 0.88058260761347 0.2561328125 0.08442800000000011 0.07375000000000001
0 0.9416287057101024 0.67375 0.06191300000000011 0.125
