0 0.4980859375 0.6667711666666666 0.10812499999999997 0.38083300000000003
0 0.0537109375 0.5631770833333333 0.108125 0.47166700000000006
0 0.15625 0.5795309166666667 0.126875 0.4991669999999999
0 0.2259375 0.08421875000000001 0.10999999999999999 0.15
0 0.426953125 0.454583 0.03562500000000002 0.0625
0 0.4784765625 0.049479166666666664 0.06624999999999998 0.10000000000000002
0 0.4716796875 0.3429170000000001 0.03875000000000001 0.06333299999999997
0 0.559375 0.045572916666666664 0.0631250000000001 0.09249999999999999
0 0.550703125 0.25223958333333335 0.036250000000000004 0.05166700000000002
0 0.6512109375 0.5647920000000001 0.10875000000000001 0.40666599999999997
0 0.636328125 0.041666666666666664 0.06687500000000002 0.085833
0 0.7564453125 0.2793746666666666 0.026874999999999982 0.05333400000000007
0 0.816640625 0.37484375 0.020625000000000004 0.055000000000000014
0 0.8476171875 0.46130241666666666 0.021874999999999978 0.04666600000000002
0 0.8657421875 0.6789586666666666 0.05437500000000006 0.11500000000000006
0 0.9329296875 0.6602086666666667 0.13187499999999996 0.6775000000000001
0 0.9157421875 0.53348925 0.05437499999999995 0.19583399999999998
