0 0.09617187499999999 0.4043763840245776 0.1225 0.574803
0 0.1882421875 0.31523779723502304 0.05437500000000001 0.369094
0 0.239375 0.28648383102918584 0.06312499999999999 0.309055
0 0.3651953125 0.22259411213517666 0.08812500000000001 0.161417
0 0.4294921875 0.5239406897081413 0.21000000000000002 0.9301179999999999
0 0.5586718749999999 0.44410497388632875 0.15250000000000002 0.5944879999999999
0 0.5417578125 0.40407564823348696 0.073125 0.45866100000000004
0 0.6340625 0.2648133732718894 0.078125 0.23326799999999998
0 0.8034375 0.6379900046082949 0.39125 0.720473
0 0.758984375 0.2939827834101382 0.07437499999999997 0.213583
0 0.7948828125 0.2978454715821813 0.04125000000000001 0.23622100000000001
0 0.965703125 0.5078041766513056 0.06687500000000002 0.2253940000000001
