0 0.0341796875 0.6317993206442167 0.069375 0.5328330000000001
0 0.139921875 0.49872973060029285 0.09 0.17636000000000004
0 0.207890625 0.5276618169838946 0.05125000000000002 0.33958699999999997
0 0.26449218750000003 0.5877006032210835 0.11624999999999999 0.6500940000000001
0 0.24421875 0.541005111273792 0.056249999999999994 0.27673600000000004
0 0.41 0.6594516339677892 0.251875 0.67636
0 0.465859375 0.6176495051244509 0.169375 0.670732
0 0.6146484375 0.5004136573938507 0.06187500000000001 0.311444
0 0.6798828125 0.5758802459736457 0.10499999999999998 0.188556
0 0.675390625 0.42726859590043925 0.08374999999999999 0.263602
0 0.840234375 0.6355608243045389 0.16937500000000005 0.7251409999999999
0 0.9159375 0.5374287496339678 0.07937500000000008 0.38086299999999995
0 0.9701953125 0.48189739385065883 0.057499999999999996 0.395873
