0 0.4960218125 0.5858981340206185 0.260151 0.826473
0 0.207309625 0.5542104444444444 0.333104 0.889427
0 0.7533105625 0.5503828705612829 0.409497 0.896691
0 0.65683325 0.050400916380297825 0.03922899999999996 0.102502
0 0.683543625 0.033218785796105384 0.02064699999999997 0.067797
0 0.745949875 0.053213064146620845 0.028217999999999965 0.087974
0 0.815759625 0.14432989690721648 0.11424599999999996 0.28975
0 0.8188011875 0.06643757159221077 0.11562300000000003 0.133172
0 0.7860248125 0.027335655211912942 0.011700000000000044 0.033092
0 0.9735771875 0.03488545819014891 0.023399999999999976 0.051655
0 0.99358325 0.04774678579610538 0.00963499999999995 0.067796
