0 0.114921875 0.75963575 0.028749999999999998 0.088333
0 0.1176171875 0.72625 0.021875000000000006 0.06333300000000008
0 0.18046875 0.7222913333333333 0.02437499999999998 0.0741670000000001
0 0.26675781249999997 0.79442675 0.07249999999999998 0.11750000000000001
0 0.5301953125 0.8070836666666666 0.05687500000000001 0.14666600000000005
0 0.6185546875 0.8000524166666666 0.03875000000000006 0.10833300000000001
0 0.710703125 0.8052086666666667 0.0675 0.17750000000000007
0 0.864765625 0.8396878333333334 0.051875000000000004 0.1525
0 0.8584765625 0.7288024166666668 0.03437499999999993 0.04666599999999995
0 0.88953125 0.7460934166666666 0.040000000000000036 0.07583399999999996
