0 0.3517314375 0.6719235497076024 0.09249999999999997 0.36329600000000006
0 0.1107939375 0.39444125146198833 0.046667000000000014 0.18976300000000001
0 0.201484375 0.36362429824561404 0.04416700000000001 0.17603
0 0.228984375 0.3704743333333333 0.044166999999999984 0.168539
0 0.263463875 0.7635852046783626 0.060000000000000026 0.19975000000000004
0 0.2666015625 0.37982136842105263 0.033333 0.15855200000000005
0 0.2809375 0.6541327719298246 0.048333000000000015 0.30961299999999997
0 0.30317675 0.49231208771929824 0.055833999999999995 0.228465
0 0.4057685625 0.3052764853801169 0.03416600000000003 0.131086
0 0.47098925 0.5883268888888888 0.07083399999999995 0.27840200000000004
0 0.538125 0.31486943859649125 0.032500000000000084 0.141074
0 0.581171875 0.28797854385964916 0.02749999999999997 0.11485699999999999
0 0.67869825 0.3144753918128655 0.040000000000000036 0.154806
0 0.718463875 0.4193443918128654 0.05916600000000005 0.154806
0 0.7546748125 0.44063325146198834 0.04249999999999998 0.18976300000000001
0 0.806458 0.3056376023391813 0.03249999999999997 0.10112399999999999
0 0.8277734375 0.445019216374269 0.060833000000000026 0.19725400000000007
0 0.838671875 0.30502956725146196 0.029167000000000054 0.11111100000000003
0 0.9049609375 0.34154634502923975 0.04583300000000001 0.16479400000000002
0 0.9521748125 0.3456863918128655 0.04166599999999998 0.154806
