0 0.7712890625 0.3669100029498525 0.11250000000000004 0.361662
0 0.111328125 0.7410561681415929 0.22375 0.514637
0 0.048320312500000004 0.2712028053097345 0.056874999999999995 0.24929199999999999
0 0.1115625 0.4741491858407079 0.17375 0.675165
0 0.1935546875 0.2547069351032448 0.03875000000000001 0.08404100000000002
0 0.29359375 0.3638351179941003 0.08750000000000002 0.395656
0 0.3670703125 0.5188938466076696 0.12 0.28800800000000004
0 0.36375 0.28873891150442477 0.06437499999999996 0.20490999999999998
0 0.4393359375 0.5187769941002951 0.13875000000000004 0.28234199999999987
0 0.4741796875 0.29051823893805306 0.03875000000000001 0.15108600000000003
0 0.5398828124999999 0.3884404542772861 0.10375000000000006 0.42398500000000006
0 0.6116015625 0.41618419174041293 0.09687500000000004 0.3928229999999999
0 0.8493359375 0.4315812330383481 0.10875000000000001 0.43153900000000006
0 0.9434375 0.45942446312684365 0.11062499999999997 0.5033049999999999
