0 0.0540234375 0.6023995646173149 0.031249999999999993 0.08192800000000004
0 0.1196484375 0.5850808594730239 0.029375 0.07951799999999996
0 0.1515625 0.5354333337515683 0.016250000000000014 0.06586400000000006
0 0.1687890625 0.5299107440401506 0.01874999999999999 0.07228899999999998
0 0.17453125 0.5070741668757842 0.008124999999999993 0.03453800000000002
0 0.17453125 0.5214801028858218 0.009374999999999994 0.051405
0 0.1868359375 0.5024019234629862 0.015000000000000013 0.061847999999999966
0 0.1987109375 0.5018508080301128 0.013750000000000012 0.053012000000000066
0 0.4148046875 0.3864823212045169 0.16375 0.11004000000000003
0 0.3487109375 0.4264008720200753 0.01375000000000004 0.03614499999999994
0 0.3699609375 0.9102246675031367 0.04562500000000003 0.13092400000000007
0 0.3748828125 0.40827916687578414 0.010624999999999996 0.03373500000000001
0 0.3992578125 0.4059695771643664 0.010625000000000051 0.037751000000000035
0 0.4361328125 0.7140465646173151 0.04124999999999995 0.08272999999999993
0 0.4254296875 0.4172666411543287 0.006250000000000033 0.022490000000000007
0 0.4316796875 0.3900570514429109 0.0068749999999999645 0.026505999999999964
0 0.46296875 0.8040481932245922 0.05499999999999999 0.145382
0 0.44515625 0.401753756587202 0.009375000000000022 0.028111999999999984
0 0.4740234375 0.5855846286072772 0.02937500000000004 0.064257
0 0.4752734375 0.6595269749058972 0.029374999999999984 0.08755099999999999
0 0.48796875 0.5552141028858218 0.02437499999999998 0.05060299999999996
0 0.496484375 0.44542598745294854 0.011874999999999969 0.04337400000000006
0 0.5068359375 0.410588756587202 0.015000000000000013 0.02891599999999997
0 0.5105859375 0.4083785771643664 0.015000000000000013 0.03855399999999998
0 0.51921875 0.6535536800501882 0.02375000000000005 0.08915599999999997
0 0.5491796875 0.4386913212045169 0.06937499999999996 0.11004000000000003
0 0.522109375 0.47077769259723967 0.013125000000000053 0.04658599999999996
0 0.5477734375 0.38682889836888334 0.06125000000000003 0.14779100000000003
0 0.529765625 0.588597808030113 0.02124999999999999 0.05301199999999993
0 0.5395703125 0.5173116286072773 0.026874999999999982 0.06345400000000007
0 0.53890625 0.45531687202007526 0.009375000000000022 0.03614500000000001
0 0.542109375 0.5609422308657465 0.011874999999999969 0.016867000000000056
0 0.546015625 0.5998901543287327 0.02124999999999999 0.07550199999999993
0 0.5453125 0.46480339774153073 0.016249999999999987 0.04979899999999998
0 0.5448828125 0.5958741543287327 0.010624999999999996 0.07630500000000008
0 0.5847265625 0.6866324366373902 0.03375000000000006 0.115662
0 0.6008203125 0.903095077791719 0.057499999999999996 0.13734999999999997
0 0.6160546875 0.7046547314930991 0.03874999999999995 0.11485899999999992
