0 0.03578125 0.6381289081419624 0.070625 0.10762000000000001
0 0.072421875 0.6884733841336117 0.12187500000000001 0.100936
0 0.13796875 0.6659473215031315 0.08687500000000001 0.128342
0 0.2134765625 0.6591345281837161 0.09625000000000003 0.138369
0 0.2040234375 0.6087725574112735 0.030625000000000013 0.06016099999999998
0 0.2319140625 0.6216283841336117 0.050625 0.10227299999999999
0 0.26984375 0.630528860125261 0.05562499999999998 0.095588
0 0.3084765625 0.63695627348643 0.06562499999999999 0.11497399999999998
0 0.33859375 0.6262257014613779 0.05624999999999997 0.09759300000000001
0 0.3861328125 0.6237987494780793 0.041874999999999996 0.10962500000000003
0 0.4108984375 0.5918510814196242 0.030000000000000027 0.06483999999999998
0 0.431796875 0.5779418747390397 0.02749999999999997 0.054812999999999994
0 0.46640625 0.6152365427974948 0.07062499999999994 0.09893099999999998
0 0.4625390625 0.6038109373695199 0.01874999999999999 0.027406000000000014
0 0.562734375 0.612105018789144 0.07499999999999996 0.09224599999999988
0 0.6226171875 0.632471254697286 0.022500000000000075 0.024064000000000006
0 0.64578125 0.6047164467640919 0.040000000000000036 0.07486600000000002
0 0.6862890625 0.6046703361169102 0.04937500000000006 0.088904
0 0.7147265625 0.6101000187891441 0.06562500000000004 0.09291499999999998
0 0.8016015625 0.6851574175365345 0.12812499999999993 0.152407
0 0.8105859375 0.5989013841336117 0.04625000000000001 0.100936
0 0.8580078125 0.6507271482254697 0.073125 0.169118
0 0.931640625 0.6667240375782881 0.083125 0.184492
0 0.9065234375 0.596236922755741 0.030625000000000013 0.06684500000000011
0 0.963125 0.6045876534446762 0.06437499999999996 0.0855620000000001
0 0.9496484375 0.5610299373695198 0.030624999999999902 0.027406000000000014
0 0.9864453125 0.5773199853862213 0.02562500000000001 0.04144300000000003
