0 0.029296875 0.13680333333333333 0.059914 0.04372600000000001
0 0.4130859375 0.029947916666666668 0.827389 0.060837
0 0.4970703125 0.4447725833333333 0.99572 0.612168
0 0.180921375 0.12599525 0.19971500000000003 0.039923999999999994
0 0.17142375 0.6379460833333334 0.05563499999999999 0.1292780000000001
0 0.1924383125 0.56747525 0.02567799999999998 0.07224399999999997
0 0.2187958125 0.6206285833333333 0.042796 0.1140679999999999
0 0.242970125 0.6217221666666667 0.037089999999999984 0.10076100000000003
0 0.269548 0.6071120833333333 0.03138399999999997 0.09886000000000002
0 0.3013814375 0.6204200833333333 0.02995700000000001 0.09695800000000003
0 0.3094143125 0.5196355 0.02567799999999998 0.04752800000000009
0 0.314670875 0.5842990833333334 0.02853 0.09885900000000003
0 0.356653375 0.137714 0.075606 0.062738
0 0.3336653125 0.5629946666666666 0.025678000000000034 0.11597000000000006
0 0.3643891875 0.41220575 0.08416499999999999 0.11977200000000006
0 0.36835175 0.5845065833333334 0.024251000000000023 0.1140689999999999
0 0.39328325 0.5082285000000001 0.039943000000000006 0.04752799999999994
0 0.395083 0.5723964166666667 0.03138399999999997 0.10836500000000004
0 0.4388555625 0.5261705 0.03423699999999996 0.11026600000000004
0 0.472642125 0.5234620833333333 0.035663999999999974 0.09695799999999995
0 0.4828485 0.4843209166666667 0.015691999999999984 0.060835999999999966
0 0.530450625 0.49804391666666664 0.019971000000000072 0.09315599999999995
0 0.5574779375 0.47030975 0.014265000000000083 0.05513299999999995
0 0.614989375 0.4734085833333333 0.012839000000000045 0.051331000000000016
0 0.6275313125 0.47002258333333335 0.027103999999999906 0.08174899999999992
0 0.647426625 0.46481425000000004 0.01997099999999996 0.07034199999999997
0 0.6697245 0.4699183333333334 0.01569100000000001 0.07414499999999997
0 0.6848126875 0.45530825 0.007132999999999945 0.07034199999999997
0 0.7086239375 0.6709692500000001 0.04564900000000005 0.13308
0 0.7695145 0.6881589166666666 0.048502000000000045 0.09125400000000017
0 0.9092581875 0.9281179166666668 0.11697500000000005 0.12357399999999992
0 0.93319275 0.5929976666666666 0.05563499999999999 0.08555099999999993
0 0.971402 0.574976 0.032811000000000035 0.06463899999999996
0 0.9762848125 0.9131960833333332 0.042796000000000056 0.09695800000000003
