0 0.3571875 0.5270723795620438 0.14187500000000003 0.71522
0 0.005859375 0.5862796204379562 0.013125 0.08776800000000001
0 0.0270703125 0.5796249124087591 0.025625000000000002 0.08216599999999998
0 0.0464453125 0.5850051605839416 0.025624999999999995 0.11857999999999994
0 0.1569921875 0.581187810218978 0.179375 0.04575200000000002
0 0.47765625 0.6444293357664234 0.07062500000000005 0.35387500000000005
0 0.539453125 0.6427320656934307 0.06687500000000002 0.34080300000000013
0 0.601875 0.6337365255474452 0.0625 0.3118580000000001
0 0.67625 0.6210196496350365 0.09375 0.329599
0 0.751875 0.649231708029197 0.09375 0.40803000000000006
0 0.797734375 0.5975876642335767 0.011874999999999969 0.04855199999999994
0 0.8140625 0.5961278102189781 0.015625 0.046684999999999977
0 0.8397265625 0.5961278102189781 0.034375000000000044 0.046684999999999977
