0 0.355390625 0.6193753333333333 0.114375 0.26083300000000004
0 0.1201171875 0.6820833333333334 0.241875 0.356667
0 0.287578125 0.5086458333333334 0.0675 0.18416699999999997
0 0.3179296875 0.5096878333333333 0.03749999999999998 0.15333300000000002
0 0.3852734375 0.4945309166666667 0.06062500000000004 0.24833399999999997
0 0.71625 0.6638545 0.5643750000000001 0.35999999999999993
0 0.525859375 0.6534899166666667 0.16812499999999997 0.27999999999999997
0 0.5022656249999999 0.4997399166666667 0.05124999999999996 0.21666600000000003
0 0.53484375 0.4648955000000001 0.024375000000000036 0.07916699999999999
0 0.729375 0.6659375 0.1875 0.2991670000000002
0 0.8965625 0.6746875 0.20437499999999997 0.361667
0 0.9701953125 0.48515591666666663 0.057499999999999996 0.15499999999999994
