0 0.7001953125 0.9052193440702782 0.05812499999999998 0.16791700000000004
0 0.5020703125 0.7718970863836017 0.994375 0.16135000000000005
0 0.0469140625 0.7397563499267935 0.018125000000000002 0.07692299999999992
0 0.0724609375 0.7368280922401171 0.013749999999999998 0.07129399999999993
0 0.0859375 0.74268460761347 0.015625 0.08442700000000006
0 0.1115625 0.8288214729136164 0.04875 0.17167000000000007
0 0.14140625 0.8277702152269398 0.04062500000000001 0.166041
0 0.190859375 0.7893341537335286 0.043125 0.11726099999999993
0 0.3059765625 0.8182307979502196 0.03375 0.13414699999999996
0 0.4244921875 0.7404658345534407 0.021874999999999978 0.06566599999999999
0 0.47546875 0.7552914787701317 0.02437499999999998 0.08067500000000007
0 0.5044140625 0.773457251830161 0.01937500000000003 0.097561
0 0.557265625 0.76426060761347 0.02124999999999999 0.08348899999999992
0 0.6059765625 0.8274274421669108 0.034375000000000044 0.1472799999999999
0 0.6353515625 0.8169951844802342 0.03500000000000003 0.14071300000000003
0 0.676328125 0.8079818960468521 0.0368750000000001 0.11163199999999995
0 0.7531640625 0.76426060761347 0.018124999999999947 0.08348899999999992
0 0.7740625 0.7465067057101024 0.016874999999999973 0.06191400000000008
0 0.818359375 0.7510834480234261 0.012499999999999956 0.05628499999999992
0 0.879765625 0.7695468345534408 0.020625000000000004 0.06566600000000007
0 0.9034375 0.7579912210834554 0.016874999999999973 0.07504699999999996
0 0.95875 0.7998375095168375 0.03187499999999999 0.10412700000000008
