0 0.8971484375 0.599256892804699 0.09312500000000001 0.5009399999999999
0 0.08351562500000001 0.5769378869309838 0.08312499999999998 0.41823299999999997
0 0.224609375 0.5376451615271659 0.07437500000000002 0.26221800000000006
0 0.2809375 0.04698972099853157 0.048750000000000016 0.09398499999999999
0 0.32359375 0.5322408766519824 0.08625 0.273496
0 0.304375 0.6160102922173275 0.033125000000000016 0.09304499999999995
0 0.3984765625 0.10431958149779735 0.09625 0.14285699999999998
0 0.4852734375 0.5038701600587372 0.18562499999999998 0.243421
0 0.4459375 0.02643171806167401 0.017500000000000016 0.05545100000000001
0 0.472421875 0.03524229074889868 0.02812500000000001 0.072368
0 0.4886328125 0.6819761483113068 0.041874999999999996 0.07706800000000004
0 0.5152734375 0.03671071953010279 0.02937500000000004 0.074248
0 0.57453125 0.10984072393538914 0.10249999999999992 0.136278
0 0.642421875 0.5284808766519824 0.09062499999999996 0.27349699999999993
0 0.6884375 0.048458149779735685 0.046875 0.097744
0 0.744609375 0.5353545903083701 0.07437499999999997 0.265977
