0 0.7544921875 0.5780905 0.20999999999999996 0.6411110000000001
0 0.2243876875 0.3535413333333333 0.28833400000000003 0.26111100000000004
0 0.196171875 0.7108678333333334 0.15250000000000002 0.5588889999999999
0 0.288776375 0.6713020833333333 0.200833 0.504444
0 0.4823310625 0.7196699166666667 0.23666599999999993 0.43666699999999997
0 0.805182625 0.03515625 0.0824999999999999 0.071111
0 0.84807325 0.71022525 0.13333300000000003 0.35222299999999995
0 0.8594658125 0.03125 0.07416699999999998 0.063333
0 0.89578125 0.757361 0.10166700000000006 0.3133330000000001
0 0.9193359375 0.7878121666666668 0.14 0.3499999999999999
