0 0.257671875 0.431814055636896 0.028666999999999998 0.13899999999999998
0 0.3487529375 0.6362781844802342 0.07733299999999999 0.142
0 0.342958 0.42520644216691067 0.03200000000000003 0.148
0 0.4358876875 0.42395754026354315 0.03866700000000001 0.12799999999999997
0 0.591578125 0.45299121522694 0.03600000000000003 0.16400000000000003
0 0.6300283125 0.6724978038067351 0.02733399999999997 0.0409999999999999
0 0.657390625 0.7052108345534408 0.052000000000000046 0.06599999999999988
0 0.655765625 0.6664978038067351 0.021332999999999935 0.042999999999999955
0 0.6666484375 0.6294260614934114 0.030000000000000027 0.04800000000000007
0 0.7163203125 0.7306032210834553 0.05666700000000002 0.07400000000000004
0 0.7080751875 0.6761054172767204 0.022666999999999993 0.0329999999999999
0 0.722526375 0.6379619326500732 0.012665999999999955 0.04400000000000003
0 0.7625078125 0.6239619326500732 0.04133299999999995 0.04400000000000003
0 0.785484375 0.7331390922401171 0.04466700000000001 0.07199999999999998
0 0.8071748125 0.6500673499267935 0.04133299999999995 0.07899999999999999
0 0.806911125 0.7128521229868229 0.03600000000000003 0.094
0 0.98371875 0.629818448023426 0.02533300000000005 0.058000000000000045
