0 0.26558593750000004 0.6703296325036603 0.04500000000000001 0.19793600000000008
0 0.0771875 0.6471829633967789 0.015625 0.06941899999999986
0 0.2149609375 0.6726876017569546 0.044999999999999984 0.17354600000000003
0 0.301875 0.6380045402635431 0.033125000000000016 0.12851800000000005
0 0.353359375 0.6191552210834553 0.013124999999999998 0.075046
0 0.366484375 0.62167060761347 0.012500000000000011 0.08442799999999995
0 0.5530859375 0.610597963396779 0.015000000000000013 0.06754199999999994
0 0.559609375 0.6168221903367497 0.013125000000000053 0.05065699999999998
0 0.62984375 0.6312801229868228 0.024374999999999925 0.09474600000000011
0 0.664609375 0.6022250614934114 0.013125000000000053 0.04971900000000009
