0 0.3673828125 0.8668753333333333 0.604375 0.2625
0 0.15671875000000002 0.8874996666666667 0.118125 0.20916700000000002
0 0.32046875 0.42432325 0.02437499999999998 0.07250000000000001
0 0.341640625 0.4256253333333333 0.020625000000000004 0.07416600000000002
0 0.362265625 0.4269274166666666 0.020625000000000004 0.07583300000000004
0 0.67921875 0.42333333333333334 0.024375000000000036 0.041666999999999975
0 0.722109375 0.80046875 0.011874999999999969 0.08666699999999998
0 0.736640625 0.8103649166666668 0.020625000000000004 0.1224999999999999
0 0.7571484375 0.81942675 0.02937499999999993 0.11916700000000002
0 0.82765625 0.81723925 0.040000000000000036 0.13416700000000015
0 0.8794921875 0.8056774166666667 0.05437499999999995 0.13999999999999999
0 0.94125 0.8207288333333334 0.03125 0.12083399999999989
