0 0.37890625 0.5770941764705882 0.070625 0.257062
0 0.4055078125 0.2732384705882353 0.010624999999999996 0.032957000000000014
0 0.42984375 0.3888446470588235 0.05624999999999997 0.19114899999999993
0 0.4251953125 0.27034958823529415 0.026875000000000038 0.05367299999999994
0 0.4319921875 0.2856489411764706 0.023125000000000007 0.065913
0 0.4794140625 0.46858641176470595 0.04999999999999999 0.1986809999999999
0 0.49203125 0.33795594117647054 0.03999999999999998 0.115819
0 0.5148828125 0.42338841176470593 0.04125000000000001 0.199623
0 0.5497265625 0.5205554705882354 0.06562500000000004 0.18361500000000003
0 0.5362890625 0.29760429411764705 0.018125000000000058 0.02730700000000004
0 0.6033203125 0.30077782352941174 0.02562500000000001 0.04614000000000001
0 0.6180859375 0.29659941176470583 0.015000000000000013 0.04802200000000002
