0 0.0411328125 0.5660413333333333 0.010000000000000002 0.01250000000000003
0 0.0593359375 0.4906249999999999 0.014375000000000006 0.03250000000000005
0 0.1444140625 0.5929684166666668 0.018125000000000002 0.04666699999999994
0 0.1680859375 0.6509371666666667 0.046249999999999986 0.13083399999999998
0 0.1633984375 0.6102604166666666 0.029375000000000012 0.07583300000000004
0 0.15765625 0.5678125 0.008124999999999993 0.017499999999999922
0 0.19640625 0.68598925 0.07125000000000001 0.19583399999999992
0 0.3752734375 0.40786458333333336 0.030625000000000013 0.080833
0 0.59 0.6150003333333333 0.03125 0.04333299999999999
0 0.70015625 0.6194274166666668 0.039999999999999925 0.07583299999999989
