0 0.3263671875 0.603529716917923 0.05312500000000003 0.13806899999999997
0 0.3742185 0.7797953031825795 0.04843799999999998 0.18632699999999996
0 0.4630859375 0.42021775879396983 0.04531299999999999 0.140751
0 0.45078125 0.5830895075376885 0.007812999999999959 0.12332499999999999
0 0.4585935 0.5968295494137354 0.017188000000000037 0.12466399999999996
0 0.486327875 0.42659038190954773 0.02734399999999998 0.11260000000000002
0 0.4845700625 0.5837614237855946 0.01874999999999999 0.11528100000000004
0 0.5048830625 0.591464716917923 0.01953100000000002 0.13806999999999994
0 0.5291018125 0.5703647537688442 0.011718000000000006 0.061663000000000016
0 0.561719 0.6380541725293132 0.03125 0.09517400000000006
0 0.5818361875 0.6330262144053601 0.021874999999999978 0.09919599999999999
0 0.5914065 0.4617792562814071 0.017187000000000063 0.10187700000000001
0 0.6134768125 0.6360440887772194 0.041406000000000054 0.08847200000000002
0 0.6083979375 0.4641262144053601 0.014843999999999968 0.09785500000000004
0 0.6240239375 0.44770983752093807 0.015624000000000082 0.06836500000000001
0 0.63984425 0.4436795075376884 0.04062399999999999 0.12064300000000007
0 0.6439455625 0.6404001306532663 0.035155999999999965 0.09249399999999995
