0 0.0540234375 0.49825720874471086 0.0925 0.44083199999999995
0 0.14125 0.5109351396332863 0.12687500000000002 0.511292
0 0.208203125 0.5546029873060649 0.03562500000000002 0.13550100000000004
0 0.23703125 0.5548876755994359 0.040624999999999994 0.129178
0 0.258203125 0.5278046798307475 0.03687500000000002 0.08400999999999999
0 0.28265625 0.5415764287729196 0.03999999999999998 0.09394700000000002
0 0.31 0.5835729266572638 0.06437500000000002 0.11743499999999991
0 0.3178125 0.5262194287729196 0.046875 0.09485099999999996
0 0.3547265625 0.5719237968970381 0.06624999999999998 0.16892500000000002
0 0.35078125 0.49682199576868824 0.040000000000000036 0.0460700000000001
0 0.39703125 0.5523994245416078 0.04062500000000002 0.1391150000000001
0 0.3992578125 0.6164425543018336 0.04125000000000001 0.08852800000000005
0 0.438671875 0.6468239308885755 0.06 0.07226700000000008
0 0.4354296875 0.5100863074753174 0.03875000000000001 0.05420100000000003
0 0.4471484375 0.5342545585331453 0.029374999999999984 0.04245800000000004
0 0.470703125 0.6345404851904091 0.06687500000000002 0.15808399999999997
0 0.4752734375 0.5409411128349788 0.030625000000000013 0.130082
0 0.5006640625000001 0.5411798660084627 0.04999999999999999 0.097561
0 0.494765625 0.5070436840620592 0.020625000000000004 0.03703700000000007
0 0.5315234375 0.5520507968970381 0.02937500000000004 0.16802099999999992
0 0.5524609375 0.5554889830747531 0.04499999999999993 0.18157200000000004
0 0.5823828125 0.5896581734837799 0.04125000000000001 0.15176200000000004
0 0.6160546875 0.5135254936530325 0.03874999999999995 0.0686539999999999
0 0.6227734375 0.5993264894217207 0.030625000000000013 0.11472399999999999
0 0.637265625 0.4889766840620592 0.020000000000000018 0.03884399999999998
0 0.6512109375 0.5520977320169252 0.045624999999999916 0.19421799999999997
0 0.676796875 0.5365359873060649 0.028125000000000067 0.13730799999999996
0 0.7141796875 0.5870729746121297 0.06874999999999998 0.271003
0 0.750625 0.4884063074753174 0.03312499999999996 0.055103999999999924
0 0.760390625 0.6688814118476728 0.05249999999999999 0.27551899999999996
0 0.7748828125 0.5204028660084625 0.041874999999999996 0.09846400000000005
0 0.8008984375 0.5103549915373765 0.02937500000000004 0.09214100000000007
0 0.8092578125 0.6762373681241185 0.04250000000000009 0.07407400000000007
0 0.833671875 0.5416063596614951 0.06000000000000005 0.16621499999999997
0 0.8373828125 0.7074257968970381 0.04249999999999998 0.16711799999999996
0 0.8688671875 0.5996560352609308 0.08499999999999996 0.29178000000000004
0 0.9059375 0.5427790437235542 0.048125000000000084 0.20234799999999994
0 0.9485546875 0.7344149224259521 0.10062499999999996 0.1626009999999999
0 0.92984375 0.524838922425952 0.024375000000000036 0.16350499999999993
0 0.9599609375 0.710024922425952 0.07687500000000003 0.16169800000000004
0 0.9471484375 0.532287671368124 0.02937500000000004 0.17434500000000003
0 0.95578125 0.551432485190409 0.03937499999999994 0.15898800000000007
0 0.9840234375 0.5587533554301833 0.030000000000000027 0.21047900000000005
