0 0.0325699375 0.48143341176470594 0.045879 0.19906300000000002
0 0.0562413125 0.44292588235294117 0.025661000000000003 0.13231900000000002
0 0.0659339375 0.4354625294117647 0.013996999999999996 0.06791599999999993
0 0.1588670625 0.48870329411764707 0.018662000000000012 0.177986
0 0.1795004375 0.5200754117647058 0.029548999999999992 0.19789200000000007
0 0.1931540625 0.523888 0.049767000000000006 0.201405
0 0.20225 0.42413517647058824 0.031881999999999994 0.10655799999999996
0 0.2117440625 0.39679317647058826 0.019440000000000013 0.05854799999999998
0 0.2630125 0.5152842941176471 0.07853799999999997 0.277518
0 0.2541321875 0.40027882352941174 0.02332899999999999 0.046839000000000026
0 0.2798114375 0.3933085294117647 0.031104999999999994 0.07025699999999999
0 0.3347510625 0.5271047058823529 0.080094 0.324356
0 0.308347375 0.3698064705882353 0.01322000000000001 0.03512900000000004
0 0.317715875 0.4394128823529411 0.027993000000000046 0.13231899999999996
0 0.3229410625 0.37511700000000003 0.019440999999999986 0.05035099999999998
0 0.3626173125 0.40894052941176473 0.02566099999999999 0.118267
0 0.39118975 0.41896241176470594 0.024884000000000017 0.14988299999999993
0 0.427467375 0.5378602352941176 0.07542700000000002 0.291569
0 0.4170503125 0.42073258823529414 0.02566099999999999 0.153396
0 0.4479365 0.4003618823529412 0.017108000000000012 0.081967
0 0.4822975 0.5432254705882353 0.07853800000000005 0.3337239999999999
0 0.4679741875 0.39388035294117646 0.021772999999999987 0.06440200000000001
0 0.506041875 0.5446687058823529 0.090202 0.324356
0 0.4897471875 0.3719309411764706 0.02177299999999993 0.06674500000000003
0 0.5091689375 0.38453970588235287 0.01555200000000001 0.07611299999999997
0 0.537759625 0.38219770588235297 0.020994999999999986 0.07377099999999999
0 0.579118625 0.5569778823529412 0.082426 0.33138100000000004
0 0.5562595625 0.4095397058823529 0.03499200000000002 0.12412200000000005
0 0.573529625 0.4120708823529412 0.020994999999999986 0.08196799999999999
0 0.6129880625 0.4089131764705883 0.019440000000000013 0.10772799999999998
0 0.6558473125 0.5474447647058823 0.05754300000000001 0.2611240000000001
0 0.6351409375 0.40864094117647054 0.01555200000000001 0.11475400000000006
0 0.6499696875 0.4001443529411765 0.03732500000000005 0.11358300000000002
0 0.6877840625 0.5554789411764706 0.08009299999999997 0.31615999999999994
0 0.6812185 0.38895147058823526 0.017107000000000094 0.08313800000000005
0 0.7074944375 0.3910212352941177 0.03110400000000002 0.09367700000000002
0 0.8065231875 0.40894052941176473 0.146968 0.118267
0 0.9742489375 0.38538376470588237 0.04665700000000006 0.059718999999999973
