0 0.14921875 0.8995068873239437 0.02437499999999998 0.05073300000000003
0 0.1721875 0.920633647887324 0.016875 0.09244699999999995
0 0.2210546875 0.7966977042253521 0.006249999999999978 0.06989800000000002
0 0.243515625 0.8990124507042253 0.019999999999999962 0.05298800000000005
0 0.2503125 0.9667955774647888 0.01687500000000003 0.06200699999999996
0 0.270390625 0.871816323943662 0.020000000000000018 0.0484779999999999
0 0.3140625 0.899985338028169 0.016874999999999973 0.10371999999999999
0 0.3298046875 0.7931765774647888 0.0068749999999999645 0.060879
0 0.34359375 0.9722934507042252 0.024375000000000036 0.052988000000000146
0 0.340859375 0.7899337042253521 0.012499999999999956 0.06989800000000002
0 0.4475390625 0.7999405774647887 0.018750000000000044 0.06313400000000002
0 0.4943359375 0.9732823239436619 0.014999999999999958 0.048478000000000104
0 0.531328125 0.7946588873239436 0.0050000000000000044 0.05073300000000003
0 0.54265625 0.7906433239436619 0.008750000000000036 0.046224000000000064
0 0.5536328125 0.7813470704225353 0.011250000000000093 0.032694000000000036
0 0.5921875 0.9765251971830985 0.015625 0.04171400000000012
0 0.6036328125 0.7926821408450704 0.010000000000000009 0.06538900000000004
0 0.6186328125 0.7833848873239437 0.010624999999999996 0.05073300000000003
0 0.631640625 0.9836445070422535 0.020625000000000004 0.02931300000000012
0 0.63828125 0.7878948873239436 0.009375000000000022 0.05073300000000003
0 0.6498828125 0.7911377605633803 0.011249999999999982 0.04396900000000004
0 0.680234375 0.9808960704225351 0.012500000000000067 0.03382200000000008
0 0.712265625 0.929313323943662 0.020625000000000004 0.0484779999999999
0 0.7424609375 0.9078152676056337 0.014375000000000027 0.07102600000000006
0 0.7494140625 0.9722934507042252 0.018125000000000058 0.052988000000000146
0 0.7655859375 0.931568323943662 0.014374999999999916 0.0484779999999999
0 0.7838671875 0.9554445211267606 0.023125000000000062 0.08568199999999998
0 0.7863671875 0.7971921408450704 0.021874999999999978 0.06538900000000004
0 0.7823046875 0.8670290704225353 0.007499999999999951 0.034948999999999855
0 0.809765625 0.7989527042253521 0.020625000000000004 0.067643
0 0.8362109375 0.9087270845070422 0.015000000000000013 0.09019099999999995
0 0.846484375 0.9765251971830985 0.01187500000000008 0.04171400000000012
0 0.8566796875 0.7979638309859155 0.007499999999999951 0.07440800000000006
0 0.8665625 0.8009905211267606 0.015625 0.087937
0 0.865859375 0.9755363239436621 0.013125000000000053 0.04622399999999996
0 0.869609375 0.8931592676056339 0.013124999999999942 0.07215299999999994
0 0.8898046875 0.8114928309859155 0.007500000000000062 0.07666300000000008
0 0.8930078125 0.9635517042253521 0.010624999999999996 0.06877200000000001
0 0.913515625 0.9836445070422535 0.020624999999999893 0.02931300000000012
0 0.9136328125 0.8141031408450705 0.011250000000000093 0.06651600000000002
0 0.9312109375 0.9818839436619717 0.01375000000000004 0.0270580000000001
0 0.9544140625 0.8188903943661973 0.01937499999999992 0.08004500000000007
