0 0.5770703125 0.5153612767203514 0.05812500000000009 0.21106900000000006
0 0.139375 0.51820121522694 0.06375 0.166041
0 0.20828125 0.43334412298682284 0.04000000000000001 0.09474600000000002
0 0.2590234375 0.5234173440702782 0.06124999999999997 0.16979399999999994
0 0.25328125 0.4343522210834554 0.03937499999999999 0.075046
0 0.2898828125 0.42876738067349923 0.04125000000000001 0.10225100000000005
0 0.396015625 0.5196653440702782 0.05125000000000002 0.16979400000000003
0 0.4483984375 0.4186758960468522 0.030624999999999958 0.113509
0 0.656328125 0.4979933074670571 0.06812499999999999 0.23452199999999995
0 0.7080078125 0.4835535959004393 0.041874999999999996 0.26547899999999997
0 0.7312109375 0.4785659824304538 0.04625000000000001 0.27298300000000003
0 0.7873828125 0.4574450131771596 0.073125 0.29831199999999997
0 0.8239453125 0.3587089941434846 0.026874999999999982 0.09286999999999998
0 0.85546875 0.2554758345534407 0.024375000000000036 0.06566599999999999
0 0.9071484375 0.44823886530014634 0.030625000000000013 0.0881800000000001
0 0.9219921875 0.3133382210834554 0.02312499999999995 0.07504699999999996
0 0.9488671875 0.3202469941434846 0.023125000000000062 0.090995
0 0.9896875 0.24334993265007318 0.01749999999999996 0.045967000000000015
