0 0.312734375 0.9433854166666666 0.138125 0.10916700000000008
0 0.36640625 0.8793225833333334 0.101875 0.23833400000000005
0 0.497578125 0.8817184166666667 0.161875 0.233334
0 0.632890625 0.8605205000000001 0.1137499999999999 0.23583399999999996
0 0.6430859375 0.8901038333333333 0.07750000000000001 0.21583400000000008
0 0.7012109375 0.7588538333333332 0.04625000000000001 0.15333400000000008
0 0.7279296875 0.7441145833333334 0.03749999999999998 0.14333300000000002
0 0.768203125 0.7379690833333333 0.036250000000000004 0.12916599999999998
0 0.8224609375 0.7506767499999999 0.0462499999999999 0.18083400000000002
0 0.8687109375 0.701042 0.04562500000000003 0.09416599999999997
0 0.9271484375 0.7067708333333332 0.030625000000000013 0.08916700000000007
