0 0.6396875 0.5521137026239067 0.48499999999999993 0.856343
0 0.056640625 0.7504949591836734 0.115 0.492537
0 0.0830078125 0.8334495801749271 0.16625 0.32649200000000006
0 0.175625 0.6686879358600583 0.09375 0.34328400000000003
0 0.25210937499999997 0.822723387755102 0.13749999999999998 0.34888
0 0.254375 0.6209369504373178 0.095 0.30970100000000006
0 0.3604296875 0.7504949591836734 0.07 0.492537
0 0.4348046875 0.7383110408163266 0.16374999999999995 0.51306
0 0.524296875 0.6168519795918368 0.06000000000000005 0.24626900000000002
0 0.8575 0.7653604256559768 0.12624999999999997 0.46455199999999996
