0 0.5756348125 0.5779981674876847 0.822511 0.598253
0 0.212011625 0.7449975960591133 0.08225099999999999 0.25545799999999996
0 0.2586540625 0.7288079359605911 0.08008599999999999 0.23144100000000006
0 0.30355425 0.6852194975369458 0.07142899999999996 0.20960700000000004
0 0.360093375 0.6564628177339902 0.10606100000000002 0.257642
0 0.432156 0.6379310344827587 0.09523799999999999 0.277293
0 0.471117 0.6143935812807881 0.09523899999999996 0.30786
0 0.5377134375 0.582334684729064 0.12337699999999996 0.336245
0 0.629862125 0.4963304581280788 0.1601729999999999 0.35152799999999995
0 0.762318875 0.4715942266009852 0.15368000000000004 0.384279
0 0.8562590625 0.45343412315270937 0.23809500000000006 0.3580789999999999
