0 0.0390625 0.506113541727672 0.078799 0.605065
0 0.07955925 0.28086521522693997 0.07192 0.16510300000000003
0 0.13864375 0.5104617686676428 0.11819900000000001 0.5863039999999999
0 0.271562375 0.5721654743777452 0.293308 0.649156
0 0.220666875 0.26764489604685215 0.05941199999999999 0.11350800000000003
0 0.3367485 0.45294887262079064 0.08005000000000001 0.47467200000000004
0 0.4070469375 0.47726105710102484 0.13946200000000003 0.615384
0 0.600075625 0.4051500322108345 0.20888099999999998 0.5009380000000001
0 0.6879340625 0.3904473631039531 0.11257099999999998 0.37429599999999996
0 0.841149125 0.517983989751098 0.25390899999999994 0.6613510000000001
0 0.773040125 0.21744392679355784 0.066917 0.13508399999999998
