0 0.2091015625 0.699586270863836 0.06562499999999999 0.3020630000000002
0 0.2769140625 0.6017613133235724 0.018125000000000002 0.14634099999999997
0 0.2978125 0.6502696383601757 0.015625 0.10694199999999998
0 0.2978125 0.5929141595900439 0.01687500000000003 0.027205000000000052
0 0.332109375 0.630587859443631 0.044375 0.17917400000000006
0 0.320234375 0.6011468653001465 0.011874999999999969 0.08817999999999986
0 0.395859375 0.6501035036603222 0.04375000000000001 0.19418399999999986
0 0.45953125 0.7921222152269399 0.070625 0.165104
0 0.4528515625 0.6296056998535872 0.03437499999999999 0.15384599999999993
0 0.4840234375 0.6291938286969253 0.02937500000000004 0.15572200000000003
0 0.504765625 0.6328757306002928 0.020625000000000004 0.177298
0 0.5305078125 0.6369004055636895 0.04125000000000001 0.21576
0 0.565625 0.6272477306002928 0.03187499999999999 0.177298
0 0.69625 0.6358740863836018 0.03312499999999996 0.16135099999999994
0 0.7244921875 0.6431333499267936 0.021874999999999978 0.07879899999999995
0 0.7371875 0.6230915768667643 0.016874999999999973 0.05909900000000001
0 0.791796875 0.6241168960468522 0.028125000000000067 0.11350899999999996
0 0.82828125 0.738835571010249 0.040000000000000036 0.15196999999999997
0 0.844296875 0.6428788960468522 0.028125000000000067 0.11350799999999998
0 0.9351171875 0.6702672518301611 0.022500000000000075 0.09849899999999998
0 0.971328125 0.644983411420205 0.03562500000000002 0.12382700000000002
