0 0.22046875 0.844945111273792 0.08687500000000004 0.275797
0 0.0660546875 0.860418859443631 0.10124999999999999 0.18105099999999996
0 0.1065625 0.6041192825768666 0.046875 0.12101300000000009
0 0.3021875 0.8343284978038067 0.04749999999999999 0.2842399999999998
0 0.3552734375 0.6831208594436311 0.06124999999999997 0.18105
0 0.446484375 0.9105497306002929 0.07437500000000002 0.17635999999999988
0 0.474921875 0.6179809882869693 0.06 0.1819879999999999
0 0.4782421875 0.2811897672035139 0.02312499999999995 0.10975599999999999
0 0.6008203125 0.6885827247437775 0.057499999999999996 0.269231
0 0.7346875 0.7602895959004393 0.07937499999999997 0.2636019999999999
0 0.730078125 0.5186831844802342 0.0675 0.14165100000000008
0 0.8233984375 0.775754626647145 0.09312500000000001 0.288931
0 0.8765625 0.43942815373352856 0.04749999999999999 0.11913699999999998
0 0.9731640625 0.676090111273792 0.05062500000000003 0.27673499999999995
