0 0.84171875 0.8048433440702782 0.05625000000000002 0.16885599999999998
0 0.0068359375 0.7303753499267936 0.01375 0.07879899999999987
0 0.0476171875 0.7347677364568083 0.023125 0.08630399999999981
0 0.11546875 0.7293230922401172 0.05625000000000001 0.07317100000000001
0 0.14359375000000002 0.7577377672035139 0.05500000000000001 0.10975599999999999
0 0.181171875 0.7435525095168376 0.028124999999999983 0.10412699999999991
0 0.2878515625 0.7376959941434847 0.03375 0.091932
0 0.3916015625 0.7330750922401171 0.03375 0.07129499999999998
0 0.664921875 0.814497019033675 0.06000000000000005 0.20731699999999992
0 0.71796875 0.8114986632503659 0.05624999999999991 0.22138800000000003
0 0.8024609375 0.7956466998535872 0.04499999999999993 0.15384599999999993
