0 0.91953125 0.6869283333333333 0.10312500000000002 0.3877030000000001
0 0.0544921875 0.7027953333333333 0.085625 0.34842000000000006
0 0.091171875 0.49964633333333336 0.028749999999999998 0.09137400000000002
0 0.14167968749999998 0.6617446666666666 0.09999999999999999 0.3654990000000001
0 0.2295703125 0.6707033333333334 0.08812499999999998 0.38855699999999993
0 0.3151953125 0.6430613333333334 0.08937499999999998 0.371478
0 0.3522265625 0.6689503333333334 0.09625 0.3629379999999999
0 0.4477734375 0.6683663333333333 0.09250000000000003 0.35695999999999994
0 0.4924609375 0.6529953333333333 0.04625000000000001 0.3552520000000001
0 0.56828125 0.6714526666666667 0.10250000000000004 0.3834329999999999
