0 0.051136 0.50674725 0.0625 0.07197000000000002
0 0.1200285 0.5035511666666667 0.046875000000000014 0.06818200000000003
0 0.16938875 0.5185839166666667 0.055398 0.060606000000000014
0 0.2186613125 0.5055634166666667 0.058238999999999985 0.07765199999999998
0 0.2529296875 0.5150334166666667 0.038352 0.075757
0 0.28160475 0.5160980000000001 0.055398 0.06439399999999999
0 0.3324746875 0.5049715 0.06960300000000003 0.07954599999999996
0 0.378373125 0.5155070833333334 0.06676200000000004 0.06628699999999998
0 0.403942125 0.508523 0.03693099999999999 0.06439400000000006
0 0.428977 0.5072209166666667 0.03125 0.060606000000000014
0 0.46733 0.4895833333333333 0.0625 0.10606099999999996
0 0.5254793125 0.5054451666666666 0.05823899999999993 0.06818200000000003
0 0.555930125 0.5017754166666667 0.036931999999999965 0.07575799999999999
0 0.5862035625 0.5121917500000001 0.03409099999999998 0.05681900000000003
0 0.6413355 0.5116008333333334 0.04829500000000009 0.05871200000000002
0 0.699396125 0.5098250833333333 0.06818199999999996 0.06628799999999997
0 0.771307 0.5062735833333334 0.0625 0.08143899999999989
0 0.8131218125 0.5121917500000001 0.041192999999999924 0.05492499999999997
0 0.84623625 0.508523 0.03977200000000003 0.06439400000000006
0 0.903231625 0.6228688333333333 0.11505699999999996 0.27841
0 0.870739 0.5718514166666666 0.03125 0.200757
0 0.9439811875 0.5959990833333333 0.05397699999999994 0.25378800000000007
0 0.98615075 0.5935131666666668 0.02414800000000006 0.25757599999999997
