0 0.028749999999999998 0.6082400088105727 0.031875 0.1251179999999999
0 0.0635546875 0.6216638634361233 0.03875000000000001 0.09030999999999997
0 0.081796875 0.5813957195301027 0.028124999999999997 0.07525900000000006
0 0.1380078125 0.7873207415565344 0.10375000000000001 0.3819380000000001
0 0.1526171875 0.5817851512481644 0.115625 0.11947300000000007
0 0.20828125 0.8524170176211454 0.071875 0.24929400000000013
0 0.2333203125 0.6134714375917768 0.02687500000000001 0.12888100000000002
0 0.3142578125 0.6329287239353891 0.04249999999999998 0.13734699999999997
0 0.3705078125 0.620125436123348 0.04250000000000004 0.10818500000000002
0 0.4262890625 0.555169577092511 0.14375000000000004 0.08090299999999992
0 0.4064453125 0.6176480088105727 0.02562500000000001 0.125117
0 0.4414453125 0.6916658751835536 0.057499999999999996 0.2530569999999999
0 0.5207421875 0.5860297209985316 0.021874999999999978 0.09407399999999999
0 0.5569921875 0.6396503010279001 0.053749999999999964 0.21636900000000006
0 0.6178125 0.5908485785609398 0.016874999999999973 0.101599
0 0.671796875 0.6212488722466961 0.05875000000000008 0.2135469999999999
0 0.737890625 0.658350443465492 0.05249999999999999 0.20978400000000003
0 0.8207421875 0.7540497488986784 0.17812499999999998 0.48730000000000007
0 0.7755078125 0.6604162995594713 0.04249999999999998 0.19661300000000012
0 0.9521484375 0.761759604992658 0.09312500000000001 0.4703669999999999
