0 0.331640625 0.26359375 0.08249999999999996 0.24250000000000002
0 0.0152734375 0.29953158333333335 0.03 0.08250000000000002
0 0.07230468749999999 0.3709378333333333 0.06875 0.21500000000000008
0 0.0863671875 0.3028128333333333 0.021875000000000006 0.05916600000000002
0 0.11578125 0.32354166666666667 0.04000000000000001 0.17749999999999996
0 0.16640625 0.30286425 0.04000000000000001 0.16416700000000004
0 0.191484375 0.3601038333333333 0.07499999999999998 0.08916700000000007
0 0.189375 0.3777086666666667 0.0325 0.053333
0 0.2066796875 0.28390624999999997 0.037500000000000006 0.13416700000000004
0 0.2402734375 0.3431774166666666 0.06062500000000001 0.14000000000000004
0 0.24875 0.2877604166666667 0.03125000000000003 0.07750000000000001
0 0.321015625 0.3757295 0.05124999999999996 0.079166
0 0.3876171875 0.3783336666666666 0.05312499999999998 0.08416600000000003
0 0.4178515625 0.360417 0.03500000000000003 0.06416600000000001
0 0.4465625 0.3442708333333333 0.046875 0.09000000000000001
0 0.575625 0.26901075 0.03249999999999997 0.05666600000000003
0 0.6019921875 0.2792705 0.021874999999999978 0.04750000000000002
0 0.616640625 0.2786458333333333 0.020624999999999893 0.057499999999999996
0 0.707421875 0.33208299999999996 0.12124999999999997 0.189167
0 0.8731640625 0.36796841666666663 0.17562500000000003 0.295
0 0.9840234375 0.31421875 0.030000000000000027 0.15
