0 0.894609375 0.636667 0.16937499999999994 0.625
0 0.0348046875 0.36963541666666666 0.06999999999999999 0.17166700000000001
0 0.09828125 0.58546875 0.19625 0.3375000000000001
0 0.09085937499999999 0.3571350833333333 0.07500000000000001 0.12916700000000003
0 0.12875 0.3353649166666666 0.06437499999999999 0.12250000000000005
0 0.15425781249999998 0.41229166666666667 0.07375 0.115833
0 0.1516015625 0.28499966666666665 0.03375 0.08416700000000003
0 0.181328125 0.35286424999999993 0.06812499999999999 0.165
0 0.303046875 0.5385940833333334 0.215625 0.2841660000000001
0 0.2326171875 0.33739583333333334 0.05437500000000001 0.12083299999999997
0 0.295625 0.47203158333333334 0.06437499999999996 0.20833299999999996
0 0.2872265625 0.362083 0.034999999999999976 0.0625
0 0.300078125 0.3238541666666666 0.036250000000000004 0.07000000000000006
0 0.3279296875 0.37645833333333334 0.03875000000000001 0.07416700000000002
0 0.3593359375 0.4351559166666667 0.07750000000000001 0.15500000000000003
0 0.34046875 0.3436982499999999 0.024375000000000036 0.041666000000000016
0 0.3555078125 0.3133850833333333 0.041874999999999996 0.0675
0 0.4365625 0.5514065833333334 0.14187500000000003 0.30166600000000005
0 0.3910546875 0.36401075 0.03875000000000001 0.055000000000000014
0 0.4125390625 0.3215625 0.050624999999999976 0.08
0 0.4403125 0.3669274166666667 0.048750000000000016 0.07749999999999997
0 0.4284375 0.29875 0.016874999999999973 0.06333300000000001
0 0.4671875 0.4697913333333334 0.08000000000000007 0.19833399999999993
0 0.457734375 0.326667 0.043749999999999956 0.125833
0 0.5694140624999999 0.8576559166666667 0.20687499999999998 0.28083400000000003
0 0.47984375 0.31526041666666665 0.024999999999999967 0.07749999999999997
0 0.5827734375 0.5995833333333334 0.18625000000000003 0.356667
0 0.5498828124999999 0.319167 0.10437500000000005 0.125833
0 0.559453125 0.47494791666666664 0.09875 0.186667
0 0.5455078125 0.37380175 0.04249999999999998 0.08666699999999998
0 0.5666796875 0.37937466666666664 0.03749999999999998 0.05333399999999999
0 0.634609375 0.3403649166666667 0.043749999999999956 0.12249999999999998
0 0.7485546875 0.7356774166666668 0.22625000000000006 0.515
0 0.6656640625 0.3902083333333333 0.04937500000000006 0.13750000000000004
0 0.8174609375 0.31156216666666664 0.2956249999999999 0.1625
0 0.7033203125 0.40911425 0.05812499999999998 0.10333399999999997
0 0.7795703125 0.52 0.12 0.25166700000000003
0 0.7504296875 0.3730725833333333 0.03749999999999998 0.05166700000000005
0 0.8353515625 0.4426045 0.09687500000000004 0.17250000000000001
0 0.8105078125 0.3595315833333333 0.04125000000000001 0.08250000000000002
0 0.951875 0.39651041666666664 0.06312499999999999 0.14
0 0.9746875 0.459583 0.04812499999999997 0.189167
