0 0.75546825 0.871324298013245 0.07187600000000005 0.24046600000000015
0 0.029296875 0.7367731390728477 0.058594 0.11228799999999994
0 0.2779301875 0.7897532715231789 0.210937 0.21822000000000008
0 0.47187475 0.808023748344371 0.11875000000000002 0.19915299999999994
0 0.5771489375 0.7982222185430464 0.04531200000000002 0.1769069999999999
0 0.63281225 0.8048437218543046 0.03984399999999999 0.18008400000000005
0 0.676562 0.8241832913907284 0.06328199999999995 0.23517000000000002
0 0.766015875 0.7619286092715231 0.028124999999999956 0.08898300000000008
0 0.787890625 0.7661645960264901 0.020311999999999997 0.07733100000000001
0 0.9158205625 0.7937166887417217 0.12812500000000004 0.15148300000000006
