0 0.08617187500000001 0.45954512746858167 0.09125 0.619102
0 0.215390625 0.44513117773788147 0.083125 0.46720300000000003
0 0.313203125 0.5721162603231598 0.13062500000000002 0.22094300000000008
0 0.3619140625 0.5818322315978456 0.11312499999999998 0.30724999999999997
0 0.4035546875 0.5697715745062836 0.13124999999999998 0.27847999999999995
0 0.4732421875 0.6203651921005385 0.14749999999999996 0.4246260000000001
0 0.462578125 0.29538690664272893 0.06687500000000002 0.280782
0 0.5591015625 0.6433365062836625 0.25375000000000003 0.4821629999999999
0 0.63328125 0.6833351777378815 0.19625000000000004 0.4695060000000001
0 0.577890625 0.2892179138240575 0.083125 0.260069
0 0.7039453125 0.7223268168761221 0.245 0.5512079999999999
0 0.6129296875 0.2943702675044883 0.03875000000000006 0.19792900000000005
0 0.871640625 0.7162048132854577 0.239375 0.562716
0 0.873203125 0.23849854219030517 0.12937500000000002 0.375144
0 0.9276953125 0.2662029138240575 0.05812499999999998 0.26122
0 0.9683984375 0.24466323159784562 0.06125000000000003 0.3084
