0 0.0205078125 0.18118710638297872 0.041333 0.187102
0 0.09765625 0.4282707872340426 0.195333 0.629428
0 0.2192890625 0.45065165957446807 0.14333300000000002 0.6557679999999999
0 0.317307625 0.3436114680851064 0.11333300000000002 0.569483
0 0.37384375 0.42126548936170216 0.18066700000000002 0.608538
0 0.490015625 0.5258022340425532 0.33333299999999993 0.7856489999999999
0 0.465807625 0.46778276595744683 0.24000000000000005 0.5921889999999999
0 0.4575595625 0.16552059574468084 0.065334 0.168937
0 0.8222001875 0.4967332765957447 0.179334 0.8601270000000001
0 0.8109501875 0.13570372340425532 0.11599999999999999 0.26612199999999997
