0 0.01171875 0.11515591666666665 0.02375 0.15500000000000003
0 0.0322265625 0.14380174999999998 0.065 0.21166700000000002
0 0.19625 0.13145866666666667 0.06312499999999999 0.11583300000000002
0 0.2241015625 0.13802050000000002 0.06562500000000002 0.11166699999999997
0 0.2528125 0.11994791666666667 0.015625 0.05999999999999998
0 0.29296875 0.11197916666666667 0.05562499999999998 0.10000000000000002
0 0.342578125 0.10583366666666667 0.036250000000000004 0.08583299999999998
0 0.356953125 0.10494825 0.03562500000000002 0.10333300000000001
0 0.4003125 0.10921841666666667 0.04874999999999996 0.108334
0 0.4196484375 0.13208366666666668 0.06187499999999996 0.14833299999999996
0 0.46203125 0.140625 0.03999999999999998 0.15833299999999997
0 0.500390625 0.1278125 0.05249999999999999 0.140833
0 0.5842578125 0.1311455 0.04125000000000001 0.14250000000000004
0 0.828671875 0.16276041666666666 0.12250000000000005 0.3275
0 0.953671875 0.16927083333333334 0.09062500000000007 0.34
