0 0.5106228125000001 0.7052062773722628 0.07312899999999994 0.27445999999999987
0 0.017578125 0.6906077372262774 0.036565 0.247776
0 0.03042575 0.618263496350365 0.02466 0.07115699999999993
0 0.0517176875 0.6403511605839416 0.03826600000000001 0.11689900000000004
0 0.074298 0.6500834744525548 0.032312999999999995 0.09275800000000005
0 0.09930375 0.644865598540146 0.023809999999999998 0.11054699999999999
0 0.1206883125 0.6155876204379561 0.025510000000000005 0.09021600000000007
0 0.1416345 0.6648439489051094 0.047618999999999995 0.18297300000000014
0 0.1596448125 0.6093155182481752 0.01020399999999999 0.050825999999999996
0 0.1753295 0.6086130802919708 0.017006999999999994 0.05972000000000003
0 0.1871079375 0.6100729343065694 0.014456000000000024 0.06353199999999995
0 0.2203975 0.606828496350365 0.016156000000000004 0.07115600000000004
0 0.2391055 0.6183174744525547 0.016156000000000004 0.09148699999999997
0 0.247010625 0.6206696204379561 0.019557999999999992 0.08767499999999998
0 0.25135525000000003 0.6044763503649635 0.009354000000000001 0.07496799999999997
0 0.2599848125 0.6086660583941607 0.011054000000000008 0.08132200000000003
0 0.2677973125 0.6234544525547445 0.026361000000000023 0.11308699999999997
0 0.294629625 0.6196424525547446 0.01955800000000002 0.11308700000000005
0 0.309430375 0.6086130802919708 0.012756000000000045 0.06099099999999994
0 0.3290223125 0.6124780583941606 0.025509999999999977 0.08132200000000003
0 0.328643625 0.6095583503649634 0.01955699999999999 0.07369800000000003
0 0.3801349375 0.5867682481751825 0.014456000000000024 0.03684899999999997
0 0.3967961875 0.6059891824817518 0.02295999999999998 0.09656999999999996
0 0.41477975 0.6032593284671532 0.024660000000000015 0.09402800000000007
0 0.4320059375 0.5857410802919708 0.015305999999999986 0.06099099999999994
0 0.44013025 0.5820639562043796 0.009353999999999973 0.043202000000000074
0 0.4482885 0.5957702043795621 0.017006999999999994 0.07750999999999994
0 0.461641375 0.588147204379562 0.011904999999999999 0.07877999999999998
0 0.484162 0.5876326204379562 0.03146300000000002 0.08894599999999996
0 0.4814515 0.5547594160583942 0.016157000000000032 0.012705999999999955
0 0.504158375 0.5565979781021898 0.012755000000000016 0.02287100000000006
0 0.5201888125 0.5744939343065694 0.011054999999999926 0.063533
0 0.5280013125 0.5841453503649636 0.027210999999999985 0.07496899999999992
0 0.553132625 0.5674914744525548 0.019557999999999964 0.09275799999999997
0 0.566645 0.6148562627737226 0.03146300000000002 0.15501900000000002
0 0.5742650625 0.5499202481751825 0.017857000000000012 0.036848000000000006
0 0.5922815625 0.548838102189781 0.034864000000000006 0.03939000000000007
0 0.6125969375 0.6335915328467153 0.04676900000000006 0.17026700000000003
0 0.6424515625 0.623264598540146 0.03401399999999999 0.10927599999999993
0 0.6798665625 0.6285085328467154 0.03401399999999999 0.17153800000000002
0 0.70761575 0.6247784306569343 0.056123000000000034 0.13341799999999998
0 0.785594625 0.6349434306569344 0.051871 0.13214799999999996
0 0.9440365 0.554352788321168 0.017007000000000105 0.06607399999999994
0 0.9549649375 0.5580299124087591 0.015306000000000042 0.08259199999999997
