0 0.8815625 0.5234375 0.07999999999999996 0.299167
0 0.188125 0.4795833333333333 0.03125 0.10499999999999998
0 0.267421875 0.4976038333333333 0.028749999999999998 0.08999999999999993
0 0.3821484375 0.4834895833333333 0.030000000000000027 0.11416700000000006
0 0.4073828125 0.4879684166666667 0.04249999999999998 0.17083399999999993
0 0.4567578125 0.4909375 0.04249999999999998 0.17416699999999996
0 0.4948046875 0.4759371666666667 0.03875000000000001 0.13249999999999992
0 0.53203125 0.4751565833333333 0.040000000000000036 0.11333299999999998
0 0.55234375 0.47312466666666664 0.024374999999999925 0.116667
0 0.5904296875 0.4723434166666667 0.03749999999999998 0.1399999999999999
0 0.6171875 0.4660413333333333 0.016249999999999987 0.13583399999999993
0 0.6426953125 0.4679166666666667 0.026874999999999982 0.1483329999999999
0 0.665 0.4653125 0.03187499999999999 0.14083299999999999
0 0.6966015625 0.4879684166666667 0.03499999999999992 0.17083399999999993
0 0.721875 0.4802083333333333 0.03187499999999999 0.1375000000000001
0 0.7427734375 0.4768753333333333 0.030625000000000013 0.1358330000000001
0 0.7751171875 0.48057325 0.021874999999999978 0.13416599999999992
0 0.813125 0.4785413333333333 0.03125 0.13749999999999996
0 0.9712109375 0.4792711666666667 0.04500000000000004 0.13249999999999998
