0 0.0305214375 0.7596309202551834 0.030611999999999997 0.1574079999999999
0 0.105889625 0.7733212248803827 0.051019999999999996 0.24074
0 0.1494449375 0.7934341212121212 0.045351999999999976 0.2444450000000001
0 0.312743875 0.7897311212121212 0.05895699999999998 0.2425920000000001
0 0.3358243125 0.7770242248803828 0.027210999999999985 0.24074099999999993
0 0.3719818125 0.7986797432216906 0.04194999999999999 0.22407400000000008
0 0.4296144375 0.8022239202551834 0.029478000000000004 0.15925899999999998
0 0.4678815 0.8013020542264753 0.04875299999999999 0.21481500000000012
0 0.6059400625 0.8198210542264752 0.20521600000000007 0.216667
0 0.552849625 0.7404398899521532 0.02040799999999998 0.09629599999999999
0 0.73381725 0.8345827799043063 0.040816000000000074 0.19259199999999999
0 0.7702556875 0.835867298245614 0.03741500000000009 0.17777800000000002
0 0.79516575 0.8502653716108454 0.02494300000000005 0.11481500000000003
0 0.81948 0.8484676459330143 0.03288000000000002 0.13703700000000005
0 0.8716669375 0.8229575725677831 0.04535199999999995 0.19814800000000005
0 0.905648 0.880205749601276 0.03174599999999994 0.131481
0 0.96964425 0.8328813349282296 0.04081699999999999 0.14444500000000013
