0 0.0799609375 0.5379358549422336 0.04499999999999999 0.21446100000000004
0 0.1193359375 0.5421490962772786 0.045 0.1791290000000001
0 0.185234375 0.5498020051347882 0.074375 0.17091200000000006
0 0.293828125 0.5579725789473684 0.03562500000000002 0.10681999999999994
0 0.381640625 0.5351105519897303 0.05124999999999996 0.21692699999999998
0 0.4230859375 0.523554431322208 0.04625000000000001 0.23418200000000006
0 0.525859375 0.544357187419769 0.07562499999999994 0.18570300000000003
0 0.5568359375 0.5340847637997432 0.0774999999999999 0.207888
0 0.6648828125 0.5316718844672657 0.073125 0.18899
0 0.7215625 0.5382951578947368 0.10999999999999999 0.21281800000000003
0 0.8008203125 0.5388630962772786 0.05812499999999998 0.17830699999999997
0 0.91015625 0.527817946084724 0.07062500000000005 0.22185699999999997
