0 0.437890625 0.1814983133235725 0.051875000000000004 0.14446499999999995
0 0.1500390625 0.20543228257686677 0.05000000000000002 0.12289000000000001
0 0.2330859375 0.20456438067349925 0.04625000000000001 0.10037500000000003
0 0.283359375 0.20591425183016104 0.044375 0.09943800000000001
0 0.3230078125 0.25121492679355784 0.04249999999999998 0.13696099999999997
0 0.3523828125 0.24787479795021966 0.04250000000000004 0.133208
0 0.550703125 0.23135750951683748 0.036250000000000004 0.104127
0 0.61859375 0.21341925183016108 0.08687499999999992 0.09756100000000002
0 0.6589453125 0.22943734992679357 0.026874999999999982 0.076923
0 0.6888671875 0.2183637057101025 0.021874999999999978 0.061914
0 0.7062890625 0.2152079326500732 0.018750000000000044 0.045027999999999985
0 0.7530859375 0.213743803806735 0.015000000000000013 0.041276
0 0.769765625 0.23284757686676427 0.020625000000000004 0.06097500000000001
0 0.778984375 0.18871341727672036 0.012500000000000067 0.03470899999999998
0 0.7951171875 0.22973496339677893 0.021874999999999978 0.06848
0 0.83359375 0.21653186530014643 0.024374999999999925 0.09005600000000001
