0 0.0415625 0.45942307492795387 0.0475 0.259225
0 0.072890625 0.46662768587896253 0.052500000000000005 0.27213999999999994
0 0.0994921875 0.48288190778097984 0.05374999999999999 0.302583
0 0.1693359375 0.48944550720461094 0.076875 0.3523989999999999
0 0.1912890625 0.3689957550432277 0.018750000000000017 0.047047999999999944
0 0.225 0.4305513314121038 0.03312499999999999 0.17435399999999993
0 0.243828125 0.4975648731988473 0.0675 0.414207
0 0.2859765625 0.4637458414985591 0.034375000000000044 0.26660500000000004
0 0.320390625 0.47792637463976945 0.05249999999999999 0.285055
0 0.37234375 0.5331838501440922 0.08625000000000005 0.48985200000000007
0 0.420234375 0.48414744092219025 0.04375000000000001 0.31734300000000004
0 0.4146484375 0.43054308645533146 0.029374999999999984 0.219557
0 0.4609375 0.4662022881844381 0.046875 0.06457499999999998
0 0.448515625 0.46977744380403463 0.020000000000000018 0.05811799999999999
0 0.472890625 0.4742755994236311 0.02124999999999999 0.05258399999999998
0 0.586484375 0.5609489596541787 0.13812500000000005 0.631919
0 0.890234375 0.5940131354466859 0.19999999999999996 0.8099629999999999
