0 0.2082421875 0.8908756691068814 0.08437499999999998 0.13133200000000014
0 0.2603125 0.7174179882869692 0.07937499999999997 0.18292599999999995
0 0.39460937500000004 0.9317397979502197 0.29312499999999997 0.1332079999999999
0 0.3559765625 0.6561261537335286 0.034375000000000044 0.11726099999999993
0 0.414453125 0.6546879633967789 0.03687500000000005 0.06941900000000002
0 0.482109375 0.788230019033675 0.16875 0.207317
0 0.4250390625 0.5427842884333821 0.01874999999999999 0.031893999999999964
0 0.4563671875 0.5475885461200586 0.023125000000000007 0.03658499999999998
0 0.4769921875 0.5379089326500732 0.02250000000000002 0.04408999999999993
0 0.50484375 0.5454840307467057 0.02437499999999998 0.026266000000000022
0 0.51109375 0.6369081229868229 0.024375000000000036 0.09662300000000003
0 0.5615234375 0.5649295768667643 0.02937500000000004 0.06097600000000002
0 0.573203125 0.6406611229868229 0.03562500000000002 0.09568399999999999
0 0.61171875 0.9575056076134701 0.05625000000000002 0.08255199999999983
0 0.6496484375 0.6652786383601756 0.02937500000000004 0.10600400000000008
0 0.695 0.8306638169838946 0.0943750000000001 0.33677299999999993
0 0.6978125 0.2245889326500732 0.016875000000000084 0.04409000000000001
0 0.706171875 0.596298448023426 0.028124999999999956 0.05722400000000003
0 0.7112109375 0.22136206149341142 0.015000000000000013 0.048780999999999984
0 0.775390625 0.36442531332357253 0.11499999999999999 0.14634100000000003
0 0.9121875 0.4629597554904831 0.171875 0.29268299999999997
