0 0.044921875 0.847534366568915 0.09 0.18480399999999989
0 0.0693359375 0.6376955395894428 0.13875 0.17636000000000004
0 0.14703125 0.8575621935483871 0.10250000000000001 0.19418400000000002
0 0.1141015625 0.9773758592375367 0.03375 0.042213999999999974
0 0.2091015625 0.9796615835777126 0.03437499999999999 0.03846200000000002
0 0.25187499999999996 0.8617789882697946 0.06437499999999999 0.17073199999999994
0 0.2642578125 0.9796615835777126 0.011249999999999982 0.03846200000000002
0 0.3244921875 0.8662879560117303 0.08437500000000003 0.14071299999999987
0 0.31203125 0.9773758592375367 0.03937499999999999 0.042213999999999974
0 0.4154296875 0.8970797448680352 0.10125 0.2016889999999999
0 0.4928125 0.902061917888563 0.04874999999999996 0.19230799999999995
0 0.5473046875 0.9043486422287389 0.06999999999999995 0.18855500000000003
0 0.6244140625 0.9024716422287389 0.08062500000000006 0.19043200000000005
0 0.667109375 0.7274351348973607 0.011874999999999969 0.04690400000000004
0 0.723203125 0.8993664692082112 0.09875 0.19793599999999997
0 0.8848828125 0.8989567448680353 0.22875 0.19981199999999988
0 0.942265625 0.8167351671554252 0.11375000000000002 0.07879900000000012
