0 0.0852734375 0.48356231332357247 0.030625000000000013 0.144465
0 0.1012890625 0.48656066910688145 0.018750000000000003 0.13039399999999998
0 0.121875 0.49049702489019037 0.033125 0.1153849999999999
0 0.1614453125 0.48550841142020496 0.02562500000000001 0.12476599999999997
0 0.2144921875 0.48003782869692535 0.023125000000000007 0.15572200000000003
0 0.241953125 0.48349221522693997 0.03687499999999999 0.16510299999999994
0 0.31 0.4891903133235725 0.03125 0.14446599999999998
0 0.3446875 0.49687966910688136 0.04750000000000004 0.12945600000000002
0 0.3800390625 0.4780293499267936 0.018125000000000002 0.0769239999999999
0 0.40375 0.4899891171303075 0.033125000000000016 0.18480299999999997
0 0.4332421875 0.4870867979502196 0.021875000000000033 0.1322700000000001
0 0.4728125 0.48623611713030745 0.04749999999999999 0.18480299999999997
0 0.495390625 0.4754179267935578 0.020625000000000004 0.13602199999999992
0 0.519375 0.4397958653001464 0.03187499999999999 0.08911899999999996
0 0.605234375 0.49835330161054175 0.13687499999999997 0.327392
0 0.5559375 0.40904915959004395 0.015625 0.02720499999999997
0 0.6246484375 0.3914536749633967 0.02937500000000004 0.04033800000000006
0 0.669765625 0.4023611844802342 0.05249999999999999 0.14258899999999994
0 0.7328515625 0.47008654026354324 0.03437499999999993 0.12757999999999997
0 0.7527734375 0.4682105402635432 0.030625000000000013 0.12757999999999997
0 0.86 0.4553414978038067 0.06437499999999996 0.285178
0 0.9044140625 0.46797430746705704 0.050000000000000044 0.23639800000000005
