0 0.6374995 0.6182762064896755 0.04843799999999998 0.19221699999999992
0 0.2595700625 0.41688237758112096 0.01953100000000002 0.06603799999999996
0 0.3720700625 0.4086273775811209 0.01874999999999999 0.066038
0 0.4820315 0.4006683038348082 0.016405999999999976 0.068397
0 0.598046625 0.3956590825958702 0.019531999999999994 0.07901000000000005
0 0.6486330625 0.39418415634218285 0.018750000000000044 0.07547200000000001
0 0.6789065 0.38356745132743364 0.01640600000000003 0.064859
0 0.7091799375 0.38003315634218293 0.01484400000000008 0.074293
0 0.8335935 0.5828917964601771 0.04765700000000006 0.16981099999999996
0 0.9380861875 0.3655872300884956 0.02187500000000009 0.07193399999999997
