0 0.17330762500000002 0.625754875 0.115 0.21499999999999997
0 0.2560029375 0.6366015625 0.13999999999999999 0.28500000000000003
0 0.4675 0.6448828125 0.125 0.26
0 0.5152607499999999 0.4919795 0.11833299999999997 0.14166599999999996
0 0.6285283125 0.6490751875 0.151667 0.271667
0 0.6330205 0.504921875 0.10999999999999999 0.091667
0 0.6433720625 0.4628515625 0.08166700000000005 0.096667
0 0.7484248125 0.5443095625000001 0.10499999999999998 0.253334
0 0.7692314375 0.6293359375 0.09333400000000003 0.1399999999999999
0 0.863984375 0.735417 0.16833299999999995 0.438333
0 0.86744825 0.4849609375 0.10333300000000001 0.16999999999999993
