0 0.7648046875 0.6739065833333333 0.13250000000000006 0.5508329999999999
0 0.015625 0.39734374999999994 0.031875 0.05666700000000002
0 0.029296875 0.65713575 0.05875 0.3375000000000001
0 0.0458984375 0.5975 0.0925 0.37666700000000003
0 0.07593749999999999 0.4256246666666667 0.08000000000000002 0.11583399999999999
0 0.071171875 0.35776008333333337 0.02874999999999999 0.035834
0 0.1446875 0.6499475833333334 0.14125000000000001 0.518334
0 0.2242578125 0.46338541666666666 0.04125000000000001 0.10833300000000001
0 0.2584375 0.46875 0.04749999999999999 0.06333299999999993
0 0.3345703125 0.6834371666666668 0.18187499999999998 0.630834
0 0.2840234375 0.41036425 0.030000000000000027 0.040000000000000036
0 0.4005859375 0.7193753333333334 0.07750000000000001 0.3858329999999999
0 0.503203125 0.574375 0.1925 0.34500000000000003
0 0.476796875 0.43765625 0.028749999999999998 0.07249999999999994
0 0.6066015625 0.5542711666666666 0.09687500000000004 0.2566659999999999
0 0.633125 0.6154690833333333 0.125 0.3791660000000001
0 0.730078125 0.47489549999999997 0.036250000000000004 0.07916699999999999
0 0.84234375 0.6603121666666667 0.11750000000000005 0.47416699999999995
0 0.92078125 0.5844270833333334 0.10250000000000004 0.28583299999999995
0 0.957734375 0.58421875 0.07499999999999996 0.27583299999999994
0 0.9786328125 0.531042 0.04125000000000001 0.22083299999999992
