0 0.0480535 0.5063046172839506 0.078921 0.06951000000000002
0 0.1405224375 0.44021014814814813 0.029969999999999997 0.04739300000000001
0 0.1573035 0.5093174567901234 0.046952999999999995 0.08056899999999999
0 0.290912 0.8454087654320986 0.156843 0.11532300000000002
0 0.2593585625 0.495173037037037 0.034965000000000024 0.07582900000000004
0 0.2734791875 0.46864614814814815 0.022977000000000025 0.04739300000000001
0 0.31941075 0.4163301975308642 0.023975999999999997 0.06319100000000004
0 0.324360875 0.3922315061728395 0.028971000000000025 0.096366
0 0.3510870625 0.4872372469135802 0.049949999999999994 0.07740900000000005
0 0.3563064375 0.48609672839506174 0.029969999999999997 0.041074000000000076
0 0.4170435 0.5171070864197531 0.04695299999999997 0.09004700000000002
0 0.4082993125 0.42074008641975313 0.02697299999999997 0.091628
0 0.4251476875 0.48073529629629635 0.037961999999999996 0.09320699999999994
0 0.494561625 0.7999309012345678 0.08291800000000005 0.21959000000000004
0 0.4831345625 0.5012365061728395 0.03496600000000005 0.09636599999999995
0 0.529886625 0.5154902962962963 0.051947999999999994 0.09320700000000004
0 0.5738201875 0.5298544567901234 0.05394600000000005 0.08056900000000007
0 0.5981103125 0.5061584567901235 0.026973000000000025 0.08056899999999999
0 0.634647 0.8394188765432098 0.06293700000000002 0.08846700000000009
0 0.6529206875 0.5488492469135803 0.03796200000000005 0.07740900000000005
0 0.6787825 0.6324310864197531 0.047951999999999995 0.09162700000000003
0 0.6759425625 0.9156137777777777 0.034965000000000024 0.05845199999999998
0 0.718922 0.6465755061728395 0.031967999999999996 0.09794600000000005
0 0.7788961875 0.9030195925925926 0.11588399999999999 0.18799299999999988
0 0.86860425 0.7743913456790124 0.13386600000000004 0.11058500000000011
0 0.868098875 0.6327601975308641 0.0909089999999999 0.06477100000000009
