0 0.1005859375 0.24294047743813682 0.014374999999999999 0.05591800000000002
0 0.1199609375 0.2277456244541485 0.014999999999999986 0.019570999999999963
0 0.430625 0.21096128966521108 0.033125000000000016 0.06430499999999997
0 0.433828125 0.19266791411935952 0.03562500000000002 0.08387700000000001
0 0.4619140625 0.21504424890829693 0.018125000000000002 0.03634699999999998
0 0.4843359375 0.21586104075691412 0.014375000000000027 0.030754999999999987
0 0.50390625 0.21195506113537121 0.04062500000000002 0.043802999999999946
0 0.5524609375 0.20100247743813685 0.04499999999999993 0.05685000000000001
0 0.6371484375 0.2082270611353712 0.030624999999999902 0.04566699999999997
0 0.7017578125 0.23693074672489084 0.04125000000000001 0.10717599999999998
0 0.87125 0.36749295050946146 0.09437499999999999 0.25163099999999994
0 0.9014453125 0.19948410189228527 0.026874999999999982 0.074557
0 0.9151171875 0.19785051819505095 0.02312499999999995 0.085741
