0 0.0248828125 0.537857055636896 0.042499999999999996 0.138837
0 0.0913671875 0.5876633748169839 0.084375 0.19230799999999998
0 0.1054296875 0.5249343499267936 0.038125000000000006 0.07879899999999995
0 0.1152734375 0.589679571010249 0.029375 0.15009399999999992
0 0.1202734375 0.5253903806734993 0.029375000000000012 0.10037499999999992
0 0.16 0.5874617979502197 0.03312499999999999 0.13226999999999994
0 0.17125 0.5709617306002928 0.03187499999999999 0.17636100000000002
0 0.191171875 0.5691999882869693 0.02812500000000001 0.182927
0 0.2689453125 0.6509367496339679 0.08812499999999998 0.38086299999999984
0 0.29976562500000004 0.7336107247437774 0.11374999999999999 0.26735499999999995
0 0.598125 0.5565047979502197 0.03312499999999996 0.13227000000000003
0 0.6720703125 0.5616777672035138 0.02562500000000001 0.10975599999999999
0 0.70796875 0.5660701537335285 0.024374999999999925 0.11726000000000006
0 0.8619921875 0.5599851229868228 0.023125000000000062 0.09474699999999998
0 0.8834375 0.5493243499267935 0.015625 0.07692300000000009
0 0.889140625 0.5567150922401172 0.020625000000000004 0.07035599999999995
