0 0.040703125 0.5496650805270864 0.068333 0.25250000000000006
0 0.1094404375 0.5817075402635432 0.062499999999999986 0.12874999999999986
0 0.225754875 0.8043008784773061 0.21666700000000003 0.38625
0 0.1591533125 0.5681716691068814 0.058334 0.13124999999999992
0 0.2932295 0.5502379209370425 0.08000000000000002 0.22750000000000006
0 0.4274873125 0.8524487554904833 0.30666600000000005 0.29124999999999995
0 0.3967705 0.7901976573938505 0.173334 0.31250000000000006
0 0.3838545 0.6218704245973646 0.11083300000000001 0.41999999999999993
0 0.45317675 0.6079117862371889 0.05499999999999999 0.31625
0 0.646640625 0.643050878477306 0.11333300000000002 0.3837499999999999
0 0.6914970625 0.6126226207906296 0.11166700000000007 0.37999999999999995
0 0.787083 0.7174725475841874 0.188334 0.5149999999999999
0 0.8814970625 0.6886475109809663 0.11249999999999993 0.58125
