0 0.021484375 0.6282053215339233 0.044375 0.228518
0 0.07105468749999999 0.5755056902654867 0.07 0.21435300000000004
0 0.13984375 0.6099589203539822 0.08625000000000001 0.284231
0 0.213125 0.5871339115044248 0.09375 0.20585399999999998
0 0.26871093749999997 0.669549412979351 0.10750000000000001 0.385269
0 0.440546875 0.6065416578171092 0.21624999999999994 0.25401299999999993
0 0.504609375 0.6193230442477876 0.07562499999999994 0.400377
0 0.5765234375 0.6987343569321534 0.15500000000000003 0.5457979999999999
0 0.655 0.6586733864306785 0.03312499999999996 0.14730899999999997
0 0.7095703125 0.5987529528023599 0.05812499999999998 0.2436260000000001
0 0.7805078125 0.5943281740412979 0.073125 0.234183
0 0.7783984375 0.5796332477876106 0.061249999999999916 0.23040600000000006
0 0.88953125 0.6034124365781711 0.07062500000000005 0.265344
0 0.9392578125 0.6143836991150442 0.073125 0.2936740000000001
