0 0.15044237500000002 0.8043008784773061 0.20083399999999996 0.38625
0 0.126953125 0.45012262079062954 0.129167 0.37875000000000003
0 0.2455859375 0.8024432650073205 0.201667 0.39250000000000007
0 0.2427216875 0.5884095900439239 0.16249999999999998 0.35624999999999996
0 0.265208 0.5557650073206442 0.094167 0.3875
0 0.392421875 0.532119326500732 0.091667 0.44125
0 0.47348925 0.5491562957540264 0.07083400000000006 0.4162499999999999
0 0.55880175 0.5420845534407027 0.08750000000000002 0.4225
0 0.657421875 0.5381551976573938 0.09166699999999994 0.43749999999999994
0 0.7338408125 0.7831204245973644 0.166667 0.4187500000000001
0 0.8754033125 0.8381259150805271 0.245834 0.3187499999999999
0 0.8092314375 0.5036584919472913 0.09333399999999992 0.37500000000000006
0 0.8765234375 0.5669857247437775 0.12333300000000003 0.26875
0 0.9401171875 0.7582009516837482 0.11666700000000008 0.25125
0 0.954557625 0.5020314787701318 0.05166599999999999 0.08124999999999996
0 0.9574873125 0.5685999267935579 0.05833300000000008 0.13750000000000004
