0 0.11671875 0.6188374776119403 0.2125 0.759312
0 0.5729296875000001 0.5293232985074627 0.8512500000000001 0.22540600000000008
0 0.437265625 0.7505412835820896 0.05125000000000002 0.06494700000000003
0 0.5142578125 0.6192764179104477 0.04125000000000001 0.11365800000000004
0 0.554140625 0.6296623432835821 0.05124999999999991 0.10792799999999998
0 0.595234375 0.6254248805970148 0.07437499999999997 0.11174700000000011
0 0.647265625 0.6410042686567163 0.05125000000000002 0.10315200000000005
0 0.6655859375 0.2764532537313433 0.07687500000000003 0.140401
0 0.6995703125 0.7298494477611941 0.08812500000000001 0.438395
0 0.79046875 0.6541979552238806 0.05624999999999991 0.11747799999999993
0 0.8358984375 0.8902290298507463 0.12437500000000001 0.1251200000000001
0 0.8519140625 0.6727041791044776 0.11312500000000003 0.1346700000000001
0 0.950625 0.6775374179104477 0.09562499999999996 0.11365800000000004
