0 0.2734375 0.5502604166666667 0.08000000000000002 0.32666700000000004
0 0.037109375 0.59244825 0.074375 0.35333299999999995
0 0.035664062499999996 0.20890658333333334 0.018125 0.04999999999999997
0 0.15890625 0.5631246666666666 0.165625 0.3666670000000001
0 0.2507421875 0.47088541666666667 0.05312500000000003 0.23416700000000001
0 0.3990625 0.5398437500000001 0.14250000000000002 0.305
0 0.5171484375 0.525833 0.09312499999999996 0.25
0 0.60859375 0.5031770833333333 0.08624999999999994 0.2225
0 0.6783984375 0.5026045 0.06062500000000004 0.17416600000000004
0 0.7398828125 0.4983333333333333 0.04125000000000001 0.16666700000000012
0 0.7708203125 0.4973961666666667 0.025624999999999898 0.16333299999999987
0 0.7998046875 0.4921878333333334 0.03749999999999998 0.15166599999999994
0 0.8485546875 0.4862496666666667 0.06875000000000009 0.14833400000000005
0 0.940625 0.5061455 0.09375 0.14083400000000004
0 0.993359375 0.47151041666666665 0.011874999999999969 0.014999999999999977
