0 0.9396481875 0.2891227595307918 0.08437499999999998 0.48769100000000004
0 0.0263671875 0.1738920469208211 0.053906 0.32121900000000003
0 0.2033203125 0.08004009677419355 0.025781 0.097304
0 0.244140125 0.07271592375366569 0.035938 0.10668200000000001
0 0.293359625 0.05452175659824046 0.020311999999999997 0.030481
0 0.3201171875 0.0536471348973607 0.023436999999999986 0.046893000000000004
0 0.375 0.1351535073313783 0.0625 0.14654200000000003
0 0.404296625 0.0589205835777126 0.02031299999999997 0.03986000000000001
0 0.4673830625 0.05072178885630498 0.017967999999999984 0.06213300000000001
0 0.4849606875 0.047774826979472135 0.006250000000000033 0.011724000000000007
0 0.4982421875 0.046605929618768326 0.021875000000000033 0.022275
0 0.5156245 0.041332480938416426 0.015625999999999918 0.029308
0 0.5330080625 0.04865665395894427 0.019530999999999965 0.018758
0 0.5822263125 0.04426503225806452 0.025780999999999943 0.03517
0 0.6187495 0.08061734017595308 0.015625 0.067996
0 0.6392573125 0.08941189149560118 0.025782000000000083 0.073857
0 0.6751958125 0.08180064809384165 0.04140599999999994 0.10550999999999999
0 0.7345703125 0.08003699413489736 0.026563000000000003 0.08675200000000001
0 0.753515375 0.050127032258064516 0.012500000000000067 0.03282499999999999
0 0.771483875 0.09059419941348973 0.027343999999999924 0.111372
0 0.877733875 0.1527622258064516 0.15234400000000003 0.226261
