0 0.425 0.3700679267935578 0.06375000000000003 0.134958
0 0.0947265625 0.6724065841874085 0.190625 0.44611100000000015
0 0.19343749999999998 0.5825035592972182 0.17250000000000004 0.33270900000000003
0 0.231484375 0.35660109224011716 0.044375000000000026 0.07122799999999999
0 0.524921875 0.37956112298682276 0.05874999999999997 0.09465700000000005
0 0.6328125 0.384773251830161 0.04749999999999999 0.09840700000000001
0 0.7609765625 0.7655403572474377 0.25375000000000003 0.4648550000000001
0 0.756953125 0.3906908653001464 0.0675 0.08809700000000001
0 0.852265625 0.5689244055636895 0.11375000000000002 0.21462100000000006
0 0.838515625 0.3893429941434846 0.05249999999999999 0.09278399999999998
0 0.8846484375 0.49401638067349923 0.06125000000000003 0.10028100000000006
0 0.911640625 0.3947896383601758 0.05125000000000002 0.10590400000000001
