0 0.49328125 0.5968168594436309 0.07125000000000004 0.17917400000000014
0 0.1165234375 0.42163109224011713 0.03 0.07129400000000001
0 0.1421875 0.42286670571010254 0.016250000000000014 0.06378999999999994
0 0.17125 0.4245151903367496 0.03249999999999997 0.05253300000000002
0 0.2016796875 0.4276709633967789 0.03812499999999999 0.06941900000000002
0 0.4790625 0.29896960761346997 0.04750000000000004 0.08255100000000007
0 0.5229296875 0.2827940922401171 0.03874999999999995 0.07317100000000001
0 0.7083203125 0.19406202489019034 0.057499999999999996 0.11538399999999997
0 0.7688671875 0.20321450951683745 0.053749999999999964 0.104128
0 0.8084375 0.19584970571010252 0.04874999999999996 0.06379000000000001
0 0.8560546875 0.2038107364568082 0.03874999999999995 0.08630399999999998
