0 0.0888671875 0.5849479166666667 0.179375 0.185833
0 0.28765625 0.5746871666666666 0.16499999999999998 0.19333399999999998
0 0.3422265625 0.6347399166666666 0.03375 0.09250000000000003
0 0.3705078125 0.7382815833333334 0.04250000000000004 0.14416599999999993
0 0.371328125 0.6242708333333332 0.036250000000000004 0.09000000000000015
0 0.3967578125 0.7343746666666666 0.07375000000000004 0.17750000000000007
0 0.392421875 0.5911975833333334 0.02812500000000001 0.08083399999999992
0 0.4026953125 0.5582809166666668 0.026249999999999996 0.06083399999999991
0 0.4115234375 0.605 0.030625000000000013 0.12750000000000009
0 0.4234765625 0.5929166666666666 0.03375 0.1483329999999999
0 0.445234375 0.7358333333333333 0.07500000000000001 0.16916699999999998
0 0.4655859375 0.7016149166666666 0.04625000000000001 0.186666
0 0.46234375 0.5547913333333333 0.023749999999999993 0.07416700000000002
0 0.469921875 0.6158850833333332 0.02812500000000001 0.06750000000000005
0 0.48875 0.7271354166666666 0.06312499999999999 0.1716670000000001
0 0.480625 0.5657809166666666 0.03249999999999997 0.05999999999999998
0 0.5119921875 0.6860413333333334 0.05312499999999998 0.13749999999999996
0 0.5128125 0.6806774166666667 0.04812499999999997 0.13916599999999998
0 0.5141015625 0.554583 0.03375 0.0625
0 0.5255078125 0.6161461666666667 0.04125000000000001 0.10000000000000002
0 0.5483984375 0.6003121666666668 0.02937500000000004 0.09999999999999994
0 0.5555078125 0.8345315833333333 0.04249999999999998 0.20833299999999996
0 0.5695703125 0.6809895833333334 0.05687500000000001 0.11333300000000006
0 0.5878515625 0.547917 0.03437499999999993 0.0650000000000001
0 0.6143359375 0.6192711666666666 0.04625000000000001 0.13083300000000012
0 0.6243359375 0.8306770833333333 0.045624999999999916 0.22166700000000006
0 0.63578125 0.6319795 0.040000000000000036 0.1408329999999999
0 0.65109375 0.82994825 0.055624999999999925 0.22666599999999995
0 0.6516796875 0.6063020833333334 0.03749999999999998 0.12916699999999995
0 0.6705078125 0.59880175 0.04125000000000001 0.08833400000000007
0 0.6755078125 0.6802600833333333 0.04125000000000001 0.16000000000000006
0 0.7245703125 0.6764065833333334 0.05687500000000001 0.17500000000000004
0 0.7400390625 0.8341663333333332 0.04937500000000006 0.16833400000000007
0 0.7432421875 0.7324996666666667 0.05312499999999998 0.08416700000000003
0 0.7590234375 0.665 0.06062500000000004 0.12749999999999995
0 0.779609375 0.8205729166666668 0.04312499999999997 0.21749999999999994
0 0.7825390625 0.65609375 0.05062499999999992 0.11916700000000002
0 0.842109375 0.6344274166666666 0.16937499999999994 0.20250000000000012
0 0.801640625 0.8241663333333333 0.051875000000000004 0.16666700000000004
0 0.8295703125 0.8370836666666667 0.08875 0.1483329999999999
0 0.872734375 0.8427086666666668 0.07500000000000007 0.1791659999999998
0 0.9254296875 0.46562466666666663 0.03875000000000006 0.11666700000000008
0 0.9284765625 0.648333 0.03500000000000003 0.125
0 0.9401953125 0.6576041666666667 0.026874999999999982 0.1308329999999999
0 0.952734375 0.5374996666666667 0.04437499999999994 0.08583400000000004
0 0.955 0.6325003333333333 0.03187499999999999 0.16916600000000007
0 0.980078125 0.630625 0.03687499999999999 0.15833300000000006
