0 0.3224609375 0.29140591666666665 0.13937500000000003 0.218334
0 0.33640625 0.41979133333333335 0.07187499999999997 0.19999999999999996
0 0.4416796875 0.5309899166666666 0.13124999999999998 0.279166
0 0.433828125 0.582083 0.09937499999999999 0.1875
0 0.4530859375 0.3555208333333333 0.10812499999999997 0.27749999999999997
0 0.4846875 0.4672399166666667 0.11125000000000002 0.21666600000000003
0 0.4933203125 0.30192708333333335 0.08937499999999993 0.16
0 0.575 0.4265100833333333 0.09562500000000007 0.22166699999999998
0 0.6034375 0.390625 0.08000000000000007 0.15833299999999997
0 0.60390625 0.6338024166666667 0.07187500000000002 0.29499999999999993
