0 0.0107421875 0.672991380116959 0.0225 0.15730299999999994
0 0.022265625 0.6714794970760234 0.02 0.1273410000000001
0 0.0433984375 0.6792004502923976 0.029999999999999995 0.13857700000000003
0 0.0751953125 0.6665024619883041 0.026249999999999996 0.1367040000000001
0 0.137421875 0.6633485321637427 0.027499999999999997 0.11984999999999998
0 0.1830859375 0.670198567251462 0.013750000000000012 0.10861399999999996
0 0.204765625 0.664580567251462 0.01999999999999999 0.10861399999999996
0 0.2226953125 0.664580567251462 0.026249999999999996 0.10861399999999996
0 0.242265625 0.6522935906432749 0.021249999999999963 0.10299599999999996
0 0.276015625 0.6476776725146198 0.02124999999999999 0.08239699999999994
0 0.2890625 0.6516526257309941 0.017500000000000016 0.09363299999999997
0 0.312109375 0.629131730994152 0.012499999999999956 0.06928799999999999
0 0.33578125 0.6603746608187134 0.040000000000000036 0.08614299999999998
0 0.358515625 0.6054276959064328 0.020000000000000018 0.07677899999999993
0 0.3973046875 0.6558575321637427 0.03750000000000003 0.11985000000000007
0 0.4965234375 0.5616823567251462 0.18624999999999997 0.16292199999999993
0 0.6010546875 0.6572706257309942 0.03749999999999998 0.09363299999999997
0 0.7379296875 0.45538474269005846 0.25750000000000006 0.065543
0 0.972890625 0.5582984736842105 0.05125000000000002 0.13295900000000002
