0 0.6058984375 0.459792 0.06062499999999993 0.15833300000000006
0 0.015625 0.43197916666666664 0.0325 0.10000000000000002
0 0.4990234375 0.3398958333333333 0.999375 0.246667
0 0.1543359375 0.4244274166666666 0.014374999999999999 0.07583300000000011
0 0.174375 0.43687499999999996 0.0325 0.09583300000000006
0 0.2144140625 0.4307295 0.019375000000000003 0.079166
0 0.2888671875 0.43911425 0.023125000000000007 0.10166700000000002
0 0.336484375 0.44244825 0.044375 0.10166600000000003
0 0.3822265625 0.43703158333333336 0.03500000000000003 0.08250000000000002
0 0.4725390625 0.43682325 0.018125000000000002 0.070833
0 0.579296875 0.44744825000000005 0.028749999999999942 0.10166599999999996
0 0.9755859375 0.4841149166666667 0.04625000000000001 0.185833
