0 0.4582037472660997 0.6892171874999999 0.2102689999999999 0.46037999999999996
0 0.09433187120291617 0.902020375 0.07008899999999997 0.13686900000000002
0 0.2716305370595383 0.90460475 0.05704999999999999 0.149968
0 0.28055093803159176 0.5433986875 0.072534 0.16241000000000005
0 0.43787467071688946 0.2063206875 0.06112500000000002 0.10085100000000002
0 0.5283684034021872 0.2339405 0.051345000000000064 0.17223300000000002
0 0.5743192721749696 0.233296375 0.08313000000000002 0.169614
0 0.7242630814094776 0.6628965 0.22167899999999996 0.391617
0 0.7703629380315917 0.2764738125 0.07253499999999992 0.073346
0 0.8325246087484812 0.7754899375 0.13202999999999993 0.2960050000000001
0 0.8558338736330497 0.227356875 0.10594899999999995 0.184676
