0 0.0351171875 0.8123483440702782 0.053125 0.167918
0 0.0700390625 0.8111828286969254 0.018125000000000002 0.15759800000000007
0 0.1140625 0.8036336691068814 0.01625 0.12945600000000002
0 0.136171875 0.8086664421669106 0.028749999999999998 0.1482170000000001
0 0.186640625 0.8227374421669107 0.02124999999999999 0.148218
0 0.224375 0.8277702152269398 0.031875000000000014 0.16510299999999994
0 0.361796875 0.7925610248901903 0.028124999999999956 0.1153840000000001
0 0.410546875 0.8150049267935578 0.02812500000000001 0.13602200000000017
0 0.4523828125 0.807885859443631 0.041874999999999996 0.18105100000000005
0 0.4921484375 0.8151623440702782 0.029374999999999984 0.1679180000000001
0 0.56875 0.8248419575402635 0.03249999999999997 0.15947399999999995
0 0.6176171875 0.81557521522694 0.021874999999999978 0.16416499999999995
0 0.639765625 0.7969534114202049 0.020625000000000004 0.12382699999999994
0 0.71828125 0.8047732459736456 0.13437500000000002 0.18855600000000008
0 0.8138671875 0.7892640556368961 0.023125000000000062 0.1388369999999999
0 0.8326953125 0.7863357979502197 0.02562500000000001 0.13414699999999996
0 0.8544140625 0.7744394114202049 0.018750000000000044 0.124765
0 0.89296875 0.7804792825768668 0.024375000000000036 0.12288999999999993
0 0.932265625 0.7823293440702782 0.020000000000000018 0.16979400000000003
0 0.9726171875 0.7759035402635431 0.02312499999999995 0.1285169999999999
