0 0.3191796875 0.8494573628318585 0.06875000000000003 0.268177
0 0.03515625 0.8432522566371682 0.07125 0.310671
0 0.44703125 0.8375492802359883 0.13312500000000005 0.18885700000000002
0 0.54609375 0.7897038613569322 0.023749999999999938 0.08687500000000001
0 0.6063671875 0.7890560825958701 0.02187500000000009 0.077432
0 0.6218359375 0.7892364513274336 0.01375000000000004 0.06232200000000002
0 0.7180078125 0.8039765339233038 0.166875 0.13975500000000002
0 0.901015625 0.7288639675516224 0.020625000000000004 0.04249299999999998
0 0.906875 0.8153710501474926 0.03249999999999997 0.11803600000000002
0 0.9176171875 0.7995609351032448 0.023125000000000062 0.08498499999999996
0 0.921640625 0.7172357463126844 0.020625000000000004 0.052881000000000004
0 0.938671875 0.7231989675516225 0.028124999999999956 0.04249299999999998
0 0.9396484375 0.8082301238938052 0.030624999999999902 0.11614799999999988
0 0.965703125 0.8134820501474925 0.03562500000000002 0.11992499999999998
0 0.98671875 0.734998377581121 0.024375000000000036 0.06515499999999985
