0 0.255859375 0.658386294117647 0.511875 0.6789069999999999
0 0.35562499999999997 0.35189723529411765 0.43937500000000007 0.39359700000000003
0 0.3344140625 0.5635067058823529 0.393125 0.4745760000000001
0 0.4469140625 0.2042760588235294 0.36250000000000004 0.237288
0 0.5935937499999999 0.0661764705882353 0.21250000000000008 0.13371
0 0.5611328125 0.9110941176470588 0.10499999999999998 0.17325799999999994
0 0.621953125 0.5547159411764706 0.224375 0.3154430000000001
0 0.66265625 0.34570970588235295 0.19687500000000002 0.17514200000000005
0 0.686328125 0.7852666470588235 0.193125 0.19114899999999999
0 0.688359375 0.9396509411764705 0.13812500000000005 0.11675999999999997
0 0.6707421875 0.13521070588235296 0.08437499999999998 0.125236
0 0.6944140625 0.058823529411764705 0.11187499999999995 0.119586
0 0.75421875 0.19069223529411766 0.18062499999999992 0.19303199999999998
0 0.7274609375 0.7000549411764706 0.10875000000000001 0.16572500000000007
0 0.7471875 0.039705882352941174 0.078125 0.080979
0 0.7675390625 0.2702006470588235 0.11187499999999995 0.18926500000000004
0 0.8271484375 0.4350031764705883 0.21750000000000003 0.35875699999999994
0 0.8225 0.6925636470588236 0.18937499999999996 0.239172
0 0.80015625 0.029411764705882353 0.10250000000000004 0.060264
0 0.88140625 0.9056774705882353 0.22687500000000005 0.18455699999999992
0 0.8366015625 0.16986005882352942 0.09750000000000003 0.185499
0 0.924375 0.12058823529411765 0.1256250000000001 0.242938
0 0.900078125 0.4989835294117647 0.03562500000000002 0.06779699999999994
0 0.9409375 0.8615598235294117 0.10999999999999999 0.09698699999999993
