0 0.11546875 0.5381078518518518 0.08625000000000001 0.505213
0 0.1849609375 0.5203367777777778 0.076875 0.5175360000000001
0 0.2564453125 0.5254902962962963 0.08937500000000001 0.514692
0 0.3651953125 0.518082888888889 0.08812500000000001 0.4985779999999999
0 0.4488671875 0.4996593703703704 0.08500000000000002 0.501422
0 0.5351171875 0.4985857037037037 0.085625 0.448341
0 0.6204296875 0.5087171481481482 0.06937499999999996 0.45876700000000004
0 0.6956640625 0.5133438888888888 0.08062499999999995 0.4995260000000001
0 0.782421875 0.5243599999999999 0.08999999999999997 0.4815170000000001
0 0.864765625 0.5283976296296297 0.083125 0.540284
