0 0.355234375 0.8657054705882352 0.07500000000000001 0.23258
0 0.031328125 0.9106817058823529 0.036250000000000004 0.17514099999999994
0 0.0763671875 0.921103588235294 0.08437499999999999 0.15442500000000003
0 0.088828125 0.8299688235294117 0.036250000000000004 0.046138999999999944
0 0.1271484375 0.864437117647059 0.029375 0.12335199999999986
0 0.1469140625 0.8553812352941176 0.018125000000000002 0.09321999999999996
0 0.1636328125 0.8682041176470587 0.04125000000000001 0.12146900000000004
0 0.204765625 0.8457851764705883 0.05249999999999999 0.10828600000000008
0 0.2420703125 0.8444413529411766 0.02562500000000001 0.0640299999999998
0 0.2758984375 0.8328239411764706 0.061874999999999986 0.16572499999999998
0 0.3303125 0.8056030000000001 0.015625 0.052729999999999846
0 0.4168359375 0.8821258823529412 0.04625000000000001 0.2297550000000001
0 0.458203125 0.8743605294117647 0.03562500000000002 0.22033899999999998
0 0.4987109375 0.8848347058823529 0.04624999999999996 0.22598799999999997
0 0.537578125 0.8907799411764706 0.03562500000000002 0.2156309999999999
0 0.5762890625 0.8718423529411765 0.018124999999999947 0.163842
0 0.6023046875 0.8594745882352941 0.03875000000000006 0.20433100000000012
0 0.637421875 0.8795554117647059 0.028124999999999956 0.14877600000000002
0 0.669296875 0.8276618235294119 0.028124999999999956 0.0969859999999998
0 0.6971484375 0.8684248823529414 0.02937500000000004 0.17984999999999984
0 0.7420703125 0.8578239411764707 0.057499999999999996 0.2175139999999999
0 0.7850390625 0.8617177058823529 0.050000000000000044 0.17608300000000002
0 0.8102734375 0.865071294117647 0.030625000000000013 0.177966
0 0.8613671875 0.8651768823529412 0.053750000000000075 0.23163799999999993
0 0.8814453125 0.8268998823529412 0.026874999999999982 0.08097899999999991
0 0.905390625 0.819303 0.02124999999999999 0.10263700000000009
0 0.9433203125 0.8545110588235295 0.08937499999999998 0.28719399999999984
0 0.9524609375 0.7670598823529411 0.013749999999999929 0.031073000000000076
0 0.973203125 0.8645205294117647 0.03562500000000002 0.2683609999999999
