0 0.12450675 0.5419034242424242 0.086924 0.250597
0 0.034856 0.5872205454545455 0.031538 0.09307900000000001
0 0.1661864375 0.5077236363636364 0.030769999999999992 0.073986
0 0.27296875 0.5283606666666667 0.08615399999999998 0.2350839999999999
0 0.3895044375 0.5795800606060606 0.06153799999999998 0.22195700000000002
0 0.424861625 0.6139331212121212 0.08230799999999999 0.34486799999999995
0 0.478347125 0.5473057878787878 0.03615400000000002 0.17780500000000005
0 0.524561375 0.5344466666666666 0.04307700000000003 0.13365199999999994
0 0.554621625 0.5957906363636364 0.05153799999999997 0.2732700000000001
0 0.6183805625 0.4990091515151515 0.065384 0.10381900000000006
0 0.6559586875 0.6427463939393939 0.100769 0.28878199999999987
0 0.6561271875 0.5011133333333333 0.021538000000000057 0.06682600000000002
0 0.7062466875 0.5185179090909091 0.038461999999999996 0.11933200000000008
0 0.8636506875 0.5924680606060606 0.100769 0.4236270000000001
0 0.9352433125 0.5192951515151515 0.057691999999999966 0.10501199999999995
0 0.980655125 0.495013393939394 0.03615400000000002 0.090692
