0 0.018046875 0.43722480970625793 0.02875 0.03437000000000003
0 0.0227734375 0.7133378978288634 0.030625 0.07201299999999997
0 0.0405078125 0.4335919489144317 0.010625000000000002 0.037642999999999996
0 0.059609375 0.43450922733077907 0.011875000000000004 0.04091699999999998
0 0.07359375 0.43686494891443167 0.024999999999999994 0.037642999999999996
0 0.09078125 0.4319549489144317 0.008125000000000007 0.037642999999999996
0 0.118984375 0.4353892528735632 0.013124999999999998 0.024549999999999985
0 0.1303125 0.42940067049808434 0.015625 0.031097
0 0.15421875 0.671801454661558 0.025000000000000022 0.082651
0 0.1701171875 0.6830971507024266 0.02250000000000002 0.09656299999999987
0 0.21203125 0.6599473409961685 0.03937499999999999 0.06383000000000004
0 0.2607421875 0.626495619412516 0.02250000000000002 0.06873899999999998
0 0.303359375 0.7032573154533844 0.044375 0.08101500000000003
0 0.317265625 0.4303189489144316 0.020000000000000018 0.03600600000000001
0 0.325 0.7330151507024264 0.03125 0.09492600000000011
0 0.3640625 0.42904180970625794 0.015625 0.03437000000000003
0 0.3984375 0.7986807075351213 0.04749999999999999 0.104746
0 0.4265234375 0.6456764802043422 0.030000000000000027 0.0654660000000001
0 0.4559765625 0.6422049233716475 0.03437499999999999 0.054827999999999905
0 0.4781640625 0.9015673780332056 0.050000000000000044 0.13747900000000005
0 0.464765625 0.6359557586206896 0.019999999999999962 0.07037599999999997
0 0.4687890625 0.4335919489144317 0.01874999999999999 0.037642999999999996
0 0.512265625 0.8053642388250319 0.05250000000000005 0.13420600000000002
0 0.55390625 0.8394601762452107 0.04062499999999991 0.07774099999999991
0 0.6378515625 0.6662720114942529 0.03375000000000006 0.09328899999999997
0 0.7269140625 0.44560636653895275 0.018124999999999947 0.045008
