0 0.0263671875 0.0836243724340176 0.05375 0.101313
0 0.0263671875 0.677648046920821 0.05375 0.320825
0 0.02734375 0.4811997507331378 0.055 0.11444700000000003
0 0.0413671875 0.31978526979472144 0.053750000000000006 0.08817999999999998
0 0.075546875 0.08157475073313782 0.06 0.11632300000000001
0 0.0845703125 0.4702889941348974 0.0575 0.08630399999999992
0 0.0993359375 0.5303904750733137 0.07750000000000001 0.11257000000000009
0 0.0884375 0.21210412316715543 0.04875 0.21576
0 0.1029296875 0.6846788416422287 0.06875 0.29643600000000003
0 0.1276171875 0.09552819941348974 0.05374999999999999 0.108818
0 0.1281640625 0.36763668035190616 0.05 0.13508399999999998
0 0.2163671875 0.1047822375366569 0.05374999999999999 0.05816100000000001
0 0.2762109375 0.04105571847507331 0.04625000000000001 0.084428
0 0.2821875 0.39577868035190616 0.048750000000000016 0.135085
0 0.3241796875 0.10268595601173021 0.06875000000000003 0.13883700000000002
0 0.413671875 0.49585129325513194 0.21499999999999997 0.7485930000000001
0 0.39 0.10337944281524926 0.0625 0.08067500000000001
0 0.5115624999999999 0.4231012316715542 0.08000000000000002 0.14259000000000002
0 0.5365234375 0.16056419354838708 0.06125000000000003 0.19512199999999996
0 0.54 0.5558370263929618 0.0625 0.12007499999999997
0 0.5373046875 0.6728525131964809 0.03874999999999995 0.060038000000000015
0 0.555 0.26104092375366567 0.0625 0.10694200000000002
0 0.5840234375 0.14700464809384164 0.06125000000000003 0.103189
0 0.5845703125 0.38363875073313786 0.057499999999999996 0.11444699999999995
0 0.59875 0.6620687184750733 0.06374999999999997 0.08442799999999995
0 0.5999609375 0.4999617507331378 0.04500000000000004 0.11632200000000004
0 0.61734375 0.2606311994134898 0.05500000000000005 0.11069399999999997
0 0.6333203125 0.09723057771260996 0.057499999999999996 0.123828
0 0.635546875 0.5400710586510264 0.05875000000000008 0.15196999999999997
0 0.663515625 0.6185238152492669 0.0824999999999999 0.18011199999999994
0 0.6808203125 0.4323720909090909 0.057499999999999996 0.18386500000000003
0 0.7098828125 0.2571787829912024 0.07250000000000001 0.14821800000000002
0 0.74328125 0.18933619941348978 0.040000000000000036 0.10881799999999998
0 0.78234375 0.08515412903225807 0.05500000000000005 0.131332
0 0.8291015625 0.08802319941348974 0.03500000000000003 0.110694
0 0.8726171875 0.6732622375366568 0.053750000000000075 0.05816200000000004
0 0.8660546875 0.08215809677419356 0.03749999999999998 0.09756100000000001
0 0.93703125 0.07113819941348974 0.10250000000000004 0.11069399999999997
0 0.9444140625 0.5943530967741935 0.04999999999999993 0.09756100000000002
0 0.9695703125 0.19321516129032257 0.057499999999999996 0.16135100000000005
