0 0.6091015625 0.2322211764705882 0.06624999999999992 0.15710300000000002
0 0.0784765625 0.35257205882352943 0.09624999999999999 0.385701
0 0.12980468750000002 0.4393987058823529 0.03874999999999999 0.07525900000000003
0 0.1622265625 0.4387499411764706 0.035 0.065851
0 0.198046875 0.4388038235294117 0.028124999999999983 0.046096000000000005
0 0.219609375 0.4408578823529411 0.013124999999999998 0.031045000000000048
0 0.2286328125 0.4423284705882352 0.010624999999999996 0.03292600000000008
0 0.26277343750000004 0.43292147058823527 0.03 0.03386600000000002
0 0.3493359375 0.38968188235294116 0.10874999999999996 0.431797
0 0.45859375 0.41581776470588233 0.15000000000000002 0.561618
0 0.532578125 0.2468513529411765 0.06812499999999999 0.11194700000000002
0 0.68671875 0.37593982352941174 0.21187499999999992 0.495766
0 0.72125 0.2001490588235294 0.0318750000000001 0.036689000000000006
0 0.7694921875 0.3762424705882353 0.11687499999999995 0.535277
0 0.8667578125 0.3658073529411765 0.1356250000000001 0.412982
0 0.8702734375 0.21008664705882354 0.02937500000000004 0.03856999999999999
0 0.969296875 0.24039594117647062 0.05937500000000007 0.16745100000000002
