0 0.01953125 0.41835234407027816 0.04 0.16791699999999998
0 0.03515625 0.4240062825768668 0.04 0.12289000000000001
0 0.036796875 0.26369031918008784 0.028749999999999998 0.05347099999999999
0 0.0567578125 0.28562631332357247 0.04125 0.14634100000000003
0 0.05421875 0.4064991171303075 0.024375 0.18667899999999996
0 0.062578125 0.42134198243045384 0.036250000000000004 0.2729830000000001
0 0.075859375 0.42285027086383603 0.043125000000000004 0.30206400000000005
0 0.0940625 0.44502249780380676 0.0475 0.28424000000000005
0 0.11234375 0.4501685285505124 0.05624999999999998 0.30956900000000004
0 0.1183203125 0.2889482210834553 0.02562500000000001 0.07504700000000004
0 0.127109375 0.4581996573938507 0.044375 0.3114449999999999
0 0.13722656249999998 0.4784257862371889 0.03500000000000002 0.31519699999999995
0 0.171640625 0.4943209092240117 0.05250000000000002 0.408067
0 0.1859375 0.32448196339677887 0.016875 0.06754200000000002
0 0.1996484375 0.3826611844802343 0.030625000000000013 0.14165099999999992
0 0.213828125 0.38975331332357244 0.036250000000000004 0.146342
0 0.2209375 0.4934789458272328 0.04874999999999999 0.340525
0 0.247421875 0.5119076764275255 0.08999999999999997 0.5178240000000001
0 0.281875 0.5319936090775989 0.125625 0.5600379999999999
0 0.3319921875 0.5655111551976574 0.11562500000000003 0.5956839999999999
0 0.4301171875 0.8405267862371889 0.179375 0.31519699999999995
0 0.37625 0.31034086530014643 0.03187500000000004 0.08817999999999998
0 0.5137109375 0.5947408550512444 0.26437499999999997 0.7467170000000001
0 0.417890625 0.3142502825768667 0.05124999999999996 0.12288999999999997
0 0.52125 0.37200041142020496 0.06374999999999997 0.124765
0 0.5758984375 0.6436620512445095 0.12375000000000003 0.708255
0 0.5418359375 0.3238597979502196 0.04499999999999993 0.133208
0 0.578046875 0.24066741142020498 0.06000000000000005 0.12476599999999997
0 0.599765625 0.3460751844802343 0.02124999999999999 0.14258899999999994
0 0.621484375 0.33936898828696926 0.04375000000000007 0.182927
0 0.638203125 0.6870944436310396 0.06687500000000002 0.6238269999999999
0 0.67671875 0.6576888916544655 0.11874999999999991 0.681051
0 0.668828125 0.35778821522694 0.06687500000000002 0.16510399999999995
0 0.716484375 0.26071018448023425 0.04312500000000008 0.14258900000000002
0 0.766953125 0.6428373089311858 0.130625 0.712008
0 0.75796875 0.30947196339677896 0.08750000000000002 0.06754299999999995
0 0.8246875 0.44374272474377746 0.078125 0.2692299999999999
0 0.9161328125 0.6070942723279649 0.16625 0.77955
0 0.950859375 0.35376454026354315 0.04312500000000008 0.127579
0 0.981328125 0.3921035651537335 0.03562500000000002 0.242026
