0 0.0390625 0.60546875 0.079687 0.11875000000000002
0 0.0560541875 0.6775385625 0.08437599999999999 0.15937500000000004
0 0.084375 0.8056640625 0.06406300000000001 0.08125000000000004
0 0.1437505 0.750391125 0.173437 0.285937
0 0.158984875 0.5455083125 0.05937500000000001 0.12031199999999997
0 0.2197265625 0.55703075 0.06562499999999999 0.14843799999999996
0 0.234765625 0.721875 0.082813 0.22031199999999995
0 0.2787104375 0.5380854374999999 0.06093800000000002 0.12343799999999999
0 0.2935551875 0.754687 0.08437500000000003 0.28125
0 0.3962890625 0.8572260625 0.175 0.11250000000000004
0 0.346484375 0.715234875 0.04375000000000001 0.15312499999999996
0 0.3646479375 0.5966796875 0.04531299999999999 0.09999999999999998
0 0.4017578125 0.7134765625 0.073438 0.19062499999999993
0 0.45390575 0.627733875 0.054688000000000014 0.12187499999999996
0 0.4595703125 0.5470708125 0.057811999999999975 0.07343699999999997
0 0.535546375 0.7373046875 0.16875099999999998 0.35156200000000004
0 0.504296875 0.6173828125 0.028125000000000067 0.104688
0 0.74765575 0.4599604375 0.05468800000000007 0.09218799999999999
0 0.7931645625 0.68125 0.12812500000000004 0.1875
0 0.7982426875 0.5435546875 0.07031199999999993 0.09999999999999998
0 0.894922375 0.47265575 0.043749999999999956 0.11874999999999997
0 0.93828075 0.7326176875 0.11875100000000005 0.16249899999999995
0 0.93515625 0.4822265625 0.04062500000000002 0.09687499999999999
