0 0.03125 0.42780299413489736 0.0625 0.08513700000000005
0 0.0478515625 0.5364935073313783 0.096154 0.14430099999999998
0 0.096665125 0.4307588211143695 0.06730699999999999 0.09523799999999999
0 0.16015625 0.4165383020527859 0.071154 0.122655
0 0.171875 0.5450816803519062 0.09423100000000001 0.13708600000000004
0 0.2777790625 0.5494805073313783 0.111539 0.14574399999999998
0 0.26868975 0.44958764809384166 0.05576900000000001 0.10533999999999992
0 0.334104875 0.4582921994134897 0.059614999999999974 0.10966900000000002
0 0.3447868125 0.5072145454545455 0.073077 0.09235299999999996
0 0.3919620625 0.5609779560117302 0.081731 0.13997200000000004
0 0.4072868125 0.4682535454545454 0.073077 0.09091000000000003
0 0.4727165 0.5058646480938416 0.07884599999999997 0.103897
0 0.5017879375000001 0.560931404692082 0.10769199999999995 0.1342
0 0.5735123125 0.5073309237536656 0.056730999999999976 0.10822600000000002
0 0.6150390625 0.5622347507331378 0.081731 0.11544100000000004
0 0.6659106875 0.5116831994134897 0.07019199999999992 0.11111200000000003
0 0.6998348125 0.5738495777126099 0.10480800000000001 0.125541
0 0.7350211875 0.5144528211143695 0.05288400000000004 0.09523899999999998
0 0.8159709375 0.5694507507331378 0.07788399999999995 0.11688299999999999
0 0.852313625 0.5231340967741935 0.05192300000000005 0.09956800000000007
0 0.9121540625 0.5376106480938416 0.08077000000000001 0.103897
0 0.9819865625 0.5420094750733138 0.03365299999999993 0.11255499999999995
