0 0.5079687500000001 0.5653400588235294 0.05624999999999997 0.187382
0 0.01171875 0.3665001764705882 0.024375 0.10828700000000002
0 0.0132421875 0.03235294117647059 0.021875000000000002 0.064972
0 0.0312109375 0.03623611764705882 0.013749999999999998 0.071563
0 0.042499999999999996 0.36632011764705885 0.031875 0.12335300000000002
0 0.5540625 0.039705882352941174 0.890625 0.080038
0 0.14 0.3764457647058823 0.031875 0.10922799999999999
0 0.169765625 0.3704995294117647 0.020625000000000004 0.11770300000000003
0 0.200546875 0.3738531176470588 0.028124999999999983 0.12241100000000006
0 0.29453125 0.3251436470588236 0.008124999999999993 0.038606999999999995
0 0.307109375 0.3266142352941177 0.012499999999999956 0.04237299999999999
0 0.3148828125 0.33285670588235294 0.010000000000000009 0.025424
0 0.3381640625 0.32955541176470593 0.018125000000000002 0.049906000000000006
0 0.382109375 0.5723967647058824 0.10625000000000001 0.21092299999999992
0 0.6433203125 0.4935135882352941 0.02562500000000001 0.054613999999999996
