0 0.422109375 0.4374482499999999 0.1375 0.35250000000000004
0 0.001953125 0.787083 0.005 0.0625
0 0.0246875 0.7883850833333333 0.015625 0.06750000000000005
0 0.0418359375 0.7683333333333334 0.014374999999999999 0.04333299999999992
0 0.0437890625 0.7975520833333333 0.018124999999999995 0.0666670000000001
0 0.06539062500000001 0.7755725833333332 0.020624999999999998 0.051666999999999984
0 0.125859375 0.7802600833333333 0.013124999999999998 0.03416700000000006
0 0.4056640625 0.9408336666666667 0.01937500000000003 0.08416600000000003
0 0.449296875 0.9715107499999999 0.02812500000000001 0.05500000000000016
0 0.481171875 0.96984375 0.02749999999999997 0.05666700000000002
0 0.562734375 0.47802116666666666 0.13812499999999994 0.32000000000000006
0 0.7553125 0.9278125 0.48624999999999996 0.141667
