0 0.49542475 0.7118370828729281 0.11777299999999996 0.193939
0 0.11287925 0.7082285745856353 0.102784 0.17575799999999997
0 0.1797896875 0.7145571436464088 0.068523 0.1696970000000001
0 0.2316298125 0.7217307900552486 0.10492500000000002 0.17878799999999995
0 0.317246625 0.7307804198895027 0.08351199999999998 0.14848499999999995
0 0.378781 0.7255654972375691 0.09421800000000002 0.16060600000000003
0 0.6032794375 0.7120622817679558 0.124197 0.15757599999999997
0 0.5792059375 0.6557423867403315 0.04496800000000001 0.06969700000000006
0 0.678567 0.6958400055248619 0.09421800000000002 0.181818
0 0.7470076875 0.6994061436464089 0.16274100000000002 0.16969700000000001
0 0.8502135625 0.7032398508287293 0.06638100000000002 0.15454500000000007
0 0.92368975 0.7598696850828728 0.11777300000000002 0.2666660000000001
