0 0.0634765625 0.6133333333333334 0.1275 0.29250000000000004
0 0.208203125 0.7867704999999999 0.34875 0.42333400000000004
0 0.0700390625 0.37927116666666666 0.049375 0.13250000000000003
0 0.18828125 0.36546908333333333 0.03999999999999998 0.129166
0 0.292734375 0.5593232499999999 0.169375 0.196666
0 0.2541796875 0.35265658333333333 0.037500000000000006 0.11333299999999998
0 0.286796875 0.32567675 0.02749999999999997 0.05666699999999995
0 0.45796875 0.7486979166666666 0.27499999999999997 0.4991670000000001
0 0.447734375 0.4970833333333333 0.16937499999999994 0.22916699999999998
0 0.398359375 0.34838541666666667 0.04375000000000001 0.10833300000000001
0 0.4667578125 0.37796908333333334 0.07250000000000006 0.129166
0 0.459375 0.2963541666666667 0.03125 0.06833299999999998
0 0.4978125 0.31286491666666666 0.015625 0.1225000000000001
0 0.58484375 0.4910940833333333 0.11875000000000002 0.15916600000000006
0 0.6116015625 0.3753125 0.06562500000000004 0.141667
0 0.706171875 0.7174479166666666 0.24687499999999996 0.561667
0 0.7162890625 0.3024479166666667 0.01937500000000003 0.05999999999999998
0 0.7282421875 0.28687466666666667 0.021874999999999978 0.05333399999999999
0 0.7552734375 0.29151075 0.030000000000000027 0.05666600000000003
0 0.8208203125 0.5791145833333333 0.12062499999999998 0.268333
0 0.78640625 0.30411425 0.040000000000000036 0.10333400000000004
0 0.841328125 0.40640625 0.12937500000000002 0.134167
0 0.8116015625 0.29614616666666665 0.03374999999999995 0.09999999999999998
0 0.918828125 0.5184895833333334 0.16062500000000002 0.2374999999999999
0 0.84578125 0.3106253333333333 0.008749999999999925 0.07416600000000002
0 0.87296875 0.3108336666666667 0.024375000000000036 0.08416599999999996
0 0.926171875 0.30546875 0.02749999999999997 0.08749999999999991
0 0.9565625 0.3963545 0.046875 0.10999999999999995
0 0.949296875 0.2970315833333333 0.02749999999999997 0.08166600000000002
0 0.977734375 0.3645833333333333 0.04312499999999997 0.10499999999999998
