0 0.12171875 0.6222267404129793 0.05500000000000001 0.333333
0 0.180234375 0.5948591002949852 0.044375 0.23607200000000012
0 0.2055859375 0.6247716991150443 0.045625 0.293673
0 0.228828125 0.6095458466076696 0.03687500000000002 0.287063
0 0.29375 0.5988072890855457 0.0625 0.27101100000000006
0 0.3474609375 0.6127919203539822 0.044999999999999984 0.28423100000000007
0 0.4940625 0.5967481002949853 0.17312500000000003 0.23795999999999992
0 0.6568359375 0.5991045103244838 0.07687500000000003 0.26062299999999994
0 0.6914453125 0.5962715103244838 0.05812499999999998 0.259679
0 0.853828125 0.647534191740413 0.224375 0.39282399999999995
