0 0.539062 0.6453609484536084 0.06406299999999998 0.14432999999999988
0 0.1443364375 0.5945877319587629 0.02968699999999999 0.10103099999999994
0 0.17421825 0.6123706701030928 0.039063000000000014 0.12371200000000002
0 0.17265675 0.5280928556701031 0.024998999999999993 0.055670000000000025
0 0.20859375 0.6211339896907216 0.054688000000000014 0.12989700000000007
0 0.255078125 0.5894330927835052 0.035938000000000025 0.09278300000000003
0 0.3064448125 0.6152062886597938 0.042188 0.14226800000000006
0 0.3896484375 0.6198456082474226 0.06093700000000002 0.14845300000000014
0 0.4490234375 0.5729378144329896 0.029687999999999992 0.07010299999999998
0 0.4828125 0.5739694536082474 0.017188000000000037 0.08247400000000006
0 0.5884765625 0.5925254536082475 0.03437499999999993 0.08041300000000007
0 0.6298823125 0.6216493092783505 0.057813 0.13402100000000006
0 0.68671875 0.6018043711340206 0.02343799999999996 0.11134000000000005
0 0.7310546875 0.6154640309278351 0.03749999999999998 0.11546399999999997
0 0.7443364375 0.6103093917525774 0.02968700000000002 0.105155
0 0.7687505 0.5884024536082474 0.017186999999999952 0.08041200000000003
0 0.7916010625 0.593298793814433 0.018750000000000044 0.07835100000000011
0 0.8125005 0.5966494536082474 0.017187000000000063 0.08041200000000003
0 0.8693364375 0.651288649484536 0.02968700000000002 0.13195900000000002
0 0.86953175 0.5489691546391753 0.024998999999999993 0.06804100000000003
0 0.88984425 0.6597939484536082 0.04062399999999999 0.14639200000000013
0 0.9154301875 0.5953603505154639 0.02343699999999993 0.11958800000000003
0 0.97890625 0.6721650618556702 0.03906300000000007 0.22886599999999999
