0 0.7607419375 0.46902641297935105 0.13867200000000002 0.384956
0 0.0234375 0.35988224778761063 0.048828 0.233038
0 0.14550756250000002 0.34660761651917404 0.09668 0.218289
0 0.3271483125 0.5294981032448377 0.30664099999999994 0.595871
0 0.214844125 0.40855490265486727 0.067382 0.12536799999999995
0 0.327148 0.3097344513274336 0.03125 0.06194700000000001
0 0.40918 0.29940958407079643 0.125 0.25811300000000004
0 0.6269535625 0.3938052595870206 0.31542899999999996 0.6725659999999999
0 0.656249875 0.4115045752212389 0.058594000000000035 0.17846599999999999
0 0.666992625 0.48377619764011803 0.05175699999999994 0.11504399999999995
0 0.7031253125 0.3598824926253687 0.02636700000000003 0.10029500000000001
0 0.7763675 0.3377581150442478 0.015625 0.038348
0 0.8066405 0.32595882005899707 0.017577999999999983 0.048671999999999965
0 0.830078 0.4469028053097345 0.0625 0.24926199999999998
0 0.90039025 0.4498521002949853 0.07128900000000005 0.238938
0 0.9501953125 0.3407076401179941 0.02636700000000003 0.09439600000000002
0 0.96484425 0.3377579351032448 0.008789000000000047 0.08407100000000003
0 0.986327625 0.3392326401179941 0.02050799999999997 0.09439600000000002
