0 0.0205078125 0.7505486017569546 0.04125 0.17354599999999995
0 0.0224609375 0.670127055636896 0.04625 0.13789900000000002
0 0.091328125 0.4367543499267936 0.036250000000000004 0.07879900000000004
0 0.126640625 0.7169619575402636 0.05124999999999999 0.15947400000000003
0 0.18078125 0.8306897554904831 0.10250000000000001 0.2917449999999999
0 0.1624609375 0.6650069633967789 0.014999999999999986 0.06754200000000002
0 0.193125 0.6878627364568081 0.06375 0.08630400000000006
0 0.2162109375 0.784293663250366 0.076875 0.22232700000000005
0 0.2786328125 0.7549592093704247 0.073125 0.2560970000000001
0 0.2964453125 0.6570900922401172 0.02562500000000001 0.07129499999999998
0 0.3430078125 0.8310756881405563 0.10499999999999998 0.3348969999999999
0 0.3791796875 0.735697019033675 0.06937500000000002 0.20637899999999992
0 0.455625 0.8112354919472914 0.06437500000000002 0.37523499999999993
0 0.467890625 0.4206489326500732 0.020625000000000004 0.04596600000000004
0 0.4890625 0.6715911844802342 0.048750000000000016 0.14165099999999992
0 0.5478515625 0.7861619458272329 0.09750000000000003 0.3405250000000001
0 0.5292578125 0.6372067364568081 0.04125000000000001 0.08536600000000001
0 0.6058984375 0.6433608653001465 0.061249999999999916 0.08818000000000002
0 0.6466015625 0.7265003748169838 0.09624999999999995 0.19043200000000005
0 0.6184375 0.4225249326500732 0.016874999999999973 0.044090000000000094
0 0.6295703125 0.4394099326500732 0.02562500000000001 0.04409000000000001
0 0.6394921875 0.4300299326500732 0.02312499999999995 0.04596599999999996
0 0.6534375 0.42421657686676423 0.01749999999999996 0.059099999999999986
0 0.6755859375 0.4496588345534407 0.04500000000000004 0.06566599999999999
0 0.704375 0.6519181229868228 0.0625 0.09568399999999999
0 0.708828125 0.71332321522694 0.06812499999999999 0.16416499999999995
0 0.689765625 0.42831134992679354 0.020625000000000004 0.07879899999999995
0 0.7231640625 0.4296170614934114 0.01937500000000003 0.049719000000000006
0 0.7603515625 0.6433608653001465 0.06499999999999995 0.09005599999999997
0 0.762578125 0.7765092708638359 0.06687500000000002 0.3020629999999999
0 0.7373828125 0.4373064172767203 0.010000000000000009 0.034709000000000025
0 0.7644140625 0.4498431903367497 0.018125000000000058 0.05065699999999998
0 0.80828125 0.46407260761346997 0.040000000000000036 0.08442799999999995
0 0.8334765625 0.7353293074670572 0.06625000000000003 0.234521
0 0.8259375 0.46786876720351395 0.016874999999999973 0.10975599999999999
