0 0.4087893125 0.51744825 0.307031 0.6041660000000001
0 0.302734125 0.20598991666666666 0.066407 0.12499999999999996
0 0.2857421875 0.7010413333333334 0.021874999999999978 0.04374999999999988
0 0.3111330625 0.6953128333333334 0.01953100000000002 0.05937499999999988
0 0.3466801875 0.7005205 0.023436999999999986 0.046875
0 0.3695315 0.69088575 0.017187000000000008 0.05520800000000007
0 0.412109375 0.6901038333333332 0.04453099999999999 0.057292000000000044
0 0.6259763125 0.42890658333333337 0.025782000000000083 0.05104099999999997
0 0.6451169375 0.4302083333333333 0.014063000000000048 0.041667000000000044
0 0.662109625 0.4184895833333333 0.021092999999999917 0.05104200000000003
0 0.689844 0.4205729166666667 0.06406199999999995 0.06041700000000002
