0 0.1432421875 0.69625 0.021875000000000006 0.06499999999999995
0 0.1769921875 0.7021871666666666 0.021874999999999978 0.07000000000000013
0 0.253359375 0.44640658333333333 0.011875000000000024 0.05166599999999999
0 0.3049609375 0.42973958333333334 0.014375000000000027 0.051666999999999984
0 0.327109375 0.4314065833333333 0.013124999999999998 0.050000000000000044
0 0.3446875 0.4278128333333333 0.01687500000000003 0.059165999999999976
0 0.5665234375 0.6817708333333332 0.030000000000000027 0.09083300000000001
0 0.6121484375 0.6824996666666667 0.029999999999999916 0.08583399999999997
0 0.754765625 0.6966145833333334 0.11375000000000002 0.14333300000000002
0 0.8165234375 0.6730205000000001 0.06062500000000004 0.11166699999999996
0 0.9726171875 0.63359375 0.05312499999999998 0.11750000000000009
