0 0.05078125 0.8600517499999999 0.101875 0.27583400000000013
0 0.091796875 0.7103125 0.185 0.39250000000000007
0 0.1326953125 0.5536975833333333 0.245 0.20666700000000002
0 0.1572265625 0.4500520833333333 0.221875 0.19250000000000003
0 0.1878515625 0.6319795 0.15999999999999998 0.2674999999999999
0 0.295703125 0.5836461666666667 0.130625 0.2241660000000001
0 0.3952734375 0.4523955 0.249375 0.07916699999999999
0 0.447265625 0.6331246666666667 0.145625 0.24083400000000008
0 0.4802734375 0.568333 0.09374999999999994 0.125834
0 0.5645703125 0.6413020833333333 0.15125 0.25500000000000006
0 0.5448828125 0.50911425 0.07374999999999998 0.1033340000000001
0 0.5951953125 0.5410413333333334 0.05687500000000001 0.135834
0 0.64390625 0.4523955 0.13437500000000002 0.07916699999999999
0 0.6566015625 0.6121350833333333 0.12749999999999995 0.25499999999999995
0 0.66703125 0.5124482499999999 0.040000000000000036 0.10166599999999996
0 0.7098046875 0.6148958333333333 0.10062499999999996 0.24583300000000005
0 0.7446484375 0.51692675 0.06187500000000001 0.11833400000000009
0 0.786640625 0.5717705000000001 0.08374999999999999 0.17333399999999988
0 0.848671875 0.6646871666666666 0.18500000000000005 0.3191669999999999
0 0.9479296875 0.6878125 0.10125000000000006 0.39250000000000007
