0 0.3945703125 0.8580499759036144 0.05812499999999998 0.24710399999999996
0 0.1841015625 0.8598237108433735 0.03437499999999999 0.21621599999999994
0 0.1924609375 0.7340271807228916 0.044999999999999984 0.15057899999999994
0 0.2168359375 0.8814078554216868 0.04625000000000001 0.233591
0 0.24203125 0.8125201084337349 0.04000000000000001 0.14092700000000002
0 0.26937500000000003 0.8729529518072289 0.06375 0.24613899999999997
0 0.2873046875 0.8254986867469879 0.03812500000000002 0.21139000000000008
0 0.332421875 0.8725289759036144 0.05937500000000001 0.24806899999999996
0 0.31609375 0.7618216987951807 0.02437499999999998 0.088803
0 0.3525 0.8132183975903615 0.03187500000000004 0.1776060000000001
0 0.4697265625 0.8607540963855421 0.06562500000000004 0.26254799999999995
0 0.455 0.785882469879518 0.03187499999999999 0.18436299999999992
0 0.496875 0.8183177108433733 0.033125000000000016 0.21428600000000003
0 0.5554296875 0.8447690722891565 0.10125000000000006 0.26158299999999995
0 0.5307421875 0.786691204819277 0.021874999999999978 0.15251
0 0.61125 0.7233043373493976 0.0625 0.2924710000000001
0 0.641171875 0.8366220963855422 0.05937500000000007 0.263514
0 0.6890625 0.8241499277108434 0.04749999999999999 0.2432429999999999
0 0.734765625 0.7961579277108434 0.05249999999999999 0.242278
0 0.7654296875 0.7798649759036144 0.038125000000000075 0.24710400000000005
