0 0.146796875 0.20362332116788323 0.09062500000000001 0.235294
0 0.16640625 0.37834502919708024 0.13375 0.24089600000000003
0 0.17878906249999998 0.29222830656934307 0.11187499999999999 0.114846
0 0.37421875 0.3281467810218978 0.14875 0.20634900000000003
0 0.414921875 0.4598291094890511 0.18437499999999996 0.30065400000000003
0 0.6365234375 0.706536802919708 0.40624999999999994 0.5845
0 0.5687890625 0.36569583941605843 0.17562499999999998 0.28478000000000003
0 0.6518359375 0.32700569343065694 0.2025 0.286648
0 0.862578125 0.36796998540145986 0.22312500000000002 0.2810460000000001
0 0.8931640625 0.4025993357664233 0.14312499999999995 0.35574199999999995
