0 0.205390625 0.14557258333333334 0.08250000000000002 0.176667
0 0.0183984375 0.13697883333333333 0.030625000000000003 0.05833400000000002
0 0.2362109375 0.08661491666666667 0.014374999999999999 0.06
0 0.288203125 0.07260416666666668 0.0050000000000000044 0.006666999999999997
0 0.332265625 0.08557258333333333 0.020625000000000004 0.05166700000000001
0 0.4208984375 0.09598924999999998 0.030000000000000027 0.07083400000000002
0 0.59125 0.07244758333333333 0.03249999999999997 0.019167
0 0.668046875 0.07468716666666667 0.02749999999999997 0.069167
0 0.69609375 0.08114583333333333 0.024375000000000036 0.059167
0 0.773828125 0.10515658333333333 0.036250000000000004 0.114166
0 0.8307421875 0.07265624999999999 0.02187500000000009 0.070833
0 0.858046875 0.07520866666666666 0.028125000000000067 0.053333
0 0.8883203125 0.08104166666666666 0.026874999999999982 0.05333299999999999
0 0.9155078125 0.07302083333333333 0.010000000000000009 0.027499999999999986
0 0.9281640625 0.07994791666666667 0.01937499999999992 0.06
0 0.9476953125 0.0834375 0.025624999999999898 0.048332999999999994
0 0.9684375 0.07973958333333334 0.015625 0.05166699999999999
0 0.9796484375 0.08640658333333333 0.02937500000000004 0.051666
0 0.992734375 0.07098991666666667 0.012500000000000067 0.030832999999999982
