0 0.5143359375000001 0.5140290249632893 0.07812499999999994 0.350564
0 0.09765625 0.5266575961820852 0.10250000000000001 0.34680500000000003
0 0.1710546875 0.531239738619677 0.07 0.343045
0 0.2139453125 0.5189627400881057 0.057499999999999996 0.36184200000000005
0 0.2518359375 0.5246017400881057 0.07687500000000003 0.361842
0 0.31671875 0.5053353098384727 0.05625000000000002 0.33928600000000003
0 0.355703125 0.5226638810572687 0.06687500000000002 0.335526
0 0.3906640625 0.508683738619677 0.04999999999999999 0.343045
0 0.4367578125 0.5272460234948605 0.073125 0.331767
0 0.4719921875 0.4998731659324523 0.05375000000000002 0.325188
0 0.5775390625 0.5097405961820851 0.050000000000000044 0.346805
0 0.6415234375 0.5201385947136564 0.09187500000000004 0.328007
0 0.7180859375 0.5090364508076358 0.07687499999999992 0.31391
0 0.815 0.5062163113069017 0.09500000000000008 0.359962
0 0.9153125 0.5005184522760646 0.078125 0.33270700000000003
