0 0.633203125 0.49232371532846714 0.06687500000000002 0.267974
0 0.4951171875 0.9631414963503648 0.991875 0.0709610000000002
0 0.1291796875 0.7220070802919708 0.10125 0.06069099999999998
0 0.2279296875 0.6911370291970802 0.06875 0.23996199999999998
0 0.3025390625 0.6900539927007299 0.08187499999999998 0.14285700000000004
0 0.443203125 0.6301262627737226 0.06812500000000005 0.15686300000000003
0 0.6678125 0.49207163503649637 0.04749999999999999 0.208217
0 0.689921875 0.7998091824817518 0.028124999999999956 0.09803900000000011
0 0.705546875 0.47959317518248185 0.059374999999999956 0.23716099999999996
0 0.7591796875 0.47399017518248177 0.06937500000000008 0.23716199999999996
0 0.78671875 0.29039766423357666 0.024374999999999925 0.04855299999999999
0 0.7907421875 0.8055819124087592 0.02312499999999995 0.08309999999999998
0 0.8293359375 0.743535102189781 0.014375000000000027 0.040149000000000025
0 0.8502734375 0.7385766642335767 0.02937500000000004 0.049487
