0 0.0244140625 0.6171839707174231 0.049375 0.45591
0 0.308515625 0.19619326500732065 0.615 0.393996
0 0.1190625 0.6313951669106882 0.07937499999999999 0.413696
0 0.2419140625 0.6249424245973645 0.081875 0.42120099999999994
0 0.361796875 0.6078029707174232 0.09125 0.4559099999999999
0 0.50328125 0.6215321976573939 0.07062499999999994 0.43902499999999994
0 0.6258984375 0.6132034553440703 0.09187500000000004 0.4446529999999999
0 0.805234375 0.20937042459736457 0.38750000000000007 0.42120099999999994
0 0.7186328125 0.8549664978038066 0.13624999999999998 0.28517800000000004
0 0.7602734375 0.6301595534407028 0.12312500000000004 0.4230769999999999
0 0.8385546875 0.6271611976573939 0.10000000000000009 0.43714800000000004
0 0.91984375 0.641003682284041 0.08625000000000005 0.42683000000000004
0 0.946328125 0.7187072650073206 0.09875 0.39493399999999995
