0 0.114375 0.5615817306002928 0.06437499999999999 0.1772980000000001
0 0.13621093750000002 0.5584691171303074 0.04625 0.18667899999999998
0 0.177890625 0.5582406017569547 0.05124999999999999 0.17542299999999994
0 0.21578125 0.5486320863836017 0.040624999999999994 0.16135100000000002
0 0.2490625 0.5338506017569546 0.04874999999999999 0.17448400000000008
0 0.2913671875 0.5235316017569546 0.053749999999999964 0.17542199999999997
0 0.319765625 0.5137387306002928 0.05125000000000002 0.17729799999999993
0 0.3565625 0.51913921522694 0.04749999999999999 0.16416500000000003
0 0.3916796875 0.51351121522694 0.03812500000000002 0.166041
0 0.420625 0.4943373440702782 0.03187499999999999 0.16697899999999996
0 0.4536328125 0.4857099882869692 0.04250000000000004 0.182927
0 0.4892578125 0.4850706017569546 0.04249999999999998 0.17354599999999995
0 0.5186328124999999 0.48236985944363103 0.04250000000000004 0.17917499999999995
0 0.5977734375 0.46571237481698385 0.02937500000000004 0.19230800000000006
0 0.6235546875 0.4609081171303075 0.038124999999999964 0.18574100000000007
0 0.6575 0.45328885944363106 0.03187499999999999 0.18105099999999996
0 0.6808984375 0.4495368594436311 0.02937500000000004 0.17917499999999995
0 0.7075 0.440155859443631 0.03312499999999996 0.18105100000000002
0 0.7366015625 0.42473498828696926 0.034375000000000044 0.18386499999999997
0 0.7684765625 0.4147136017569546 0.03375000000000006 0.174484
0 0.795078125 0.4155383440702782 0.036250000000000004 0.16885499999999998
0 0.826875 0.42258631332357244 0.03187499999999999 0.14446599999999996
0 0.856953125 0.41512547291361646 0.03562500000000002 0.17073199999999997
0 0.884921875 0.41448608638360174 0.028125000000000067 0.16322699999999998
0 0.906796875 0.4041670863836017 0.028125000000000067 0.16228899999999996
0 0.923515625 0.4061131844802343 0.021250000000000102 0.14165100000000005
0 0.938515625 0.40025666910688146 0.020625000000000004 0.13039400000000004
0 0.95109375 0.3899818286969254 0.024375000000000036 0.157598
