0 0.19265625 0.8968539411764705 0.070625 0.16760799999999998
0 0.05984375 0.680937294117647 0.1175 0.1290020000000001
0 0.109765625 0.9228704117647059 0.08374999999999999 0.14971699999999996
0 0.118125 0.6299741176470588 0.063125 0.12335200000000003
0 0.1201953125 0.7399001764705883 0.058124999999999996 0.158192
0 0.20796875 0.9541350588235293 0.0875 0.08756999999999998
0 0.203671875 0.6140300000000001 0.05875 0.10169499999999992
0 0.3267578125 0.5170847058823529 0.041874999999999996 0.17608300000000002
0 0.35546875 0.9473630000000001 0.08687499999999998 0.10169499999999984
0 0.4649609375 0.7889058823529412 0.29500000000000004 0.23163799999999993
0 0.5467187499999999 0.8608697058823529 0.305 0.27495299999999995
0 0.4355078125 0.9251658235294118 0.073125 0.14595099999999994
0 0.7123828125 0.6459145882352941 0.573125 0.403014
0 0.6828125 0.8925477647058823 0.296875 0.210922
0 0.955625 0.5389333529411764 0.03125 0.11205299999999997
