0 0.608046875 0.5529024978038067 0.06000000000000005 0.285178
0 0.087734375 0.623224841874085 0.10624999999999998 0.45215700000000003
0 0.25671875 0.5232781478770132 0.05499999999999999 0.20919300000000002
0 0.3455859375 0.5180168594436311 0.044999999999999984 0.17917499999999995
0 0.399140625 0.530308896046852 0.02124999999999999 0.11163200000000012
0 0.4271875 0.5370505344070279 0.04749999999999999 0.21763600000000002
0 0.469375 0.5058919575402635 0.033125000000000016 0.1594750000000001
0 0.5096093749999999 0.5362527306002928 0.04375000000000001 0.17823700000000003
0 0.564375 0.5113366017569546 0.03312500000000007 0.17542199999999997
0 0.720703125 0.5399787920937043 0.16062500000000002 0.22514099999999998
0 0.67640625 0.5409868901903367 0.040000000000000036 0.20262699999999995
0 0.7130078125 0.5213579882869693 0.04125000000000001 0.18292600000000003
0 0.739375 0.5159133440702781 0.03312499999999996 0.16979299999999997
0 0.7675 0.5138088286969253 0.03312500000000007 0.15572200000000003
0 0.7894921875 0.5020957979502196 0.02312499999999995 0.133208
0 0.89765625 0.5594684978038067 0.07187499999999991 0.28424099999999997
0 0.9373046875 0.5408476939970718 0.03750000000000009 0.24577800000000002
0 0.959453125 0.514309019033675 0.03562500000000002 0.20731700000000008
