0 0.8969921875 0.643224765051395 0.14687499999999998 0.712135
0 0.0576171875 0.6848034610866373 0.11625 0.45813699999999996
0 0.4301953125 0.6069767356828194 0.808125 0.3000940000000001
0 0.168125 0.7064881600587372 0.0625 0.2427090000000001
0 0.26089843749999997 0.7280344419970632 0.06125 0.18908699999999995
0 0.3165234375 0.6811325991189427 0.12374999999999997 0.38946400000000003
0 0.40484375 0.7200948707782672 0.05562499999999998 0.190969
0 0.59421875 0.6807200279001469 0.15000000000000002 0.391345
0 0.7848046875 0.6888655947136564 0.10125000000000006 0.328316
0 0.9918359375 0.6767287327459618 0.014375000000000027 0.258702
