0 0.0654296875 0.6184873958944281 0.1325 0.7603380000000001
0 0.14011718750000002 0.36488999413489737 0.053750000000000006 0.08552700000000002
0 0.2289453125 0.6491993313782992 0.21375 0.697368
0 0.3873046875 0.6293131906158358 0.22562499999999996 0.737782
0 0.57296875 0.6370198123167156 0.2743749999999999 0.7227439999999999
0 0.4769921875 0.6227649970674487 0.05375000000000002 0.5432330000000001
0 0.5999609375 0.3442139941348974 0.04562500000000003 0.08646599999999995
0 0.7548046875 0.6003687038123168 0.3506250000000001 0.796052
0 0.76078125 0.6663780234604105 0.19625000000000004 0.662594
0 0.9271875 0.5754823900293256 0.14249999999999996 0.8458650000000001
