0 0.25656066396761135 0.2625633125 0.06627599999999995 0.08885699999999999
0 0.32223705128205127 0.3265780625 0.10526299999999998 0.14386500000000002
0 0.30514308097165993 0.28784525 0.05847999999999998 0.13399100000000003
0 0.39376171929824555 0.3194160625 0.07017600000000004 0.11142400000000002
0 0.5476080134952767 0.3972241875 0.34502999999999995 0.42877299999999996
0 0.45778941295546555 0.29858612500000004 0.08966900000000007 0.12976000000000001
0 0.6960564426450743 0.3059641875 0.04483400000000007 0.14809599999999998
0 0.7407408596491227 0.26939925 0.037037000000000056 0.10296199999999997
0 0.8061179406207827 0.3122566875 0.09356700000000007 0.13117000000000004
0 0.9050831916329285 0.301517125 0.06822600000000004 0.16078900000000002
0 0.9611634426450743 0.3030358125 0.04483399999999999 0.167842
