0 0.057789875 0.5295200625 0.027777000000000003 0.11274500000000004
0 0.0963474375 0.5217459375 0.029412000000000008 0.07679800000000003
0 0.12575943750000002 0.543211125 0.029412000000000008 0.129085
0 0.16005425 0.5513619375000001 0.04085 0.140523
0 0.1825535625 0.5275669375 0.065359 0.10784299999999997
0 0.2257131875 0.30955112500000004 0.053922 0.130719
0 0.2502231875 0.4820966875 0.053922000000000025 0.13235299999999994
0 0.2707885625 0.5780482499999999 0.06536000000000003 0.19607900000000006
0 0.3223999375 0.664841125 0.076797 0.09803899999999999
0 0.3843758125 0.6625113125 0.135621 0.1209150000000001
0 0.3574279375 0.4782288125 0.04575199999999996 0.10457500000000003
0 0.390127125 0.4782288125 0.03594799999999998 0.10457500000000003
0 0.532564875 0.48172 0.05882399999999999 0.15686300000000003
0 0.6528608125 0.4556719375 0.042483999999999966 0.10784300000000002
0 0.696959625 0.4794285625 0.05228700000000008 0.158497
0 0.8263061875 0.6232125 0.08496700000000001 0.330066
