0 0.161171875 0.546458 0.30874999999999997 0.906667
0 0.0185546875 0.16536491666666667 0.0375 0.12416600000000001
0 0.047265625 0.1854684166666667 0.08374999999999999 0.17
0 0.0829296875 0.16942675 0.03749999999999999 0.11750000000000001
0 0.112734375 0.13130208333333335 0.043125 0.129167
0 0.1433203125 0.13171841666666667 0.058124999999999996 0.10833399999999999
0 0.1876171875 0.1298955 0.11624999999999999 0.205
0 0.4048046875 0.3511458333333333 0.13187500000000002 0.43416699999999997
0 0.359921875 0.12630241666666667 0.02812500000000001 0.046666000000000006
0 0.4037109375 0.15776075 0.07750000000000001 0.11833299999999998
0 0.4474609375 0.10848925 0.044999999999999984 0.07166699999999998
0 0.66765625 0.20463575 0.07125000000000004 0.21166600000000002
