0 0.3150390625 0.3564448125 0.04999999999999999 0.073438
0 0.45078125 0.65859375 0.290625 0.21093800000000007
0 0.3599614375 0.3609375 0.02968700000000002 0.04843799999999998
0 0.3673828125 0.30625 0.04218700000000003 0.0625
0 0.4017578125 0.029296875 0.042188 0.059375
0 0.406640125 0.30078075 0.03593799999999997 0.08593800000000001
0 0.4958984375 0.362891125 0.062499999999999944 0.067187
0 0.5134765625 0.7062505 0.06562499999999999 0.140625
0 0.5341796875 0.3638676875 0.03749999999999998 0.07031200000000004
0 0.55546825 0.3000005 0.03906299999999996 0.07968700000000001
0 0.5919926875 0.301562 0.03749899999999995 0.09531299999999998
0 0.7203125 0.0390625 0.07968799999999998 0.078125
0 0.7232421875 0.3486323125 0.08593699999999993 0.057813
0 0.7513676875 0.3578125 0.03906199999999993 0.04843700000000001
0 0.77265675 0.2916015625 0.05624899999999999 0.09687500000000002
0 0.805859375 0.29765575 0.043749999999999956 0.08593800000000001
0 0.96328125 0.7201176875 0.07031300000000007 0.16406199999999993
0 0.9638676875 0.1654301875 0.06875000000000009 0.085937
