0 0.7543225 0.6817498333333334 0.14213200000000004 0.588832
0 0.18335574999999998 0.6188791666666668 0.14847700000000003 0.568528
0 0.27813675 0.65884775 0.11802000000000001 0.6192890000000001
0 0.3676635 0.6756425 0.17258900000000005 0.642978
0 0.3294783125 0.6235520833333333 0.08883200000000002 0.5042309999999999
0 0.4413465 0.6088524166666667 0.07994900000000005 0.5448400000000001
0 0.5197446875 0.6223955 0.13197899999999996 0.578681
0 0.5186688749999999 0.7807473333333332 0.12182700000000007 0.323181
0 0.645770375 0.6372406666666667 0.13832500000000003 0.615905
0 0.904951125 0.6628924166666667 0.16116799999999998 0.670051
