0 0.0146484375 0.96875 0.029687 0.03281199999999995
0 0.1982421875 0.6384765625 0.396875 0.284375
0 0.4990234375 0.3333984375 0.998438 0.373437
0 0.0064458125 0.92421925 0.010937 0.04062399999999999
0 0.022851062499999998 0.9138666875 0.018750000000000003 0.03750100000000001
0 0.0509770625 0.967188 0.05 0.03281199999999995
0 0.0437495 0.9140625 0.017188000000000002 0.04843699999999995
0 0.0666020625 0.9091796875 0.018750000000000003 0.03749999999999998
0 0.0826171875 0.9015625 0.023437 0.04843699999999995
0 0.09140575 0.8419926875 0.023438 0.03749899999999995
0 0.100390625 0.9095708125 0.020311999999999997 0.042186999999999975
0 0.1076171875 0.916016125 0.02187499999999999 0.035937
0 0.1156255 0.88828075 0.015625 0.02343800000000007
0 0.1291015625 0.9556640625 0.034375 0.04999999999999993
0 0.1265625 0.915625 0.015625 0.03281299999999998
0 0.1544921875 0.9162109375 0.021875000000000006 0.04531199999999991
0 0.174609875 0.9408203125 0.02812500000000001 0.057811999999999975
0 0.1783203125 0.9033203125 0.026563000000000003 0.026563000000000003
0 0.1755859375 0.8109375 0.014061999999999991 0.04843799999999998
0 0.1873051875 0.8185551875 0.021874000000000005 0.05312399999999995
0 0.1998051875 0.7267578125 0.021874999999999978 0.042188
0 0.2130854375 0.9142578125 0.029687999999999992 0.042188
0 0.2048828125 0.890233875 0.010937999999999976 0.028126000000000095
0 0.2185551875 0.8412109375 0.021874000000000005 0.04531200000000002
0 0.218359375 0.9013666875 0.012500000000000011 0.03750100000000001
0 0.23046875 0.7962895625 0.024999999999999994 0.034373999999999905
0 0.2312505 0.8326166875 0.015625 0.03750000000000009
0 0.242578125 0.920703125 0.035938 0.035937
0 0.284765625 0.7052739375 0.020311999999999997 0.04531200000000002
0 0.333203625 0.73671925 0.020311999999999997 0.04062399999999999
0 0.3390625 0.8115229375 0.017187000000000008 0.04531299999999994
0 0.3421875 0.917188 0.017187000000000008 0.03125
0 0.3499995 0.9091796875 0.01718799999999998 0.03749999999999998
0 0.352734375 0.73828125 0.012500000000000011 0.04062500000000002
0 0.3681640625 0.95703075 0.01874999999999999 0.02343799999999996
0 0.394921875 0.9564458125 0.02812500000000001 0.010936999999999975
0 0.4625 0.555078125 0.15625 0.12968800000000003
0 0.396484375 0.7533208125 0.012500000000000011 0.042186999999999975
0 0.4052739375 0.610937 0.014061999999999963 0.03125
0 0.4099609375 0.7587895625 0.014062999999999992 0.034375000000000044
0 0.415234375 0.9515625 0.012500000000000011 0.015625
0 0.4162109375 0.80703125 0.014062999999999992 0.03906300000000007
0 0.4220708125 0.5978515625 0.010936999999999975 0.03437499999999993
0 0.4251948125 0.590234375 0.010938000000000003 0.04375000000000007
0 0.430077625 0.7499995 0.02031299999999997 0.04843799999999998
0 0.4310541875 0.9499995 0.021874999999999978 0.01718799999999998
0 0.4328125 0.8181635625 0.017187000000000008 0.03437599999999996
0 0.450390625 0.718359375 0.020313000000000025 0.043749999999999956
0 0.462109875 0.9474614375 0.028123999999999982 0.02968700000000002
0 0.4718755 0.71484325 0.015625 0.04062499999999991
0 0.4724609375 0.62890625 0.014062999999999992 0.03906299999999996
0 0.48203175 0.9359375 0.025000000000000022 0.046875
0 0.5046875 0.8388671875 0.017188000000000037 0.02343700000000004
0 0.506640625 0.7291015625 0.02031199999999994 0.03437499999999993
0 0.5234375 0.91484375 0.017186999999999952 0.025000000000000022
0 0.5306640625 0.7470698125 0.018750000000000044 0.042188
0 0.54453125 0.6525395625 0.009375000000000022 0.034375000000000044
0 0.5505859375 0.726953125 0.014063000000000048 0.035938000000000025
0 0.555859375 0.557421875 0.012499999999999956 0.028125000000000067
0 0.5609375 0.7255859375 0.015625 0.04531300000000005
0 0.5591796875 0.94296875 0.00781199999999993 0.025000000000000022
0 0.5749995 0.897265625 0.015625 0.051562
0 0.5781245 0.9435551875 0.01718799999999998 0.02343700000000004
0 0.5892578125 0.53203075 0.010936999999999975 0.02500100000000005
0 0.613672375 0.555859875 0.012499999999999956 0.028124000000000038
0 0.6142578125 0.5935546875 0.010938000000000003 0.03906200000000004
0 0.615234375 0.7205078125 0.012499999999999956 0.042188
0 0.62578075 0.9031245 0.02343799999999996 0.04843799999999998
0 0.6259770625 0.876171875 0.018750000000000044 0.028124999999999956
0 0.6498046875 0.5673833125 0.006249999999999978 0.026562000000000086
0 0.652734375 0.5462890625 0.012500000000000067 0.018750000000000044
0 0.66015675 0.8958989375 0.024998999999999993 0.04531199999999991
0 0.655859375 0.63125 0.012499999999999956 0.03125
0 0.6591796875 0.5716801875 0.006249999999999978 0.02343699999999993
0 0.6677729375 0.89375 0.014063000000000048 0.03125
0 0.6673828125 0.6380864375 0.010936999999999975 0.029686999999999908
0 0.666015125 0.541796875 0.0046879999999999145 0.028125000000000067
0 0.6802729375 0.541796875 0.014063000000000048 0.028125000000000067
0 0.6916020625 0.881640625 0.018750000000000044 0.020311999999999997
0 0.6908208125 0.866796375 0.010936999999999975 0.012501000000000095
0 0.6947270625 0.898828125 0.018748999999999905 0.035938000000000025
0 0.6953125 0.8173828125 0.015625 0.042188
0 0.7021479375 0.5552734375 0.014062999999999937 0.02968700000000002
0 0.7060541875 0.92890675 0.021876000000000007 0.024998999999999993
0 0.706640125 0.527734375 0.0046880000000000255 0.012500000000000067
0 0.716015625 0.81484425 0.020311999999999997 0.04062499999999991
0 0.7205078125 0.5626953125 0.010937000000000086 0.026563000000000003
0 0.728515625 0.92578075 0.020311999999999997 0.02499999999999991
0 0.7312495 0.7220708125 0.015625 0.042186999999999975
0 0.736327625 0.9001953125 0.020312999999999914 0.026562000000000086
0 0.7359375 0.8896484375 0.01718799999999998 0.029688000000000048
0 0.73828125 0.5220703125 0.009375000000000022 0.026561999999999975
0 0.748827625 0.813672375 0.020313000000000025 0.043749999999999956
0 0.75078125 0.7259765625 0.009375000000000022 0.034375000000000044
0 0.7599609375 0.5494140625 0.014061999999999908 0.018749999999999933
0 0.760546375 0.542577625 0.012499999999999956 0.020313000000000025
0 0.7656245 0.8857426875 0.01718799999999998 0.03906200000000004
0 0.766797375 0.7283198125 0.012499999999999956 0.042188
0 0.7775395625 0.8126958125 0.034375000000000044 0.042186999999999975
0 0.774609375 0.55 0.012499999999999956 0.03281199999999995
0 0.78515675 0.887109375 0.024998999999999993 0.04375000000000007
0 0.7779296875 0.5333989375 0.00781199999999993 0.014062000000000019
0 0.7906245 0.5779291875 0.015625 0.021876000000000007
0 0.7921875 0.547265625 0.015625 0.020313000000000025
0 0.8119140625 0.8796875 0.018750000000000044 0.017188000000000092
0 0.812109375 0.587109875 0.012499999999999956 0.028124000000000038
0 0.819921875 0.809766125 0.028124999999999956 0.035937
0 0.8142578125 0.54921875 0.010937000000000086 0.025000000000000022
0 0.8142578125 0.9138666875 0.010937000000000086 0.03750100000000001
0 0.8251953125 0.8951166875 0.026563000000000003 0.03750000000000009
0 0.830077625 0.5880864375 0.020312999999999914 0.02968700000000002
0 0.8328125 0.80234325 0.015625 0.04062600000000005
0 0.8353520625 0.630078125 0.018748999999999905 0.035937999999999914
0 0.8572260625 0.89296875 0.018750999999999962 0.02343800000000007
0 0.866796375 0.7154296875 0.012501000000000095 0.03906199999999993
0 0.8767578125 0.8853515625 0.010937000000000086 0.03437499999999993
0 0.88046825 0.9251958125 0.009376000000000051 0.010936999999999975
0 0.8876948125 0.56015575 0.010938000000000003 0.02343800000000007
0 0.888671375 0.8810546875 0.012499999999999956 0.03749999999999998
0 0.9025390625 0.9228510625 0.018749999999999933 0.018750999999999962
0 0.9068359375 0.7876948125 0.014062000000000019 0.042188
0 0.929296875 0.86640675 0.028124999999999956 0.05624899999999999
0 0.9265625 0.5919926875 0.015625 0.03906200000000004
0 0.9404301875 0.8603520625 0.02187500000000009 0.050000000000000044
0 0.9494140625 0.9201171875 0.018749999999999933 0.021874999999999978
0 0.9544921875 0.791796375 0.021874999999999978 0.043749999999999956
0 0.954297375 0.720312 0.012499999999999956 0.03125
0 0.9626948125 0.78671825 0.010938000000000003 0.04062600000000005
0 0.9734375 0.7119135625 0.015625 0.03437599999999996
0 0.973047375 0.918359375 0.012499999999999956 0.012500000000000067
0 0.9787109375 0.7478515625 0.014061999999999908 0.034375000000000044
0 0.984765625 0.7712885625 0.020313000000000025 0.034375000000000044
0 0.990234375 0.7177734375 0.012499999999999956 0.029688000000000048
