0 0.3441796875 0.7447127647058823 0.07 0.31103700000000006
0 0.150139 0.7607121176470587 0.063333 0.270903
0 0.219028 0.748662 0.06333299999999997 0.302676
0 0.244782875 0.6489818235294118 0.028888999999999998 0.1454850000000001
0 0.29727475 0.6578893529411765 0.02444400000000002 0.11371200000000001
0 0.315859375 0.6249898823529412 0.013332999999999984 0.08026800000000002
0 0.3489935 0.6158222352941176 0.047777000000000014 0.09197299999999996
0 0.3693623125 0.6134275882352941 0.025554999999999994 0.05518300000000012
0 0.402560875 0.6437634117647059 0.028888999999999998 0.14715699999999998
0 0.4138408125 0.663486294117647 0.04222300000000001 0.17893000000000006
0 0.452595375 0.6890318235294117 0.043332999999999955 0.1956520000000001
0 0.4754560625 0.623662 0.01888899999999999 0.051839999999999976
0 0.5028297500000001 0.6608305294117647 0.024444999999999995 0.11872900000000002
0 0.5229641875 0.6612333529411765 0.022222000000000075 0.11371300000000008
0 0.549227875 0.6629650588235294 0.02777699999999994 0.135451
0 0.5819231875 0.6749311764705883 0.053332999999999964 0.15719099999999991
0 0.6121575625 0.6991741176470588 0.03444400000000003 0.07190600000000005
0 0.6148828125 0.6217885882352941 0.011110999999999982 0.055184000000000025
0 0.657578125 0.6949637647058824 0.036667000000000005 0.06020099999999995
0 0.6677125625 0.653536294117647 0.03333300000000006 0.12876300000000004
0 0.6874091875 0.6391158235294118 0.022221999999999964 0.045149999999999996
0 0.690338875 0.6926865294117647 0.028888999999999943 0.06856200000000001
0 0.7090579375 0.6217885882352941 0.014445000000000041 0.055184000000000025
0 0.7424264375 0.6884761764705882 0.029999999999999916 0.05852900000000005
0 0.769800125 0.6895439411764706 0.03555600000000003 0.06521700000000007
0 0.8569049375 0.688938705882353 0.046667000000000014 0.07525100000000001
0 0.9057594375 0.6643172352941176 0.030000000000000027 0.09364600000000001
0 0.9297356875 0.7709961176470589 0.06888799999999995 0.12207400000000006
0 0.928115875 0.6425195294117647 0.02777799999999997 0.07023400000000007
0 0.975356125 0.7829875294117649 0.035555 0.06856199999999993
