0 0.72115075 0.8073773825136613 0.08727300000000004 0.282442
0 0.01953125 0.9057790546448087 0.04 0.18320600000000006
0 0.02734375 0.7693656939890711 0.056364 0.17557199999999995
0 0.06761400000000001 0.9426858087431694 0.063636 0.109414
0 0.07222656250000001 0.8245947322404371 0.06545499999999999 0.155216
0 0.1472476875 0.8199955081967212 0.130909 0.3536890000000001
0 0.2091300625 0.8386623442622951 0.081818 0.30534300000000003
0 0.2272403125 0.7708356885245902 0.025454999999999978 0.10686999999999999
0 0.252123125 0.7606576885245901 0.03636400000000001 0.10686999999999999
0 0.2816511875 0.7343259234972678 0.021818000000000004 0.045801999999999995
0 0.3434375 0.7283820874316941 0.04727300000000001 0.09414700000000004
0 0.455901625 0.8736392568306012 0.145455 0.2111959999999998
0 0.428352 0.733148043715847 0.03272799999999998 0.04834600000000001
0 0.46142 0.8348241693989072 0.09454599999999996 0.11959299999999994
0 0.4566015625 0.802225524590164 0.03454499999999999 0.05852399999999998
0 0.504382375 0.8319880546448086 0.07454500000000003 0.18575100000000003
0 0.541754625 0.8005982185792351 0.05090899999999998 0.23409700000000003
0 0.6182844375 0.8086601366120219 0.030909000000000075 0.20865099999999998
0 0.66680425 0.7764359726775957 0.040000000000000036 0.16030500000000006
0 0.7953230625 0.807960612021858 0.049090999999999996 0.15267199999999984
0 0.823572625 0.759291568306011 0.05272700000000008 0.10432599999999997
0 0.84478675 0.8993239344262295 0.08727299999999993 0.18066200000000004
0 0.9034765625 0.9116714535519126 0.12727300000000008 0.17048299999999997
0 0.8704719375 0.7556211256830602 0.014546000000000059 0.07124699999999992
0 0.886534 0.7977516830601094 0.03272699999999995 0.040711999999999894
0 0.8932348125 0.7579778852459017 0.04181800000000002 0.06615799999999994
0 0.917307875 0.8022779617486339 0.029090999999999978 0.02289999999999996
0 0.95387775 0.9044129344262295 0.08727300000000004 0.18066200000000004
0 0.9310124375 0.7628786448087432 0.030909000000000075 0.06106899999999996
0 0.935625 0.7989295628415302 0.03272699999999995 0.038167999999999876
0 0.98108 0.8156470491803278 0.03272700000000006 0.11704800000000011
