0 0.877421875 0.42635416666666665 0.05999999999999994 0.19500000000000006
0 0.07035156249999999 0.435 0.034999999999999996 0.125833
0 0.1505078125 0.43338575 0.041874999999999996 0.150833
0 0.2978515625 0.4166663333333333 0.03375 0.168334
0 0.3364453125 0.4286979166666667 0.026249999999999996 0.12249999999999998
0 0.3732421875 0.4208854166666667 0.02250000000000002 0.10833300000000001
0 0.4053515625 0.4221875 0.03500000000000003 0.11166700000000003
0 0.5065234375000001 0.41026075 0.02999999999999997 0.11916599999999995
0 0.5738671875 0.41140625 0.023125000000000062 0.13416700000000006
0 0.6726953125 0.42161425 0.026874999999999982 0.10333399999999997
0 0.7301171875 0.4145833333333333 0.021874999999999978 0.10500000000000005
