0 0.45625 0.6351471669106882 0.15625000000000006 0.414635
0 0.31546875 0.775560767203514 0.05499999999999999 0.10881800000000001
0 0.3732421875 0.7608493806734993 0.05375000000000002 0.10037600000000006
0 0.4094140625 0.7704848345534406 0.019374999999999976 0.06566599999999999
0 0.4753125 0.7594121903367497 0.04749999999999999 0.05159399999999999
0 0.496171875 0.758587448023426 0.02812500000000001 0.05722299999999998
0 0.534921875 0.7450166383601757 0.06000000000000005 0.10787999999999996
0 0.5832421875 0.7564569941434847 0.053749999999999964 0.090995
0 0.7423828125 0.5821244802342606 0.323125 0.5572230000000001
0 0.6758203125 0.7686088345534408 0.02562500000000001 0.06566599999999999
0 0.73328125 0.7512408653001463 0.07125000000000004 0.08911799999999999
