0 0.0048828125 0.4436890614934114 0.010625 0.04971800000000003
0 0.0461328125 0.4299156749633968 0.010624999999999996 0.04033699999999997
0 0.0935546875 0.5504043323572474 0.069375 0.34990600000000005
0 0.12890625 0.4384719326500732 0.040624999999999994 0.04409000000000001
0 0.1537109375 0.5874453631039531 0.076875 0.3742959999999999
0 0.2015234375 0.6150794553440703 0.12312499999999998 0.4446530000000001
0 0.178984375 0.4411726749633968 0.011874999999999997 0.038461000000000016
0 0.1846875 0.43261541727672037 0.016875 0.03470899999999994
0 0.2412890625 0.5621433016105417 0.04999999999999996 0.3255160000000001
0 0.3291796875 0.6059087496339678 0.10000000000000003 0.382739
0 0.4198046875 0.6870944436310396 0.16374999999999995 0.6238269999999999
0 0.384453125 0.4475553191800878 0.06687500000000002 0.05534700000000003
0 0.4545703125 0.6700664612005857 0.08937499999999998 0.35365899999999995
0 0.4668359375 0.4508512884333821 0.014374999999999971 0.03095700000000004
0 0.4756640625 0.4521310614934114 0.01874999999999999 0.049719000000000006
0 0.4912109375 0.4688327057101025 0.014375000000000027 0.061914
0 0.5724218750000001 0.6734784743777452 0.15250000000000002 0.649156
0 0.54296875 0.6926610629575403 0.08687500000000004 0.525328
0 0.72859375 0.6711906032210835 0.2124999999999999 0.6529079999999999
0 0.6482421875 0.47194531918008786 0.02187500000000009 0.05347099999999999
0 0.66734375 0.47633770571010253 0.024375000000000036 0.06285199999999998
0 0.8854296875 0.6807549590043924 0.22625000000000006 0.6360229999999999
0 0.8076953125 0.47633770571010253 0.026874999999999982 0.06285199999999998
0 0.8217578125 0.4658602884333821 0.010624999999999996 0.03095700000000004
0 0.8298828125 0.4673244172767203 0.010000000000000009 0.03283400000000005
0 0.840859375 0.4683766749633968 0.012500000000000067 0.040337999999999936
0 0.96328125 0.475654159590044 0.008750000000000036 0.02907999999999995
0 0.9737109375 0.47066554612005856 0.014374999999999916 0.03658499999999998
