0 0.128515625 0.9579184787701318 0.05125000000000002 0.0806749999999999
0 0.152578125 0.8383608901903368 0.036250000000000004 0.20262700000000003
0 0.1675 0.5994110614934114 0.03312499999999999 0.04784200000000008
0 0.245234375 0.9182380863836017 0.04312499999999997 0.16135099999999994
0 0.2444921875 0.6029355461200586 0.021874999999999978 0.03658499999999998
0 0.2482421875 0.31535541727672034 0.023125000000000007 0.032832999999999994
0 0.2905859375 0.8973725710102489 0.044999999999999984 0.15196999999999988
0 0.2871484375 0.31366277306002927 0.030624999999999958 0.01969999999999998
0 0.2969921875 0.619750448023426 0.021874999999999978 0.05722399999999995
0 0.3121875 0.3116024172767204 0.017500000000000016 0.03470899999999998
0 0.3176171875 0.6168221903367497 0.023125000000000007 0.05159499999999995
0 0.341171875 0.8915160556368961 0.05874999999999997 0.13789799999999988
0 0.3663671875 0.6316478345534408 0.02312499999999995 0.06472800000000001
0 0.3953125 0.6349879633967789 0.016874999999999973 0.06754299999999999
0 0.4913671875 0.21401547877013177 0.11625000000000002 0.08067500000000002
0 0.555078125 0.8344063133235724 0.03562500000000002 0.1444650000000001
0 0.5690234375 0.6658748653001465 0.02937500000000004 0.0891179999999999
0 0.612890625 0.8345906691068815 0.05249999999999999 0.12945600000000002
0 0.8037109375 0.4677113499267936 0.39 0.07692299999999992
0 0.6366796875 0.6406169633967789 0.03874999999999995 0.06754200000000002
0 0.6301171875 0.37321780380673497 0.021874999999999978 0.042213999999999974
0 0.708203125 0.8233778286969252 0.161875 0.15572200000000003
0 0.766015625 0.3540449326500732 0.020625000000000004 0.04408999999999997
0 0.8170703125 0.773544571010249 0.1206250000000001 0.15197000000000013
0 0.8162109375 0.7152079326500732 0.04500000000000004 0.04596599999999996
0 0.883203125 0.7083346017569547 0.03687499999999999 0.17354599999999987
0 0.9048828125 0.7306911844802343 0.04249999999999998 0.142589
0 0.9194921875 0.7591577364568082 0.023125000000000062 0.08630400000000006
0 0.9555859375 0.6857851595900439 0.01375000000000004 0.028142000000000056
0 0.981796875 0.6859867364568082 0.028124999999999956 0.08630400000000006
