0 0.557078125 0.5962600833333332 0.16200000000000003 0.5346670000000001
0 0.0273671875 0.5909375 0.054 0.42266699999999996
0 0.055671875 0.7012916666666666 0.02899999999999999 0.1160000000000001
0 0.0817421875 0.5021559166666667 0.023000000000000007 0.156
0 0.11625 0.5907295 0.06299999999999999 0.33066600000000007
0 0.13187500000000002 0.5954371666666667 0.09399999999999999 0.3826669999999999
0 0.2093203125 0.5704163333333333 0.056999999999999995 0.35600000000000004
0 0.227875 0.6047392500000001 0.09400000000000003 0.3839999999999999
0 0.2783671875 0.5733955000000001 0.05299999999999999 0.3306669999999999
0 0.32725 0.6049267500000001 0.064 0.369334
0 0.3568125 0.4594684166666667 0.017000000000000015 0.045333999999999985
0 0.41496875 0.595875 0.08600000000000002 0.34533300000000006
0 0.412203125 0.6424378333333333 0.067 0.46399999999999997
0 0.4924609375 0.56719825 0.04600000000000004 0.29066600000000004
0 0.659578125 0.5790725833333333 0.03700000000000003 0.30133399999999994
0 0.6772265625 0.59578125 0.06599999999999995 0.35333300000000006
0 0.744203125 0.5802809166666667 0.06800000000000006 0.310667
0 0.7650625 0.6036565833333333 0.07900000000000007 0.36400000000000005
0 0.8489453125 0.6066975833333333 0.08899999999999997 0.3320000000000001
0 0.8728359375 0.68963575 0.015000000000000013 0.08799999999999993
0 0.9230625 0.5817086666666667 0.07899999999999996 0.304
0 0.938921875 0.6176458333333333 0.09099999999999997 0.309333
0 0.94490625 0.45438575 0.009000000000000008 0.02400000000000002
0 0.9626484375 0.4763955 0.031000000000000028 0.07866699999999997
0 0.9847421875 0.49214616666666666 0.02200000000000002 0.10133300000000005
0 0.9898125 0.47131283333333335 0.017000000000000015 0.057333
