0 0.13399709589041098 0.9255078125 0.179825 0.13624999999999998
0 0.1973532602739726 0.7533984375 0.308114 0.09250000000000003
0 0.1771513287671233 0.2975 0.255482 0.09437499999999999
0 0.0833182602739726 0.749921875 0.054825 0.05937500000000007
0 0.08133561643835617 0.297421875 0.03837699999999999 0.09062500000000001
0 0.12636731506849316 0.2984375 0.015349999999999996 0.07999999999999996
0 0.1536289178082192 0.7519921875 0.0625 0.05437500000000006
0 0.17446191780821915 0.2937109375 0.0625 0.07687500000000003
0 0.19864487671232875 0.7509765625 0.09539500000000002 0.06499999999999995
0 0.1886569589041096 0.300390625 0.032893999999999965 0.08374999999999999
0 0.26393846575342467 0.9275390625 0.15350899999999998 0.11250000000000004
0 0.23334264383561645 0.2905859375 0.017543999999999966 0.07687499999999997
0 0.2544459589041096 0.3006640625 0.032894999999999994 0.080625
0 0.27314691780821915 0.751015625 0.0625 0.05125000000000002
0 0.28755131506849313 0.3044140625 0.015351000000000026 0.08187499999999998
0 0.3131762876712329 0.74703125 0.03618399999999997 0.07187499999999991
0 0.3656421506849315 0.931484375 0.13706200000000004 0.10562499999999997
0 0.4819301095890411 0.7740234375 0.16885999999999998 0.12312499999999993
0 0.4661888767123287 0.92953125 0.09539500000000005 0.10249999999999992
0 0.527261602739726 0.92875 0.04824599999999997 0.06312499999999999
0 0.5326089452054794 0.7580078125 0.0416670000000001 0.07374999999999998
0 0.6533438630136986 0.7648046875 0.105263 0.13124999999999998
0 0.658840602739726 0.9209765625 0.04824600000000007 0.09749999999999992
0 0.6758292328767124 0.9184375 0.07785099999999993 0.109375
0 0.7619410821917808 0.7629296875 0.189693 0.13124999999999998
0 0.8253729452054794 0.4955859375 0.2916659999999999 0.10812500000000003
0 0.7276345479452055 0.7598828125 0.09210499999999995 0.104375
0 0.748677904109589 0.490703125 0.07236900000000006 0.06812499999999999
0 0.8238857123287671 0.9295703125 0.21600899999999998 0.08875
0 0.7671832465753424 0.884375 0.06579000000000008 0.06437499999999996
0 0.7915018630136986 0.911875 0.105263 0.125
0 0.7921319315068494 0.8733984375 0.05372799999999994 0.030625000000000013
0 0.8225488767123288 0.7641015625 0.09539500000000005 0.12812499999999993
0 0.8041939315068493 0.4828515625 0.05153500000000005 0.065
0 0.8831261917808219 0.7628515625 0.10745599999999998 0.12812500000000004
0 0.8730625753424657 0.478046875 0.06907900000000007 0.06000000000000005
0 0.9046649589041096 0.48890625 0.03289500000000004 0.07187500000000002
0 0.9319423013698631 0.478046875 0.024122999999999888 0.06000000000000005
