0 0.3671875 0.7039062499999998 0.078125 0.258333
0 0.232812 0.5630208333333333 0.03125 0.15208300000000005
0 0.25 0.43359375 0.03281299999999998 0.05625000000000006
0 0.3513671875 0.56875 0.023436999999999986 0.125
0 0.3906245 0.483333 0.017188000000000037 0.0625
0 0.4166020625 0.4809895833333333 0.018749000000000016 0.0520830000000001
0 0.440234375 0.483333 0.012500000000000011 0.06458399999999997
0 0.454297375 0.4859371666666667 0.012500000000000011 0.06874999999999994
0 0.6205083125 0.7445315833333334 0.08906199999999997 0.27083299999999993
0 0.615234375 0.5164062500000001 0.043749999999999956 0.07083299999999992
0 0.6576176875 0.7406246666666666 0.03906199999999993 0.24166700000000016
0 0.7529296875 0.6979163333333332 0.07031200000000004 0.22916700000000004
