0 0.7225390625 0.5229690833333334 0.08125000000000004 0.25333300000000003
0 0.1168359375 0.5315628333333333 0.04625 0.12083300000000004
0 0.235625 0.5104690833333333 0.06312500000000001 0.25500000000000006
0 0.3275 0.6286461666666666 0.15625 0.725
0 0.45546875 0.5292190833333333 0.11750000000000005 0.31749999999999995
0 0.615390625 0.4896350833333334 0.02124999999999999 0.12916699999999995
0 0.6760546875 0.4952083333333333 0.03875000000000006 0.13749999999999996
0 0.84 0.5335940833333334 0.125625 0.41
0 0.824609375 0.4778128333333333 0.011874999999999969 0.05750000000000003
0 0.8358203125 0.439375 0.026874999999999982 0.09499999999999997
0 0.88125 0.5044788333333333 0.03249999999999997 0.18416699999999997
0 0.9405078125 0.4989583333333334 0.07374999999999998 0.19916699999999996
0 0.9637890625 0.4989586666666666 0.050000000000000044 0.240833
