0 0.2155859375 0.5508198535871156 0.13874999999999998 0.26991600000000004
0 0.048828125 0.626664878477306 0.098125 0.38425500000000007
0 0.324453125 0.5097119267935578 0.12937500000000002 0.13495800000000008
0 0.357265625 0.31166731332357245 0.05125000000000002 0.14433
0 0.367421875 0.48071902489019036 0.05874999999999997 0.11527599999999996
0 0.3917578125 0.3482222518301611 0.04124999999999995 0.09934399999999997
0 0.433984375 0.46771822108345534 0.044375 0.07497700000000002
0 0.5078125 0.47199434992679357 0.04812499999999997 0.07872500000000003
0 0.5590625 0.4659604787701318 0.046875 0.08059999999999992
0 0.628125 0.46180160761347 0.0625 0.08247399999999994
0 0.6666796875 0.30645418448023426 0.06937500000000008 0.142456
0 0.6934375 0.2812063440702782 0.04874999999999996 0.16775999999999994
0 0.701796875 0.4607473499267936 0.06000000000000005 0.07685099999999993
0 0.762890625 0.4582299633967789 0.05124999999999991 0.06935299999999996
0 0.83171875 0.45635496339677895 0.05625000000000002 0.06747899999999996
0 0.90640625 0.4505556076134699 0.07125000000000004 0.08434800000000002
0 0.9773828125 0.4459858653001464 0.04249999999999998 0.08997200000000008
