0 0.061686687500000004 0.49001692615769704 0.100688 0.38701900000000006
0 0.150064 0.49432828160200254 0.09506 0.36137800000000003
0 0.25056875 0.5689603479349187 0.18011299999999997 0.28685900000000003
0 0.2352381875 0.4114266408010012 0.085678 0.18189100000000002
0 0.3060614375 0.4006592052565707 0.092557 0.18509600000000004
0 0.3605035 0.5830859612015019 0.11006900000000003 0.27243599999999996
0 0.39443875 0.39239489862327903 0.08755400000000002 0.190705
0 0.4305905625 0.5849933166458072 0.09756100000000001 0.24759600000000007
0 0.4812475625 0.3819248498122654 0.096935 0.209936
0 0.5176738125 0.5638088811013767 0.10443999999999998 0.249199
0 0.5800495625 0.5780727346683354 0.12758000000000003 0.3004800000000001
0 0.5698993125 0.3863814142678348 0.08880500000000002 0.211538
0 0.6463075 0.5893437834793492 0.11006899999999997 0.28445500000000007
0 0.654206125 0.4076188986232791 0.09818700000000002 0.19230800000000006
0 0.7313405 0.5710589924906133 0.171983 0.3108980000000001
0 0.709241125 0.4155397384230288 0.099437 0.14663399999999996
0 0.78983 0.42784915644555693 0.1263289999999999 0.20112200000000002
0 0.880752375 0.5037911038798498 0.10631599999999997 0.375
