0 0.1579814375 0.459245125 0.28 0.28666600000000003
0 0.4807685625 0.6351298750000001 0.91 0.685
0 0.10901075 0.6573955 0.05500000000000001 0.07999999999999996
0 0.138958 0.608671875 0.031667 0.028333000000000053
0 0.1699873125 0.5899873125 0.058333000000000024 0.056665999999999994
0 0.2330859375 0.6956123125 0.07666699999999999 0.088333
0 0.2352734375 0.639870125 0.061667 0.066666
0 0.250390625 0.5836064375 0.05166699999999999 0.06166700000000003
0 0.3322265625 0.6419921875 0.065 0.08500000000000008
0 0.451484375 0.456432625 0.293333 0.2700000000000001
0 0.3622265625 0.6922783125 0.065 0.08833399999999991
0 0.3823955 0.8125654375 0.07833400000000001 0.093333
0 0.388151375 0.6136064375 0.043332999999999955 0.06166700000000003
0 0.4480341875 0.628203125 0.053332999999999964 0.06666700000000003
0 0.460390625 0.59130175 0.05166700000000002 0.08666700000000005
0 0.531536125 0.639296875 0.06666699999999992 0.06000000000000005
0 0.577734375 0.8687109375 0.10666699999999996 0.10833300000000001
0 0.6094658125 0.64015625 0.07333400000000001 0.07166700000000004
0 0.77578125 0.4474609375 0.35166700000000006 0.295
0 0.6624609375 0.7197001875 0.046667000000000014 0.05333399999999999
0 0.6983720625 0.6272783125 0.08166700000000005 0.08833400000000002
0 0.7914716875 0.605963875 0.10000000000000009 0.05999999999999994
