0 0.707890625 0.9344133020527858 0.05249999999999999 0.12195200000000009
0 0.3365625 0.8974904692082113 0.57875 0.19699799999999995
0 0.37921875 0.9728034105571849 0.025000000000000022 0.04878099999999983
0 0.4208203125 0.9582676158357772 0.057499999999999996 0.07317099999999993
0 0.4838671875 0.9539322697947215 0.053749999999999964 0.0881799999999999
0 0.5139843749999999 0.9516455454545454 0.04375000000000001 0.091933
0 0.5592578125 0.9439679237536657 0.04250000000000009 0.10694199999999998
0 0.58625 0.9497695454545455 0.0625 0.09380899999999989
0 0.650546875 0.9489500967741936 0.06000000000000005 0.09756099999999986
0 0.7591796875 0.9570374428152494 0.06874999999999998 0.08067599999999982
0 0.8584765625 0.9367000263929619 0.12749999999999995 0.12007499999999989
