0 0.1031640625 0.4990104166666667 0.143125 0.6391669999999999
0 0.2018359375 0.23838541666666666 0.13937499999999997 0.2325
0 0.2093359375 0.47833333333333333 0.10875000000000001 0.544167
0 0.28214843749999996 0.7003121666666666 0.185625 0.3499999999999999
0 0.2903515625 0.4037496666666667 0.09687499999999999 0.39583399999999996
0 0.393359375 0.5520833333333334 0.169375 0.481667
0 0.359765625 0.35682258333333333 0.08250000000000002 0.23750000000000004
0 0.3712890625 0.20473958333333334 0.05062500000000003 0.051666999999999984
0 0.445859375 0.29234375 0.10625000000000001 0.30666699999999997
0 0.5107421875 0.556875 0.14687499999999998 0.47
0 0.544453125 0.3351041666666667 0.09812500000000002 0.25666700000000003
0 0.6295703125 0.3471350833333333 0.08812500000000001 0.25500000000000006
0 0.695 0.6513020833333334 0.15625 0.3799999999999999
0 0.700859375 0.3836461666666667 0.10562500000000008 0.34916600000000003
0 0.776640625 0.48781283333333336 0.08250000000000002 0.5591659999999999
0 0.845390625 0.42026041666666664 0.11375000000000002 0.45166700000000004
