0 0.0166015625 0.08046841666666667 0.034375 0.04666699999999999
0 0.029296875 0.040364583333333336 0.059375 0.080833
0 0.0292578125 0.11947883333333333 0.04125 0.058334
0 0.06910156249999999 0.0384375 0.034999999999999996 0.048332999999999994
0 0.07863281250000001 0.016927083333333332 0.04125 0.034167
0 0.0939453125 0.031406583333333335 0.025624999999999995 0.05166600000000001
0 0.1190625 0.059895833333333336 0.0475 0.12166700000000001
0 0.1434375 0.100208 0.047500000000000014 0.094167
0 0.146875 0.006510416666666667 0.0325 0.015
0 0.164296875 0.09031283333333333 0.027499999999999997 0.058332999999999996
0 0.17203125 0.029947916666666668 0.04000000000000001 0.06
0 0.195703125 0.0078125 0.036250000000000004 0.016667
0 0.2340625 0.10114616666666666 0.048750000000000016 0.09999999999999999
0 0.3781640625 0.6221350833333333 0.33187500000000003 0.2549999999999999
0 0.2458984375 0.08364616666666667 0.030625000000000013 0.09999999999999999
0 0.2912109375 0.07958333333333334 0.044999999999999984 0.106667
0 0.311640625 0.018229166666666668 0.051875000000000004 0.0375
0 0.3179296875 0.04328091666666667 0.03875000000000001 0.060834
0 0.3607421875 0.11911491666666667 0.05312500000000003 0.06
0 0.3541796875 0.018229166666666668 0.03749999999999998 0.0375
0 0.35375 0.06072916666666667 0.03125 0.036667000000000005
0 0.3948828125 0.03515625 0.04125000000000001 0.071667
0 0.3959765625 0.13265591666666665 0.03375 0.029167000000000016
0 0.4153515625 0.024739583333333332 0.03375 0.051667
0 0.4245703125 0.12932291666666668 0.02562500000000001 0.030832999999999982
0 0.447734375 0.030104500000000003 0.043749999999999956 0.04833300000000001
0 0.478828125 0.21515658333333332 0.09812499999999996 0.3633330000000001
0 0.4655859375 0.09531216666666666 0.044999999999999984 0.09999999999999999
0 0.512109375 0.024739583333333332 0.04375000000000007 0.05000000000000001
0 0.5164453125 0.12187466666666667 0.02562500000000001 0.05333399999999999
0 0.5383203125 0.06114616666666667 0.05687500000000001 0.09999999999999999
0 0.5455859375 0.10875 0.04625000000000001 0.065
0 0.6021484375 0.08140658333333334 0.06062499999999993 0.05166599999999999
0 0.6201171875 0.0234375 0.05437499999999995 0.048332999999999994
0 0.7375 0.4767711666666667 0.28125 0.5075
0 0.66640625 0.024739583333333332 0.040000000000000036 0.05000000000000001
0 0.6718359375 0.07531216666666667 0.045624999999999916 0.10000000000000002
0 0.7587109375 0.014322916666666666 0.04625000000000001 0.029167
0 0.767734375 0.05932258333333334 0.04375000000000007 0.113334
0 0.8590625 0.11057258333333335 0.04875000000000007 0.05000000000000001
0 0.930859375 0.06510416666666667 0.13687499999999997 0.130833
0 0.8984765625 0.11223958333333332 0.03500000000000003 0.050000000000000024
0 0.9755859375 0.4161455 0.04625000000000001 0.39083399999999996
