0 0.16778450168728906 0.146640625 0.21613899999999997 0.20812499999999998
0 0.16154217322834646 0.498359375 0.17363099999999998 0.324375
0 0.30383006299212595 0.8062890625 0.06484199999999998 0.14312500000000006
0 0.32315760967379076 0.741640625 0.03890400000000003 0.08374999999999999
0 0.4466819853768279 0.113125 0.128242 0.156875
0 0.4333233757030371 0.7508984375 0.09077800000000005 0.12312500000000004
0 0.5321650787401574 0.1646484375 0.080692 0.06125
0 0.5231294690663667 0.75859375 0.04106599999999994 0.08750000000000002
0 0.5424795005624298 0.8074609375 0.07276699999999987 0.14
0 0.6070053599550056 0.7651953125 0.07492800000000001 0.11937500000000001
0 0.689589188976378 0.14753906249999998 0.19092199999999998 0.20687500000000003
0 0.6939999077615298 0.4923046875 0.19524500000000003 0.31937499999999996
