0 0.0546875 0.5079340922401172 0.016875 0.0712949999999999
0 0.0957421875 0.5027179633967789 0.023124999999999993 0.06941900000000002
0 0.1396484375 0.5943446325036603 0.029375000000000012 0.197936
0 0.1644140625 0.5079340922401172 0.019374999999999976 0.0712949999999999
0 0.29488281250000004 0.6155000439238653 0.10374999999999998 0.32082499999999997
0 0.5891015625 0.45803173645680817 0.06499999999999995 0.08630399999999998
0 0.83015625 0.5820525959004392 0.07062499999999994 0.263603
0 0.9229296875 0.5556982767203514 0.06937499999999996 0.212946
0 0.9451953125 0.5556982767203514 0.02562500000000001 0.212946
0 0.951875 0.42163109224011713 0.03187499999999999 0.07316999999999996
0 0.9691015625 0.4253830922401171 0.03500000000000003 0.07317100000000001
