0 0.5055078125 0.6619079999999999 0.07250000000000001 0.3657790000000001
0 0.382421875 0.483254 0.028124999999999956 0.11373000000000001
0 0.6574609375 0.351743 0.015000000000000013 0.04405700000000002
0 0.72828125 0.360964 0.009375000000000022 0.04200799999999999
0 0.7505078125 0.36730799999999997 0.011249999999999982 0.026640000000000007
0 0.7605078125 0.360838 0.010624999999999996 0.037910000000000034
0 0.77015625 0.364038 0.008750000000000036 0.04200799999999999
0 0.8587109375 0.48095200000000005 0.013749999999999929 0.10143499999999994
0 0.8823828125 0.34989000000000003 0.010000000000000009 0.026640000000000007
0 0.9037109375 0.34181999999999996 0.015000000000000013 0.033811000000000015
0 0.91375 0.475451 0.03312500000000007 0.08196700000000001
0 0.9790234375 0.468854 0.02937500000000004 0.08401599999999998
0 0.9846484375 0.537375 0.02937500000000004 0.07786900000000005
