0 0.27531249999999996 0.4237772918586789 0.079375 0.1986229999999999
0 0.351953125 0.5088835360983103 0.06687500000000002 0.300885
0 0.4043359375 0.479697668202765 0.04562499999999997 0.239921
0 0.4768359375 0.472877980030722 0.04500000000000004 0.21828899999999998
0 0.4958984375 0.3874051459293395 0.031249999999999944 0.09832800000000004
0 0.5833984375 0.4273437019969278 0.030625000000000013 0.18092400000000003
0 0.5980078125 0.4413540952380952 0.04249999999999998 0.19174000000000002
0 0.660859375 0.4295550952380952 0.04312499999999997 0.1907570000000001
0 0.698671875 0.4353952104454685 0.028749999999999942 0.165192
0 0.8412890625 0.368541064516129 0.018124999999999947 0.06588
0 0.9107421875 0.3700138509984639 0.08562499999999995 0.09144500000000001
