0 0.725703125 0.62494825 0.0675 0.22833299999999998
0 0.038320312499999995 0.5041666666666668 0.026875 0.0858329999999999
0 0.06171875 0.4924479166666667 0.024374999999999994 0.06166699999999999
0 0.0991015625 0.5102604166666667 0.034375 0.07583299999999997
0 0.13921875 0.5158336666666666 0.024375000000000008 0.08416599999999996
0 0.43734375000000003 0.4942708333333334 0.55625 0.09000000000000001
0 0.1790625 0.4885416666666667 0.015625 0.05333299999999993
0 0.3669921875 0.5117708333333334 0.021874999999999978 0.089167
0 0.418828125 0.52494825 0.036250000000000004 0.10333299999999997
0 0.453671875 0.51828125 0.028749999999999998 0.10166699999999995
0 0.4916015625 0.5203121666666667 0.03375000000000006 0.10000000000000009
0 0.56046875 0.5167190833333334 0.024375000000000036 0.06749999999999996
0 0.6391796875 0.5114059166666667 0.03749999999999998 0.09249999999999996
0 0.8181640625 0.5824479166666666 0.05062500000000003 0.18749999999999992
0 0.90765625 0.6008336666666667 0.07124999999999992 0.21000000000000005
0 0.9519921875 0.5046871666666667 0.021874999999999978 0.06916700000000005
0 0.99015625 0.48536425 0.009375000000000022 0.03916700000000003
