0 0.4990234375 0.7991288235294117 0.999375 0.395108
0 0.08390625 0.22201417647058824 0.071875 0.258702
0 0.08125 0.08063358823529412 0.033125 0.10348
0 0.1049609375 0.3044426470588235 0.07687499999999999 0.24082699999999996
0 0.109140625 0.16691117647058823 0.052500000000000005 0.20602099999999995
0 0.1678515625 0.15926600000000002 0.03375 0.201317
0 0.1936328125 0.13545576470588236 0.04125000000000001 0.208843
0 0.2329296875 0.17860017647058823 0.03812499999999999 0.158043
0 0.2439453125 0.22524758823529412 0.057499999999999996 0.25493899999999997
0 0.2891015625 0.2902228823529412 0.065 0.282221
0 0.27890625 0.13919694117647058 0.03937499999999999 0.11571000000000002
0 0.339375 0.1694409411764706 0.06375000000000003 0.216369
0 0.3240234375 0.22892347058823528 0.029374999999999984 0.13452499999999998
0 0.329453125 0.055114411764705884 0.03687499999999999 0.099718
0 0.3684375 0.11064023529411765 0.04750000000000004 0.19284999999999997
0 0.428203125 0.5000928235294118 0.09875 0.144873
0 0.3938671875 0.19396523529411766 0.023125000000000007 0.24271
0 0.4148828125 0.20883276470588236 0.04250000000000004 0.21166600000000002
0 0.4291796875 0.09785882352941176 0.03749999999999998 0.095014
0 0.4544921875 0.2986680588235294 0.08437500000000003 0.187206
0 0.462109375 0.1477935294117647 0.043125000000000024 0.168391
0 0.5118750000000001 0.17165764705882355 0.033125000000000016 0.14111
0 0.5308203125 0.12238211764705884 0.026875000000000093 0.12323699999999997
0 0.5685546875 0.2662944705882353 0.06999999999999995 0.284101
0 0.605859375 0.09910247058823529 0.04375000000000007 0.133584
0 0.62484375 0.20066941176470587 0.05499999999999994 0.24835400000000005
0 0.7205859375 0.1815413529411765 0.04625000000000001 0.16368700000000003
0 0.7444921875 0.22506411764705883 0.053749999999999964 0.22295299999999998
0 0.78765625 0.1912624117647059 0.07187500000000002 0.247413
0 0.8478125 0.21013129411764703 0.04749999999999999 0.227657
0 0.847109375 0.1649534705882353 0.04312499999999997 0.133584
0 0.9755859375 0.3464399411764706 0.04625000000000001 0.31514600000000004
