0 0.0673828125 0.559846019033675 0.135625 0.20618599999999992
0 0.1680859375 0.6596757628111274 0.3275 0.6776010000000001
0 0.0821875 0.5162157672035138 0.079375 0.11059100000000002
0 0.345390625 0.45407109224011716 0.05125000000000002 0.07122699999999997
0 0.4118359375 0.4495013499267936 0.04562499999999997 0.07685100000000002
0 0.513203125 0.4469829633967789 0.03562500000000002 0.06747900000000004
0 0.5680859375 0.530615663250366 0.07687500000000003 0.2211809999999999
0 0.6225390625 0.4733422210834553 0.04999999999999993 0.07497600000000004
0 0.681875 0.4603374787701318 0.0625 0.08153699999999993
0 0.862109375 0.6542547496339678 0.13750000000000007 0.38237999999999994
0 0.9179296875 0.3964862825768667 0.06937499999999996 0.12277399999999998
