0 0.01171875 0.8968903020527859 0.024375 0.12195100000000011
0 0.021953125 0.8689209237536658 0.035625000000000004 0.10787999999999984
0 0.0231640625 0.7313691671554253 0.019375000000000003 0.07692299999999996
0 0.0327734375 0.7426261671554252 0.029375000000000002 0.07879900000000012
0 0.038046875 0.8946596480938416 0.028749999999999998 0.10318900000000004
0 0.0533984375 0.8756054750733139 0.030625000000000006 0.11350899999999983
0 0.06886718750000001 0.7549397184750732 0.023125 0.08255100000000007
0 0.0642578125 0.6649928592375366 0.010000000000000009 0.043152000000000086
0 0.2258203125 0.8464069237536658 0.02562499999999998 0.10600399999999995
0 0.226484375 0.7043377888563049 0.013125000000000026 0.06191400000000008
0 0.2337109375 0.6763684105571848 0.014374999999999999 0.04971899999999995
0 0.2480859375 0.7118427888563049 0.013750000000000012 0.06379000000000005
0 0.25406249999999997 0.6649928592375366 0.016875 0.043152000000000086
0 0.262734375 0.6574888592375366 0.012499999999999956 0.04221300000000008
0 0.273984375 0.6683351348973607 0.012500000000000011 0.04502899999999996
0 0.2819140625 0.686396237536657 0.019374999999999976 0.057222999999999864
0 0.2923828125 0.6664591348973606 0.010000000000000009 0.04690500000000002
0 0.3028125 0.8218983724340175 0.015625 0.10225100000000001
0 0.302109375 0.6857494105571847 0.011874999999999969 0.04971899999999995
0 0.3082421875 0.6399560322580645 0.021875000000000033 0.03471000000000005
0 0.3188671875 0.8106329618768329 0.02250000000000002 0.05534700000000005
0 0.3226171875 0.7826635835777126 0.021874999999999978 0.04033799999999991
0 0.3173046875 0.6715598592375368 0.007500000000000007 0.042213999999999974
0 0.3251171875 0.877600026392962 0.023125000000000007 0.11913699999999985
0 0.327734375 0.6514501348973607 0.011874999999999969 0.04408999999999995
0 0.336484375 0.6749021348973607 0.011875000000000024 0.04408999999999995
0 0.341640625 0.808993064516129 0.020625000000000004 0.06566700000000002
0 0.3448828125 0.6726164105571847 0.009999999999999953 0.049718000000000054
0 0.3448828125 0.7654229296187685 0.009999999999999953 0.020637999999999802
0 0.3546484375 0.883229026392962 0.030624999999999958 0.11913699999999985
0 0.353359375 0.7725182052785925 0.011875000000000024 0.02438999999999993
0 0.3582421875 0.8270541671554253 0.021875000000000033 0.07879899999999995
0 0.3516796875 0.6378439296187683 0.006249999999999978 0.023452000000000063
0 0.3548828125 0.6746660322580645 0.010624999999999996 0.03283299999999993
0 0.3554296875 0.6482804809384164 0.00687500000000002 0.02908100000000006
0 0.3623046875 0.6374342052785924 0.007500000000000007 0.025328000000000045
0 0.3671875 0.7699403079178886 0.017500000000000016 0.03658600000000012
0 0.3667578125 0.6738455835777126 0.011249999999999982 0.03846200000000002
0 0.3719140625 0.8106964428152493 0.018750000000000044 0.08067500000000001
0 0.3734375 0.7219246862170088 0.017500000000000016 0.0506569999999999
0 0.3698046875 0.6401296539589443 0.007500000000000007 0.019700000000000106
0 0.3735546875 0.6656947565982405 0.006250000000000033 0.03189499999999982
0 0.3787109375 0.6683351348973607 0.014374999999999971 0.04502899999999996
0 0.384140625 0.7674174809384164 0.020625000000000004 0.028142999999999863
0 0.3888671875 0.8194940967741936 0.023125000000000007 0.09849899999999989
0 0.3887109375 0.6727890322580645 0.014374999999999971 0.03470999999999997
0 0.395546875 0.9069647888563049 0.028749999999999998 0.06191299999999993
0 0.3918359375 0.6537358592375366 0.013749999999999984 0.042213999999999974
0 0.397265625 0.7401584105571847 0.019999999999999962 0.04971799999999997
0 0.3955859375 0.7209232052785923 0.015000000000000013 0.02439099999999999
0 0.3961328125 0.6671610322580646 0.010000000000000009 0.03377099999999997
0 0.400859375 0.6749021348973607 0.012499999999999956 0.04596599999999993
0 0.4080859375 0.7833104105571848 0.014375000000000027 0.047841999999999996
0 0.4153125 0.8201409237536657 0.01687500000000003 0.10788
0 0.4175390625 0.6665142052785924 0.019374999999999976 0.025328999999999935
0 0.4155078125 0.7579189296187682 0.010000000000000009 0.023452000000000146
0 0.4245703125 0.8848689237536657 0.02562500000000001 0.10788
0 0.4338671875 0.8090565454545454 0.021875000000000033 0.09380900000000006
0 0.4321875 0.7432645835777126 0.016874999999999973 0.04033700000000002
0 0.4371875 0.6560225835777126 0.015625 0.038460999999999954
0 0.4451171875 0.7922890967741935 0.023125000000000007 0.09849999999999995
0 0.4698046875 0.5125496539589443 0.007500000000000007 0.019700000000000106
0 0.4717578125 0.6612959296187684 0.011250000000000038 0.020637999999999886
0 0.48078125 0.5106736539589443 0.00874999999999998 0.017824000000000045
0 0.483984375 0.6549660322580645 0.013124999999999998 0.034709
0 0.488984375 0.7138289296187683 0.011874999999999969 0.022514000000000034
0 0.495859375 0.6635265835777125 0.012499999999999956 0.038461999999999934
0 0.5079687500000001 0.9399237507331378 0.02437499999999998 0.11632299999999993
0 0.508203125 0.5133701026392962 0.0050000000000000044 0.014071000000000026
0 0.512109375 0.6359679296187684 0.013125000000000053 0.023451999999999897
0 0.5143359375 0.6638187565982404 0.014375000000000027 0.031894999999999986
0 0.5162890625 0.7510691671554253 0.01937500000000003 0.07692299999999996
0 0.5161328125 0.5110833782991202 0.010624999999999996 0.015948000000000066
0 0.5309375 0.7514788914956012 0.015625 0.07504699999999999
0 0.5305078125 0.6552021348973607 0.010000000000000009 0.04408999999999995
0 0.53828125 0.6533261348973607 0.008124999999999938 0.04596599999999993
0 0.541484375 0.7314242375366569 0.013124999999999942 0.057223000000000114
0 0.54265625 0.5137798269794721 0.008750000000000036 0.01031900000000007
0 0.545859375 0.6560225835777126 0.012499999999999956 0.038460999999999954
0 0.54765625 0.5562299296187683 0.008750000000000036 0.022514000000000034
0 0.5491796875 0.5144266539589443 0.007499999999999951 0.017823000000000068
0 0.554609375 0.7263235131964809 0.012500000000000067 0.06003799999999993
0 0.5590625 0.8425363724340177 0.016874999999999973 0.10131299999999999
0 0.568125 0.8380824750733137 0.03187499999999999 0.11350800000000003
0 0.5598828125 0.5585166539589442 0.010624999999999996 0.018761000000000017
0 0.560859375 0.5327779296187684 0.011874999999999969 0.023451999999999897
0 0.567109375 0.7288463401759532 0.011874999999999969 0.06754199999999994
0 0.5809765625 0.5548822052785923 0.034375000000000044 0.025327999999999958
0 0.5730078125 0.5263294809384164 0.011249999999999982 0.02814300000000003
0 0.5805078125 0.5267392052785924 0.009999999999999898 0.024390999999999906
0 0.5901171875 0.7822622697947215 0.021874999999999978 0.08911800000000002
0 0.5855078125 0.5248632052785923 0.010625000000000107 0.02626700000000005
0 0.5929296875 0.5252729296187684 0.007500000000000062 0.02251399999999995
0 0.6103125 0.7040466158357771 0.015625 0.07129399999999997
0 0.60765625 0.5608023782991203 0.008750000000000036 0.01500899999999989
0 0.61515625 0.5622686539589443 0.009375000000000022 0.018761999999999907
0 0.627890625 0.6845192375366569 0.020000000000000018 0.05722399999999992
0 0.62953125 0.6503935835777126 0.008750000000000036 0.03846200000000002
0 0.660859375 0.6529164105571847 0.011874999999999969 0.049718000000000054
0 0.663359375 0.5910024105571847 0.013125000000000053 0.048780999999999915
0 0.6700390625 0.7963332697947214 0.018124999999999947 0.09005699999999994
0 0.7028125 0.7318974428152493 0.01750000000000007 0.08067499999999993
0 0.71265625 0.730603788856305 0.009375000000000022 0.06379000000000005
0 0.71515625 0.6225427565982404 0.009374999999999911 0.030956999999999957
0 0.7193359375 0.734356788856305 0.014375000000000027 0.0619130000000001
0 0.7271875 0.6044826539589443 0.016249999999999987 0.018761999999999907
0 0.7380078125 0.6416594105571848 0.010624999999999996 0.04877999999999994
0 0.746484375 0.6372605835777126 0.013125000000000053 0.038460999999999954
0 0.7583984375 0.6724427888563049 0.030625000000000013 0.06378999999999997
0 0.7780078125 0.6179703079178885 0.010000000000000009 0.036586000000000035
0 0.7899609375 0.6213125835777126 0.014375000000000027 0.04033799999999999
0 0.8050390625 0.7474347184750733 0.018749999999999933 0.08442800000000003
0 0.85234375 0.8506871994134898 0.024375000000000036 0.10975599999999991
0 0.8824609375 0.7126071671554252 0.04625000000000001 0.07879900000000004
0 0.9169921875 0.731132064516129 0.02312499999999995 0.06660400000000007
0 0.9462109375 0.7443752052785924 0.014375000000000027 0.025329000000000018
0 0.949140625 0.7582735835777126 0.020625000000000004 0.038461999999999934
