0 0.2523828125 0.8052086666666667 0.104375 0.17916599999999994
0 0.5194531250000001 0.3512496666666667 0.47312499999999996 0.645834
0 0.3542578125 0.8391149166666666 0.10375000000000001 0.185833
0 0.4203515625 0.8227604166666667 0.09687499999999999 0.20083299999999996
0 0.4883203125 0.7912503333333333 0.05812499999999993 0.10499999999999998
0 0.5527734375 0.7883330000000001 0.06062500000000004 0.12583399999999992
0 0.6253515625 0.7869791666666668 0.06625000000000003 0.09999999999999994
0 0.6923046875 0.8164065833333334 0.06937500000000008 0.1758329999999999
0 0.755 0.8143746666666667 0.06437499999999996 0.17916699999999994
0 0.860390625 0.34604133333333337 0.14625 0.636667
0 0.83140625 0.78328125 0.07062499999999994 0.10333299999999997
0 0.9161328125 0.814583 0.07374999999999998 0.189167
