0 0.5496875 0.81203125 0.078125 0.29083299999999995
0 0.215859375 0.6085934166666668 0.044375 0.07583399999999996
0 0.2634375 0.6085934166666668 0.048750000000000016 0.07583399999999996
0 0.3460546875 0.6530211666666667 0.03875000000000001 0.06999999999999999
0 0.392890625 0.6542708333333334 0.051875000000000004 0.08999999999999986
0 0.449375 0.6925520833333333 0.03187499999999999 0.06583300000000003
0 0.47734375 0.6903128333333334 0.024999999999999967 0.059165999999999976
0 0.58765625 0.7732809166666668 0.040000000000000036 0.18583399999999983
0 0.6609765625 0.7903649166666668 0.03437499999999993 0.12416599999999993
0 0.7072265625 0.8231246666666667 0.06499999999999995 0.24083399999999985
