0 0.6574609375 0.22506955555555555 0.17062500000000003 0.394444
0 0.3323828125 0.316597 0.10375000000000001 0.471111
0 0.3719921875 0.12798577777777778 0.05312499999999998 0.151111
0 0.4182421875 0.11388844444444444 0.05375000000000002 0.13888899999999998
0 0.5116796875 0.10145822222222223 0.03875000000000001 0.10222199999999998
0 0.564140625 0.06597222222222222 0.020625000000000004 0.133333
0 0.7191796875 0.08173588888888889 0.03874999999999995 0.06111100000000001
0 0.7213671875 0.04833366666666667 0.023125000000000062 0.08555499999999999
0 0.769921875 0.13020833333333334 0.06000000000000005 0.262222
0 0.8109765625 0.1527777777777778 0.06562499999999993 0.305556
0 0.95484375 0.0625 0.08750000000000002 0.125556
