0 0.0390625 0.5603104612005857 0.08 0.351783
0 0.0833203125 0.6628877994143485 0.15125 0.610694
0 0.1558984375 0.581904682284041 0.123125 0.42682899999999996
0 0.2424609375 0.47847073206442164 0.23437499999999997 0.655722
0 0.364375 0.5901183806734993 0.09562500000000002 0.10225099999999997
0 0.4858984375 0.655733289897511 0.09249999999999997 0.507505
0 0.553984375 0.7050576398243046 0.20000000000000007 0.5853659999999999
0 0.6153125 0.5013775959004393 0.07937499999999997 0.26547799999999994
0 0.688515625 0.5749786881405564 0.05249999999999999 0.3348959999999999
0 0.7386328125 0.5427678535871157 0.04249999999999998 0.27110600000000007
0 0.843125 0.6096876881405563 0.09375 0.33395800000000003
0 0.8697265625 0.5830789150805271 0.06625000000000003 0.3180109999999999
0 0.951875 0.5576107188872621 0.09437499999999999 0.35741100000000003
0 0.941015625 0.5017540248901904 0.05249999999999999 0.11538399999999993
