0 0.14207105597964376 0.769453125 0.09779900000000001 0.22375
0 0.2003115572519084 0.75453125 0.053790000000000004 0.22687500000000005
0 0.23710770229007636 0.5181640625 0.12224899999999997 0.17562500000000003
0 0.2744981730279898 0.722890625 0.11817400000000003 0.3025
0 0.42874999745547077 0.6182421875 0.08720500000000002 0.05437499999999995
0 0.5053440814249364 0.7299609375 0.233904 0.20124999999999993
0 0.7465051679389313 0.793203125 0.29176899999999995 0.193125
0 0.7679682900763359 0.698359375 0.13854999999999987 0.26312499999999994
0 0.7832138498727735 0.4998828125 0.10676499999999997 0.135
0 0.8501029974554707 0.746796875 0.08883500000000011 0.21499999999999997
0 0.8887065852417303 0.75046875 0.10268900000000006 0.24249999999999994
0 0.8810326157760815 0.576640625 0.06438399999999998 0.14500000000000002
