0 0.4736325 0.6557374098360655 0.078125 0.4229510000000001
0 0.06445300000000001 0.6000004098360656 0.06445300000000001 0.22459000000000004
0 0.0947266875 0.5524593606557376 0.039062 0.1114750000000001
0 0.1279295 0.5524592950819672 0.016602000000000006 0.09180299999999995
0 0.1611331875 0.5508193934426229 0.023437000000000013 0.11803300000000011
0 0.2011716875 0.5983606885245901 0.037110000000000004 0.20983600000000008
0 0.25781231250000003 0.6393444262295082 0.08789100000000002 0.329508
0 0.6015625625 0.6442620655737705 0.1279300000000001 0.42131199999999996
0 0.689453375 0.6491808032786885 0.10644500000000001 0.344262
0 0.697265875 0.536065868852459 0.05957000000000001 0.16229500000000002
0 0.8339844375 0.6491807540983607 0.12304700000000002 0.42950799999999995
