0 0.17082031250000002 0.6854701112737922 0.15125 0.2767359999999999
0 0.2321875 0.8089198960468522 0.265625 0.11350900000000004
0 0.26167968750000004 0.5707696573938507 0.194375 0.31332100000000007
0 0.4521484375 0.5495700863836017 0.030000000000000027 0.16135100000000002
0 0.483359375 0.5535064421669107 0.04375000000000001 0.14821800000000007
0 0.5120703125 0.5610556017569546 0.05812499999999998 0.17542199999999997
0 0.5401953125 0.578054859443631 0.05812499999999998 0.180113
0 0.5970703125 0.5414256998535871 0.057499999999999996 0.1538460000000001
0 0.76765625 0.6718810805270864 0.07187499999999991 0.25422200000000006
0 0.8921875 0.6721537554904832 0.07937499999999997 0.29174399999999995
