0 0.6841796875 0.815625 0.16406199999999993 0.21875
0 0.216796375 0.27265575 0.043750999999999984 0.08593799999999999
0 0.283203125 0.3156245 0.098437 0.140626
0 0.3185551875 0.12109375 0.05312499999999998 0.242188
0 0.37578075 0.0859375 0.05625000000000002 0.173438
0 0.5541020625 0.2044916875 0.0812489999999999 0.13125
0 0.60546825 0.2365234375 0.07187499999999991 0.154688
0 0.667188 0.204296375 0.03125 0.10624999999999998
0 0.7908203125 0.217578125 0.12031200000000009 0.16093799999999997
0 0.882813 0.194921875 0.09375 0.15312499999999998
