0 0.16392256249999998 0.7667486326530611 0.096429 0.41066600000000003
0 0.0662945 0.7202798833819242 0.048214 0.258667
0 0.0842914375 0.7202448979591837 0.03035700000000001 0.22666700000000017
0 0.1210101875 0.7306974314868805 0.05357100000000001 0.253334
0 0.193694625 0.6407813411078718 0.019641999999999993 0.05066700000000001
0 0.2512000625 0.7142355131195336 0.04999999999999999 0.2719999999999999
0 0.3328406875 0.7185737055393586 0.03749999999999998 0.2506660000000001
0 0.398604625 0.7066974314868805 0.051786 0.2533340000000001
0 0.583036 0.7132397055393587 0.31428500000000004 0.250667
0 0.602064875 0.5170110233236151 0.0910709999999999 0.14933299999999997
0 0.706864125 0.4237819795918367 0.16071400000000002 0.24533400000000005
0 0.812778875 0.6413492157434403 0.09107200000000004 0.128
0 0.884877375 0.456602860058309 0.10714299999999999 0.10933300000000006
0 0.93895075 0.7695941137026239 0.1178570000000001 0.35200000000000015
