0 0.080078125 0.6527436515373353 0.160625 0.40337700000000004
0 0.184453125 0.623040486090776 0.19187500000000002 0.467167
0 0.3238671875 0.6600201361639824 0.179375 0.3902440000000001
0 0.3728125 0.6320355534407027 0.048750000000000016 0.4230770000000001
0 0.5039453125 0.6403383572474377 0.18187499999999995 0.46435200000000004
0 0.45078125 0.6227688111273791 0.04062499999999997 0.42776699999999995
0 0.6091796875 0.6209359707174231 0.10125000000000006 0.4559100000000001
0 0.6831640625 0.6508147745241581 0.17437500000000006 0.4962480000000001
0 0.750859375 0.663991934114202 0.16937500000000005 0.5234520000000001
0 0.8267578125 0.6886977686676428 0.166875 0.588181
0 0.9083203125 0.63246564568082 0.12062499999999998 0.49437099999999995
0 0.94703125 0.6866384128843338 0.10312500000000002 0.602251
0 0.9341796875 0.6080487071742313 0.06937499999999996 0.540338
