0 0.206796875 0.6836975833333333 0.028749999999999998 0.08250000000000002
0 0.2433203125 0.6317708333333334 0.02687500000000001 0.08999999999999986
0 0.28859375 0.60984375 0.025000000000000022 0.05499999999999994
0 0.324296875 0.7176565833333334 0.028749999999999998 0.11249999999999998
0 0.3251171875 0.6278645833333334 0.021874999999999978 0.08333299999999995
0 0.44265625 0.59682325 0.008750000000000036 0.07083299999999992
0 0.4991015625 0.6544791666666666 0.03375 0.09999999999999994
0 0.565 0.70494825 0.032500000000000084 0.10249999999999988
0 0.57265625 0.63703125 0.008125000000000049 0.03916699999999995
0 0.59109375 0.6582295 0.024375000000000036 0.079166
0 0.6246875 0.5752600833333333 0.016875000000000084 0.035000000000000066
0 0.6466796875 0.58588575 0.0068749999999999645 0.02416600000000006
0 0.7354296875 0.6573955 0.03749999999999998 0.07916700000000006
