0 0.311328125 0.5699996666666667 0.0675 0.458334
0 0.0126953125 0.40791700000000003 0.026875 0.0625
0 0.049453125 0.42265625 0.036250000000000004 0.07250000000000001
0 0.2033984375 0.5425 0.12499999999999997 0.37666700000000003
0 0.2267578125 0.5763024166666667 0.10375000000000001 0.42166600000000004
0 0.296171875 0.46484375 0.02812500000000001 0.05666700000000002
0 0.3746484375 0.439792 0.06062500000000004 0.15833299999999997
0 0.45625 0.45557258333333334 0.09375000000000006 0.17583399999999996
0 0.853203125 0.5026045 0.09812500000000002 0.17249999999999996
0 0.9121875 0.5363020833333333 0.17312499999999997 0.379167
