0 0.52636675 0.36067674999999993 0.17968799999999996 0.3984379999999999
0 0.2548828125 0.6770835000000001 0.509766 0.6419269999999999
0 0.2070309375 0.34375041666666667 0.20214899999999997 0.04557300000000001
0 0.1425785 0.4088541666666667 0.01757800000000001 0.070312
0 0.1650390625 0.3828128333333334 0.018554999999999988 0.027342999999999968
0 0.166015625 0.43359333333333333 0.020508 0.07291700000000005
0 0.1796870625 0.39583299999999993 0.018555000000000016 0.06380200000000007
0 0.190429375 0.4231775 0.012695999999999985 0.07942700000000007
0 0.207031625 0.4205726666666667 0.020506999999999997 0.084636
0 0.2294920625 0.41796875 0.019530999999999993 0.085938
0 0.2744139375 0.371094 0.014649000000000023 0.06380200000000007
0 0.8125003125 0.4205728333333334 0.371093 0.21484399999999992
