0 0.825859375 0.43031882869692534 0.07500000000000007 0.156661
0 0.048828125 0.5619407247437774 0.099375 0.269231
0 0.1025390625 0.8021972650073207 0.206875 0.3930579999999999
0 0.18843749999999998 0.5645012708638361 0.20375000000000004 0.30300199999999994
0 0.19093749999999998 0.48726243631039534 0.20375000000000004 0.23733600000000002
0 0.25277343750000003 0.5158951229868228 0.09374999999999997 0.09662300000000003
0 0.337734375 0.4312136691068814 0.07437500000000002 0.13133200000000006
0 0.476171875 0.4197723133235724 0.09124999999999994 0.14634100000000003
0 0.58828125 0.41766779795021963 0.07187500000000002 0.134147
0 0.679609375 0.42119228257686675 0.07562500000000005 0.12289000000000001
0 0.8650390625 0.7664532284040995 0.26812500000000006 0.46247699999999997
