0 0.148671875 0.7216145833333334 0.090625 0.14333299999999985
0 0.5623828125 0.8194274166666666 0.135625 0.32749999999999996
0 0.662265625 0.705625 0.051875000000000004 0.15666699999999997
0 0.705625 0.89932325 0.12687500000000007 0.1975000000000001
0 0.7245703125 0.8489059166666667 0.08812500000000001 0.21749999999999994
0 0.7117578125 0.7022916666666666 0.04249999999999998 0.11500000000000006
0 0.741875 0.7072916666666668 0.0318750000000001 0.11666699999999992
0 0.8126953125 0.6667184166666668 0.08875 0.10916699999999994
0 0.8705078125 0.8967190833333333 0.10499999999999998 0.19250000000000003
0 0.89953125 0.683125 0.10312500000000002 0.15833299999999997
0 0.954296875 0.6823958333333334 0.059374999999999956 0.11999999999999995
