0 0.254296875 0.6819270833333334 0.15374999999999997 0.15916699999999992
0 0.2440625 0.5635934166666666 0.07875000000000001 0.07749999999999997
0 0.27078125 0.30932291666666667 0.008750000000000036 0.03083299999999996
0 0.3055078125 0.3130208333333333 0.010000000000000009 0.027500000000000042
0 0.39671875 0.4842708333333334 0.02437499999999998 0.09083300000000001
0 0.4774609375 0.48942675 0.07749999999999996 0.11916700000000002
0 0.68390625 0.560833 0.1656249999999999 0.12583400000000008
0 0.6990625 0.580208 0.07874999999999999 0.22000000000000006
0 0.9623828125 0.6618229166666667 0.073125 0.40499999999999986
0 0.967734375 0.24119824999999998 0.013124999999999942 0.04083300000000004
0 0.983359375 0.24281283333333334 0.013124999999999942 0.057499999999999996
