0 0.4658203125 0.48605779919678715 0.08937499999999998 0.22536399999999998
0 0.07421875 0.3940496706827309 0.14875 0.20908300000000005
0 0.248671875 0.2799270923694779 0.403125 0.137104
0 0.2430078125 0.3986637710843373 0.04250000000000001 0.098544
0 0.4583203125 0.24346238554216867 0.026874999999999982 0.050557000000000026
0 0.5808984374999999 0.3576873493975904 0.21812500000000007 0.170523
0 0.5678515625 0.2749506425702811 0.06499999999999995 0.08054800000000002
0 0.6133203125 0.2718979544846051 0.02562500000000001 0.07883499999999997
0 0.7037890625 0.3432277255689425 0.11250000000000004 0.175664
0 0.915234375 0.3313371017402945 0.16812499999999997 0.180806
