0 0.4267583125 0.7945712682215743 0.057031 0.21003500000000005
0 0.042578125 0.7983897638483965 0.06718800000000001 0.12135399999999995
0 0.038281499999999996 0.702710860058309 0.04843700000000001 0.10968500000000013
0 0.0814450625 0.7056191195335276 0.05 0.13769000000000015
0 0.0916013125 0.9030964606413995 0.057031 0.18903099999999995
0 0.1185551875 0.7140716530612244 0.053905999999999996 0.164527
0 0.1708979375 0.7070737492711371 0.07656299999999999 0.1540259999999999
0 0.193359625 0.8555184169096209 0.082812 0.284714
0 0.2451171875 0.8733224314868805 0.08437499999999998 0.25087499999999996
0 0.278125 0.7992217871720115 0.06328099999999998 0.2695450000000001
0 0.316015625 0.789318720116618 0.051562 0.21703599999999995
0 0.362109125 0.6391184081632653 0.06718800000000003 0.10268400000000005
0 0.36953075 0.7884393498542275 0.056250999999999995 0.2310380000000001
0 0.494531 0.772410556851312 0.06406300000000004 0.17503000000000002
0 0.5669919375 0.7455838454810496 0.04609399999999997 0.142357
0 0.62109375 0.729534475218659 0.05468799999999996 0.15635999999999994
0 0.65156225 0.5533590524781341 0.03906299999999996 0.08518099999999992
0 0.670702875 0.7374055568513119 0.058593999999999924 0.17502900000000005
0 0.7455075625 0.7359478309037901 0.06562499999999993 0.17386200000000002
0 0.792578375 0.7374055568513119 0.04375000000000007 0.17502900000000005
0 0.8068361875 0.5180664227405247 0.021874999999999978 0.07117799999999998
0 0.9044921875 0.7622064752186589 0.08437499999999998 0.1563600000000001
0 0.9630856875 0.7569508309037901 0.06953200000000004 0.17386199999999993
0 0.9697263125 0.7006511049562681 0.057813 0.17036100000000012
