0 0.4990234375 0.7805555925925926 0.999375 0.435556
0 0.0116796875 0.5475921481481482 0.006249999999999999 0.048888999999999995
0 0.10828125 0.5994441481481482 0.009375000000000008 0.05037099999999997
0 0.1444140625 0.5020374074074074 0.018750000000000017 0.066666
0 0.2361328125 0.6403702962962963 0.010624999999999996 0.096296
0 0.2910546875 0.616573962962963 0.006249999999999978 0.05481499999999994
0 0.305234375 0.6123145925925926 0.011875000000000024 0.06074099999999989
0 0.648515625 0.6324074074074074 0.020625000000000004 0.06666699999999998
0 0.7000390625 0.44583370370370373 0.018124999999999947 0.034073999999999986
0 0.741953125 0.9199077407407408 0.03687499999999999 0.10962900000000005
