0 0.4990234375 0.7734354117647058 0.999375 0.44915199999999994
0 0.042734375 0.03676470588235294 0.074375 0.074388
0 0.0264453125 0.1814145882352941 0.026875000000000003 0.10451900000000001
0 0.053125 0.181827 0.03250000000000001 0.10075300000000002
0 0.0651171875 0.16717341176470588 0.023125 0.09887000000000003
0 0.1449609375 0.061648529411764706 0.076875 0.11770199999999999
0 0.2109375 0.04565211764705882 0.016875 0.07156299999999999
0 0.212890625 0.21101699999999998 0.020625000000000004 0.10075300000000002
0 0.238125 0.05406323529411764 0.03312499999999999 0.09133699999999999
0 0.2328125 0.22379817647058825 0.016249999999999987 0.05837999999999999
0 0.2478125 0.22426288235294117 0.01687500000000003 0.08098000000000002
0 0.444296875 0.39810276470588235 0.02812500000000001 0.11016999999999993
0 0.5723437499999999 0.871704 0.21125 0.25235399999999986
0 0.4840234375 0.3771021176470588 0.02937500000000004 0.07344600000000003
