0 0.23828125 0.9384723157894738 0.478125 0.12121200000000003
0 0.109609375 0.7716017894736841 0.168125 0.1548820000000002
0 0.2380078125 0.75766 0.10500000000000001 0.150673
0 0.347421875 0.755820947368421 0.09125 0.16414200000000004
0 0.4902734375 0.8493216842105262 0.060624999999999984 0.23148200000000005
0 0.5321875 0.9433101578947369 0.04874999999999996 0.11111099999999995
0 0.5777734375 0.9392077368421052 0.06125000000000003 0.1178450000000001
0 0.6020703125 0.931313 0.026874999999999982 0.10185199999999997
0 0.7459765625 0.7385035263157895 0.034375000000000044 0.119529
0 0.7735546875 0.7468235789473684 0.038124999999999964 0.15656600000000007
0 0.830078125 0.7417725789473685 0.06812499999999999 0.15656599999999993
0 0.874765625 0.9347381052631579 0.05249999999999999 0.12626199999999999
0 0.93140625 0.7378348421052631 0.13437500000000002 0.19023500000000007
0 0.9374609375 0.9545632631578947 0.07687499999999992 0.08670000000000007
0 0.9864453125 0.94899 0.02562500000000001 0.10016800000000008
