0 0.0078125 0.2164942627737226 0.0175 0.15499600000000002
0 0.053515625 0.17755303649635037 0.052500000000000005 0.099906
0 0.0540625 0.25330174452554743 0.0475 0.10737599999999996
0 0.1276171875 0.4682997956204379 0.084375 0.32493000000000005
0 0.1203515625 0.2425048905109489 0.034375 0.10270800000000002
0 0.1244921875 0.27172366423357663 0.023124999999999993 0.04761900000000003
0 0.149453125 0.24956674452554742 0.03687500000000002 0.107376
0 0.1923046875 0.2262914306569343 0.037500000000000006 0.13352000000000003
0 0.1991796875 0.2779702262773723 0.03812499999999999 0.05788999999999996
0 0.226640625 0.21006230656934305 0.05124999999999999 0.114846
0 0.2454296875 0.2717903503649635 0.03812500000000002 0.07469700000000003
0 0.264453125 0.25445749635036496 0.036250000000000004 0.070962
0 0.2909765625 0.2772226204379562 0.065 0.08776800000000001
0 0.2983203125 0.20449666423357665 0.02562500000000001 0.04855300000000001
0 0.3438671875 0.20093239416058395 0.023125000000000007 0.034546999999999974
0 0.355703125 0.27559203649635033 0.03562500000000002 0.10084
0 0.391171875 0.28340249635036496 0.028749999999999998 0.070962
0 0.418203125 0.2755253503649635 0.036250000000000004 0.07469700000000003
0 0.4563671875 0.2824174744525548 0.05312500000000003 0.09337
0 0.475078125 0.2607050583941606 0.03687499999999999 0.08123199999999997
0 0.50390625 0.2555768905109489 0.04062500000000002 0.10364099999999998
0 0.5161328125 0.2848623503649635 0.04125000000000001 0.07469699999999999
0 0.73703125 0.24113502189781022 0.19562499999999994 0.38095200000000007
0 0.8230859375 0.2721308102189781 0.04625000000000001 0.04575200000000002
0 0.87125 0.2628094744525547 0.03312500000000007 0.09243700000000003
0 0.908828125 0.21914722627737226 0.036250000000000004 0.056956
0 0.922265625 0.2936214744525547 0.05125000000000002 0.09243700000000003
0 0.955546875 0.25656191240875914 0.05874999999999997 0.08216600000000002
0 0.9668359375 0.28516645255474454 0.04562500000000003 0.11111100000000003
0 0.980703125 0.23269305839416057 0.036250000000000004 0.08029899999999997
