0 0.8661328125 0.4544951747572816 0.073125 0.323316
0 0.350859375 0.2991042718446602 0.04375000000000001 0.16787600000000003
0 0.4037890625 0.3600448867313916 0.04999999999999999 0.184456
0 0.4193359375 0.3050677799352751 0.04625000000000001 0.15336699999999998
0 0.4708984375 0.4304387475728155 0.06187499999999996 0.2062180000000001
0 0.476484375 0.35402727184466015 0.04312499999999997 0.167875
0 0.477578125 0.3022854110032362 0.03562499999999996 0.145078
0 0.53984375 0.3687897637540453 0.05500000000000005 0.17927400000000002
0 0.5719921875 0.28028595145631063 0.021874999999999978 0.07875600000000006
0 0.5884375 0.3667889029126214 0.04875000000000007 0.156477
0 0.6834375 0.36284328802589 0.04874999999999996 0.14196899999999998
0 0.6837109375 0.2947047799352751 0.04500000000000004 0.15233099999999994
0 0.76265625 0.3306641812297735 0.039999999999999925 0.11295299999999997
