0 0.048828125 0.8742368228404099 0.099167 0.24750000000000003
0 0.039765625 0.1119619326500732 0.020833000000000004 0.046250000000000006
0 0.076171875 0.34421303074670573 0.028332999999999997 0.024999999999999942
0 0.07671875 0.08614019033674963 0.024999999999999994 0.049999999999999996
0 0.1157158125 0.34274890190336754 0.011666999999999997 0.02124999999999998
0 0.1196220625 0.12489019033674963 0.019167000000000003 0.05000000000000001
0 0.1332421875 0.07678257686676428 0.021666999999999992 0.05874999999999999
0 0.1401953125 0.3329227672035139 0.026666999999999996 0.11000000000000003
0 0.213671875 0.08303257686676427 0.029167 0.061250000000000006
0 0.215598625 0.3458912884333821 0.020000000000000018 0.03125
0 0.23557325 0.335497803806735 0.00916599999999998 0.041249999999999974
0 0.2610546875 0.37338579795021964 0.03750000000000003 0.13249999999999995
0 0.26588575 0.27114019033674963 0.02416600000000002 0.05000000000000001
0 0.301276375 0.9198846998535871 0.07583300000000004 0.15500000000000003
0 0.301432625 0.28760431918008783 0.020000000000000018 0.053750000000000055
0 0.309765625 0.01903367496339678 0.02083299999999999 0.04
0 0.334765625 0.03010431918008785 0.02083299999999999 0.05499999999999999
0 0.351171875 0.37292276720351386 0.028332999999999997 0.11125000000000002
0 0.42369825 0.8219454612005858 0.16499999999999998 0.3525
0 0.3511455 0.29199670571010244 0.017500000000000016 0.0625
0 0.3711455 0.300497803806735 0.01583399999999996 0.041249999999999974
0 0.388671875 0.3629575402635432 0.027500000000000024 0.12625000000000003
0 0.3904560625 0.11217606149341142 0.019166000000000016 0.047500000000000014
0 0.3996220625 0.02760431918008785 0.01916699999999999 0.05375
0 0.412526375 0.36617496339677896 0.012500000000000011 0.07
0 0.4160029375 0.11049780380673499 0.014166000000000012 0.0425
0 0.4904814375 0.5385303806734993 0.15499999999999997 0.09999999999999994
0 0.42838575 0.031354319180087846 0.024165999999999965 0.05375
0 0.4491279375 0.4478879941434847 0.044999999999999984 0.09249999999999993
0 0.4369795 0.1107119326500732 0.015832999999999986 0.04625000000000003
0 0.5132685625 0.604427159590044 0.15916599999999997 0.027499999999999955
0 0.5409375000000001 0.8960248901903368 0.17249999999999993 0.20375
0 0.4679560625 0.03199670571010249 0.019166000000000016 0.0625
0 0.5615625 0.6568173499267935 0.20416699999999993 0.0775000000000001
0 0.5076953125 0.30839128843338215 0.025832999999999995 0.03125
0 0.51255175 0.3591032210834554 0.02416700000000005 0.07375000000000001
0 0.534504875 0.03531844802342606 0.029167000000000054 0.056249999999999994
0 0.5444795 0.3088195461200586 0.015832999999999986 0.03749999999999998
0 0.63125 0.7413543191800878 0.18833299999999997 0.05375000000000001
0 0.7038154375 0.3773151537335285 0.030833 0.11875000000000002
0 0.7203125 0.04556734992679356 0.016666999999999987 0.07750000000000001
0 0.738671875 0.38427708638360175 0.02749999999999997 0.1625
0 0.80078125 0.9452086383601757 0.10333300000000001 0.10625000000000004
0 0.7788154375 0.3184260614934114 0.029999999999999916 0.047500000000000035
0 0.78088575 0.4061694729136164 0.02499999999999991 0.17125
0 0.813723625 0.4161749633967789 0.05166700000000002 0.06750000000000003
0 0.8249345625 0.36749450951683743 0.03416700000000006 0.10500000000000005
0 0.8703779375 0.8798444363103953 0.10749999999999993 0.23749999999999996
0 0.8418876875 0.43053257686676427 0.03749999999999998 0.060000000000000026
0 0.8679814375 0.40231515373352855 0.030834000000000028 0.11999999999999997
0 0.897838875 0.4436694729136164 0.02833299999999994 0.17
0 0.94119825 0.46149341142020495 0.040000000000000036 0.125
0 0.959504875 0.4601336017569546 0.029166999999999943 0.17499999999999996
0 0.9829814375 0.5505215959004393 0.030834000000000028 0.26374999999999993
0 0.9865751875 0.4161749633967789 0.023334000000000077 0.06875000000000002
