0 0.1462109375 0.7587496666666667 0.04625000000000001 0.1458340000000001
0 0.2209375 0.7623958333333333 0.04749999999999999 0.12083300000000004
0 0.261484375 0.7848958333333332 0.04375000000000001 0.12083300000000004
0 0.420625 0.9298434166666666 0.03249999999999997 0.1383340000000001
0 0.4184375 0.79098925 0.01749999999999996 0.07083400000000006
0 0.4490625 0.9302083333333334 0.046875 0.13666699999999996
0 0.4411328125 0.745625 0.011249999999999982 0.031666999999999966
0 0.4656640625 0.7609375000000002 0.01937500000000003 0.047499999999999876
0 0.5162890625 0.7796354166666667 0.01937500000000003 0.04666699999999994
0 0.5824609375 0.8002600833333333 0.014374999999999916 0.034999999999999996
0 0.656640625 0.8166666666666668 0.020625000000000004 0.0858329999999999
0 0.718671875 0.7909899166666667 0.028125000000000067 0.029166000000000025
0 0.7573828125 0.8870309166666667 0.04125000000000001 0.12416699999999992
0 0.791015625 0.77484375 0.020625000000000004 0.05666699999999988
0 0.806171875 0.8034899166666666 0.028750000000000053 0.030833000000000037
0 0.803515625 0.7722395833333334 0.020625000000000004 0.04999999999999997
0 0.87625 0.8757294999999999 0.03249999999999997 0.079166
0 0.9682421875 0.7763024166666668 0.022499999999999964 0.04583300000000001
0 0.9900390625 0.8000520833333332 0.018125000000000058 0.06583300000000003
