0 0.156796875 0.7051956569343066 0.2475 0.5873010000000001
0 0.13765624999999998 0.4012945474452555 0.1025 0.29131699999999994
0 0.2440234375 0.32976170072992705 0.09187499999999998 0.14752599999999993
0 0.2816796875 0.5289387737226278 0.16249999999999998 0.344538
0 0.450859375 0.571683291970803 0.293125 0.7945849999999999
0 0.5596875 0.6664311897810219 0.17374999999999996 0.35854299999999995
0 0.6207812500000001 0.8774708832116788 0.29062499999999997 0.24276300000000012
0 0.6761328125 0.6394198759124088 0.198125 0.38468699999999995
0 0.6204296875 0.4414359124087591 0.06937499999999996 0.08216599999999998
0 0.725859375 0.7778609562043796 0.26312500000000005 0.4416430000000001
0 0.6605859375 0.35503938686131387 0.10749999999999993 0.17366900000000005
0 0.7471484375 0.4015243284671533 0.06187500000000001 0.09523800000000002
0 0.80765625 0.5252774890510948 0.16562500000000002 0.21195200000000008
0 0.85078125 0.7420828832116788 0.1968749999999999 0.24463099999999996
0 0.8232421875 0.4161895547445255 0.11687499999999995 0.15126
0 0.8848828125 0.6736334452554744 0.22875 0.25116700000000003
0 0.915234375 0.903480510948905 0.16812499999999997 0.19047600000000012
0 0.9113671875 0.3763810145985402 0.08437499999999998 0.120448
0 0.9289453125 0.528945802919708 0.11937500000000001 0.18580699999999994
0 0.9786328125 0.5942164233576642 0.04125000000000001 0.271709
