0 0.3893653125 0.7625048873239437 0.058591000000000004 0.30142899999999995
0 0.0715499375 0.6542351267605634 0.045131 0.26
0 0.1082883125 0.6996175633802817 0.05859099999999999 0.25571399999999994
0 0.13922006250000002 0.5685211267605633 0.04908900000000001 0.25999999999999995
0 0.296808375 0.7766294929577465 0.07442599999999999 0.22285699999999994
0 0.368963875 0.575432309859155 0.06017499999999998 0.24000000000000007
0 0.4163908125 0.5665287464788732 0.04275499999999999 0.23714300000000005
0 0.434733625 0.8144062957746478 0.05146499999999998 0.18428600000000017
0 0.84671625 0.31606611267605633 0.07046700000000006 0.20285700000000004
0 0.908051375 0.28111698591549295 0.07601000000000002 0.19428499999999999
