0 0.0276953125 0.46195270588235293 0.025625000000000002 0.126177
0 0.074296875 0.5150438235294118 0.028124999999999997 0.09698700000000002
0 0.094375 0.45253670588235295 0.033125 0.12523600000000001
0 0.1213671875 0.4317161176470588 0.023125000000000007 0.07344600000000003
0 0.1291796875 0.5096271764705882 0.037500000000000006 0.106403
0 0.17109375 0.502919 0.024375000000000008 0.10263700000000009
0 0.19 0.4261822941176471 0.03125 0.077213
0 0.1962890625 0.501036 0.019375000000000003 0.1026360000000001
0 0.2227734375 0.49621182352941173 0.029374999999999984 0.09510299999999997
0 0.268671875 0.4910904117647059 0.02749999999999997 0.09886999999999994
0 0.2630078125 0.4153595882352941 0.010000000000000009 0.053672000000000004
0 0.2937890625 0.4877368235294118 0.018750000000000044 0.09510399999999994
0 0.320390625 0.4372383529411764 0.020000000000000018 0.11205300000000006
0 0.421328125 0.6620165882352942 0.19249999999999995 0.5056499999999999
0 0.3469921875 0.4730309411764706 0.023125000000000007 0.06591299999999996
0 0.397265625 0.4252935882352942 0.02124999999999999 0.10546099999999996
0 0.49234375 0.4983910588235294 0.02437499999999998 0.08662900000000005
0 0.504375 0.464789294117647 0.03187499999999999 0.0772120000000001
0 0.526484375 0.4511405882352941 0.012499999999999956 0.053672999999999985
0 0.54265625 0.4776111764705882 0.03937500000000005 0.106403
0 0.5589453125 0.4738451764705882 0.02562500000000001 0.106403
0 0.5759375 0.476554 0.01749999999999996 0.10075300000000002
0 0.590546875 0.4568428823529412 0.028124999999999956 0.08097999999999998
0 0.6126953125 0.5452698235294118 0.05812499999999998 0.19585699999999995
0 0.6251953125 0.45631429411764707 0.026874999999999982 0.079096
0 0.6465234375 0.4502518823529412 0.02937500000000004 0.08097899999999991
0 0.665625 0.4505481176470588 0.03312499999999996 0.07344700000000001
0 0.6673828125 0.39906694117647057 0.010624999999999996 0.01600699999999996
0 0.6809375 0.4270081176470588 0.016249999999999987 0.07156300000000003
0 0.7072265625 0.4505481176470588 0.03374999999999995 0.07156299999999995
0 0.7239453125 0.4430151176470588 0.025624999999999898 0.07156300000000003
0 0.741640625 0.4212419411764706 0.020624999999999893 0.06497199999999996
0 0.75765625 0.4191255882352941 0.008749999999999925 0.053672999999999985
0 0.7662890625 0.4210095882352941 0.018125000000000058 0.055555
0 0.783125 0.440307294117647 0.03125 0.07721200000000002
0 0.8416796875 0.44017952941176464 0.10124999999999995 0.12052700000000004
0 0.8712109375 0.3643954117647059 0.01375000000000004 0.04802300000000001
0 0.9666015625 0.4225847647058823 0.06500000000000006 0.11111100000000003
