0 0.70984375 0.7137502138728323 0.14937500000000004 0.541666
0 0.056640625 0.8581723236994219 0.11375 0.27963
0 0.0667578125 0.7770659017341041 0.041874999999999996 0.13240699999999994
0 0.11578125 0.8367641502890174 0.071875 0.273148
0 0.311875 0.6509317225433526 0.4075 0.693518
0 0.168671875 0.7432404277456649 0.05937500000000001 0.08333300000000005
0 0.456484375 0.7622727919075145 0.138125 0.3944439999999998
0 0.531796875 0.7244751907514451 0.12187500000000001 0.307408
0 0.51125 0.5783132543352602 0.03312500000000007 0.07592600000000002
0 0.5794140625 0.6791318034682081 0.08187499999999992 0.262037
0 0.582578125 0.5651676878612717 0.06687500000000002 0.09074099999999993
0 0.640390625 0.6875665317919075 0.083125 0.38703700000000013
0 0.810625 0.7210716531791908 0.12687499999999996 0.48981500000000006
0 0.8741796875 0.6413560924855491 0.16375000000000006 0.4388890000000001
0 0.93265625 0.6003051849710982 0.13312500000000005 0.374074
0 0.9659765625 0.5289074566473988 0.06562500000000004 0.25
