0 0.3530078125 0.6376799882869691 0.04125000000000001 0.1829270000000001
0 0.4228515625 0.5965441844802343 0.03437499999999999 0.14258999999999997
0 0.4438671875 0.5827276383601757 0.02250000000000002 0.10788000000000005
0 0.456328125 0.5912666749633967 0.005625000000000047 0.04033699999999997
0 0.4661328125 0.5994110614934114 0.010000000000000009 0.04971900000000009
0 0.482109375 0.5950628345534408 0.011874999999999969 0.06566599999999999
0 0.49203125 0.603987803806735 0.008750000000000036 0.04221400000000006
0 0.5183203125 0.5922919941434845 0.026874999999999982 0.09099500000000009
0 0.5392578125 0.5967103191800878 0.010000000000000009 0.055348000000000085
0 0.55859375 0.6017171537335285 0.024375000000000036 0.1172610000000001
0 0.578515625 0.5866639941434846 0.020625000000000004 0.09286999999999998
