0 0.0064501779359430605 0.6090819999999999 0.013125 0.146205
0 0.020189056939501782 0.54015 0.019374999999999996 0.040299999999999954
0 0.022689056939501778 0.609455 0.019375000000000003 0.128397
0 0.04826067615658363 0.5587486666666667 0.024375 0.045924000000000055
0 0.0592126334519573 0.6204153333333333 0.04125 0.16869799999999993
0 0.07404581850533809 0.534401 0.009374999999999994 0.03655100000000001
0 0.08210631672597864 0.5836093333333333 0.020625000000000004 0.131209
0 0.11234875444839858 0.6099570000000001 0.035 0.14432999999999993
0 0.12210631672597864 0.53915 0.020625000000000004 0.03842500000000003
0 0.14047375444839857 0.6222903333333334 0.035 0.16869699999999996
0 0.17580293594306048 0.6100819999999999 0.02562500000000001 0.1480790000000001
0 0.20697953736654806 0.569585 0.016875 0.08247400000000009
0 0.2545106761565836 0.5809133333333333 0.024374999999999983 0.07497700000000009
0 0.251979537366548 0.5288603333333333 0.016875000000000025 0.02905299999999996
0 0.259479537366548 0.558831 0.016875000000000025 0.03842600000000001
0 0.26988211743772245 0.5251113333333333 0.016249999999999987 0.029053000000000034
0 0.2740235765124555 0.5733726666666668 0.02187499999999998 0.06372999999999994
0 0.29309163701067614 0.5644153333333333 0.01874999999999999 0.057170000000000075
0 0.3161321174377224 0.552208 0.01625000000000004 0.03655100000000001
0 0.4314701957295374 0.5955413333333334 0.026874999999999982 0.12277399999999997
0 0.4540346975088968 0.5837486666666666 0.01562499999999995 0.095596
0 0.46451067615658365 0.5934976666666667 0.02437499999999993 0.10777900000000007
0 0.49277357651245546 0.5882903333333334 0.021875000000000082 0.101218
0 0.5226779359430606 0.5847486666666666 0.02562500000000001 0.09747000000000003
0 0.5460898576512455 0.575585 0.015000000000000012 0.09465800000000005
0 0.5493104982206405 0.5875606666666666 0.011250000000000085 0.09747000000000003
0 0.5613967971530249 0.5949763333333333 0.018125000000000054 0.1049670000000001
0 0.5772975978647688 0.6039326666666667 0.013749999999999936 0.11152800000000002
0 0.5946063167259786 0.614141 0.020625000000000004 0.128397
0 0.6100934163701067 0.6189326666666667 0.023124999999999955 0.14151799999999995
0 0.6189813167259787 0.6360536666666666 0.020625000000000004 0.14995300000000006
0 0.6333563167259787 0.6493006666666666 0.020625000000000004 0.153702
0 0.6542637900355872 0.5556673333333333 0.0625 0.04685999999999998
0 0.6432495551601424 0.6616533333333334 0.030624999999999913 0.1686969999999999
0 0.6798798932384341 0.6955660000000001 0.042500000000000086 0.21461999999999998
0 0.6806027580071173 0.5737203333333333 0.012500000000000061 0.025305000000000064
0 0.7017548932384342 0.7176046666666667 0.04249999999999998 0.23992500000000003
0 0.7054225978647687 0.5747203333333333 0.013750000000000036 0.02717900000000009
0 0.7099777580071174 0.5784693333333333 0.012500000000000061 0.02717900000000009
0 0.7433963523131673 0.7453923333333333 0.04812499999999997 0.26897799999999994
0 0.7344684163701067 0.6239816666666668 0.023124999999999955 0.06372999999999994
0 0.7311009786476869 0.5693046666666667 0.008749999999999931 0.023430000000000065
0 0.7572864768683274 0.6344796666666667 0.019999999999999914 0.06935299999999998
0 0.7908652135231317 0.7284116666666666 0.04062500000000002 0.22586700000000012
0 0.7793527580071173 0.5822183333333333 0.012500000000000061 0.027179000000000012
0 0.7964390569395018 0.58601 0.019375000000000028 0.03842600000000001
0 0.8113434163701068 0.638059 0.023124999999999955 0.054358000000000024
0 0.8249110320284698 0.7557836666666667 0.04999999999999994 0.2614809999999999
0 0.8251779359430605 0.614189 0.02562500000000001 0.040299999999999954
0 0.8433563167259787 0.6179816666666668 0.020625000000000004 0.051545999999999974
0 0.8515547153024912 0.7183680000000001 0.029374999999999936 0.19400200000000004
0 0.8664813167259786 0.630996 0.020625000000000004 0.03842599999999993
0 0.877646797153025 0.6174166666666666 0.01812499999999995 0.033738999999999957
0 0.8849666370106761 0.6040253333333333 0.01875000000000004 0.034676000000000005
0 0.9104537366548043 0.6038993333333333 0.02125000000000009 0.03092799999999996
0 0.9611499110320284 0.7577206666666667 0.05625000000000012 0.263356
0 0.9708451957295374 0.633059 0.026874999999999982 0.04404899999999998
0 0.9832606761565836 0.6240833333333333 0.024375000000000032 0.046860000000000054
