0 0.187109375 0.39097939130434783 0.075625 0.410456
0 0.27625 0.2193524347826087 0.03187499999999999 0.03893300000000001
0 0.325703125 0.267077347826087 0.03562500000000002 0.14349300000000004
0 0.384609375 0.32543939130434785 0.04375000000000001 0.253616
0 0.4129296875 0.423715 0.10000000000000003 0.16017800000000001
0 0.42625 0.26262834782608696 0.03187499999999999 0.145717
0 0.44515625 0.27945460869565214 0.040000000000000036 0.15016700000000005
0 0.474453125 0.3666233043478261 0.03562500000000002 0.11679699999999996
0 0.5257031249999999 0.3059472608695652 0.06812500000000005 0.169077
0 0.548515625 0.3894182608695652 0.0525000000000001 0.08898799999999997
0 0.6102734375 0.4443894782608696 0.09187500000000004 0.46718600000000005
0 0.705078125 0.2575170434782608 0.09875 0.02892100000000003
0 0.8649609375 0.27165052173913046 0.07687500000000003 0.09566199999999996
0 0.9505859375 0.473593 0.07687500000000003 0.48164599999999985
