0 0.32027343750000004 0.7358336666666666 0.15624999999999997 0.460833
0 0.0963671875 0.4952604166666667 0.05437499999999999 0.2016669999999999
0 0.2438671875 0.6884375 0.053125000000000006 0.29750000000000004
0 0.4 0.7150003333333332 0.06437499999999996 0.2941660000000001
0 0.4635546875 0.6231246666666667 0.03875000000000001 0.11666699999999992
0 0.496953125 0.6240628333333333 0.036250000000000004 0.11999999999999995
0 0.56125 0.6082295 0.03249999999999997 0.07916600000000007
0 0.6148046875 0.6444788333333333 0.06937500000000008 0.18249999999999997
0 0.651875 0.6338545 0.03312500000000007 0.11000000000000003
0 0.683046875 0.6359371666666668 0.028749999999999942 0.13249999999999998
0 0.7191796875 0.64223925 0.03874999999999995 0.13416699999999993
