0 0.0889453125 0.22602657195571957 0.025624999999999995 0.11570300000000001
0 0.2225 0.6824937564575646 0.0325 0.1523019999999999
0 0.2319921875 0.29988629520295207 0.023125000000000007 0.060213
0 0.2626171875 0.46296233210332105 0.023125000000000007 0.06729599999999997
0 0.277265625 0.7545127564575647 0.05249999999999999 0.15230200000000002
0 0.2794921875 0.25812347970479704 0.023125000000000007 0.096813
0 0.29734375 0.2620344243542435 0.023749999999999993 0.08736700000000003
0 0.3708203125 0.7487567933579337 0.026874999999999982 0.15938699999999995
0 0.373046875 0.553287774907749 0.028749999999999998 0.157025
0 0.3712890625 0.2677893874538745 0.01874999999999999 0.08028300000000002
0 0.3840625 0.306970295202952 0.01687500000000003 0.062574
0 0.400625 0.6206556457564575 0.03249999999999997 0.12987
0 0.45609375 0.5201536088560886 0.02437499999999998 0.12278599999999991
0 0.477265625 0.394337295202952 0.02124999999999999 0.062574
0 0.495078125 0.799008811808118 0.03562500000000007 0.16410800000000006
0 0.515546875 0.6764417195571955 0.028125000000000067 0.14521900000000004
0 0.53421875 0.34253733210332105 0.024375000000000036 0.06729599999999997
0 0.5415625 0.36718229520295204 0.016875000000000084 0.060212999999999954
0 0.5621875 0.274356405904059 0.0475000000000001 0.08264500000000001
0 0.596015625 0.25679544280442806 0.020625000000000004 0.09090900000000003
0 0.60984375 0.3277053136531365 0.024375000000000036 0.06611600000000004
0 0.6284765625 0.6196236826568267 0.03500000000000003 0.1393149999999999
0 0.6278125 0.3558922767527675 0.01749999999999996 0.05785100000000006
0 0.6343359375 0.24513647970479702 0.01375000000000004 0.09681299999999997
0 0.6401953125 0.3558922767527675 0.02562500000000001 0.05785100000000006
0 0.7451953125 0.5101164612546125 0.026874999999999982 0.09445100000000005
0 0.7574609375 0.8505117011070111 0.04625000000000001 0.14285799999999998
0 0.76640625 0.6647794612546126 0.03937500000000005 0.09445099999999995
0 0.7912890625 0.23333047970479703 0.018125000000000058 0.09681199999999998
0 0.8060546875 0.775543848708487 0.03749999999999998 0.17001200000000008
0 0.8073046875 0.5256886642066422 0.03875000000000006 0.13459299999999996
0 0.8294140625 0.22418155350553506 0.018124999999999947 0.11334099999999996
