0 0.5605954375 0.7344525555555556 0.09318300000000002 0.33036700000000013
0 0.16269725000000002 0.7892988888888889 0.195747 0.09121299999999996
0 0.1955778125 0.7887797777777776 0.166354 0.1501670000000001
0 0.2516224375 0.44405677777777774 0.18699200000000002 0.212458
0 0.3047333125 0.4539107777777778 0.08880499999999997 0.12124599999999999
0 0.41224725 0.6864125555555556 0.133208 0.20800900000000005
0 0.5505304375 0.24132888888888887 0.2808 0.34260300000000005
0 0.447135 0.4978336666666666 0.064415 0.14794200000000007
0 0.757827875 0.7482156666666666 0.21638599999999997 0.20912100000000006
0 0.778322625 0.22253333333333336 0.17635999999999996 0.261401
0 0.79184025 0.4832592222222222 0.195747 0.22580600000000006
0 0.8585218125 0.7157392222222222 0.07317099999999999 0.22580700000000004
