0 0.615 0.6014579999999999 0.09562499999999996 0.28166700000000006
0 0.202734375 0.5280208333333333 0.29312499999999997 0.15166700000000008
0 0.37546875 0.51911425 0.05562499999999998 0.10333399999999997
0 0.43359375 0.5455725833333332 0.05562499999999998 0.17500000000000013
0 0.4787890625 0.5131767500000001 0.018125000000000002 0.05499999999999994
0 0.50484375 0.49901075 0.02437499999999998 0.056666000000000105
0 0.53421875 0.5077604166666666 0.025000000000000022 0.07750000000000005
0 0.7032421875 0.6135940833333333 0.08499999999999996 0.285833
0 0.8931640625 0.5144274166666667 0.04937499999999995 0.0774999999999999
0 0.9685546875 0.5088541666666666 0.03750000000000009 0.06916700000000005
