0 0.0517578125 0.36596345961820853 0.104375 0.4365
0 0.0703125 0.49087488399412627 0.140625 0.378175
0 0.1053125 0.3571760264317181 0.109375 0.37159000000000003
0 0.13132812500000002 0.269232436123348 0.036875000000000005 0.10630299999999998
0 0.156640625 0.24679243318649047 0.020625000000000004 0.06585200000000001
0 0.186171875 0.2394502892804699 0.02812500000000001 0.051741000000000016
0 0.2215625 0.32376987665198237 0.048750000000000016 0.27375399999999994
0 0.278828125 0.26702716299559476 0.06812499999999996 0.28316099999999994
0 0.3274609375 0.27322273127753305 0.07687500000000003 0.238006
0 0.394375 0.2144638604992658 0.033125000000000016 0.04891799999999998
0 0.4720703125 0.2341957209985316 0.026875000000000038 0.09501399999999999
0 0.50875 0.22368700440528633 0.033125000000000016 0.06397
0 0.5793359375 0.2182727195301028 0.04500000000000004 0.075258
0 0.6459375 0.2097367209985316 0.04874999999999996 0.095955
0 0.6841796875 0.21221514831130686 0.03749999999999998 0.07902099999999997
0 0.740078125 0.2315334375917768 0.06812499999999999 0.12699899999999997
0 0.77765625 0.2359155844346549 0.039999999999999925 0.183443
0 0.837421875 0.23653615124816446 0.028125000000000067 0.11947299999999997
0 0.9267578125 0.3630941806167401 0.135625 0.530574
0 0.9446875 0.3451984610866373 0.109375 0.455315
