0 0.171449875 0.7198210588235294 0.027777999999999997 0.13545100000000007
0 0.270069 0.7227622352941176 0.032223 0.14213999999999996
0 0.2866015625 0.7327952352941176 0.034443999999999975 0.14381299999999994
0 0.3500345 0.7126938235294118 0.016666999999999987 0.045151000000000066
0 0.5063326875 0.7519128823529412 0.03888900000000001 0.182275
0 0.58842025 0.7409548235294118 0.040000000000000036 0.145485
0 0.6684856875 0.6869468823529411 0.00666599999999995 0.03177200000000001
0 0.7100345 0.7640227058823529 0.016666999999999987 0.1755850000000001
0 0.7524609375 0.7636775882352941 0.04555600000000004 0.20401400000000014
0 0.76390625 0.6928292352941177 0.008889000000000036 0.04180600000000003
0 0.803168625 0.7769128823529411 0.05222199999999999 0.23077000000000011
0 0.846571625 0.7841828235294118 0.0822219999999999 0.29431399999999996
0 0.8963326875 0.772299705882353 0.03888900000000006 0.225753
0 0.907847 0.7342071176470588 0.032222000000000084 0.12207400000000006
0 0.9171748125 0.7361402352941178 0.04111100000000001 0.14213999999999988
0 0.9593268125 0.6928292352941177 0.010000000000000009 0.04180600000000003
