0 0.4661328125 0.6977604166666667 0.10437500000000005 0.325833
0 0.0927734375 0.7900003333333334 0.185625 0.4175
0 0.2584375 0.5323440833333334 0.515625 0.09750000000000007
0 0.059765625 0.4726559166666666 0.02062499999999999 0.029167000000000016
0 0.11082031249999999 0.6483336666666667 0.12000000000000002 0.2100000000000001
0 0.083984375 0.47411458333333334 0.011874999999999997 0.019167000000000007
0 0.22578125 0.6174475833333334 0.07125000000000004 0.143334
0 0.331015625 0.5904690833333334 0.083125 0.12916600000000003
0 0.3792578125 0.58494825 0.04125000000000001 0.10333300000000005
0 0.518359375 0.6016663333333333 0.07500000000000001 0.16833400000000007
0 0.5402734375 0.5471871666666667 0.030625000000000013 0.06833400000000005
0 0.618203125 0.6665628333333333 0.09937499999999999 0.24583300000000005
0 0.5937890625 0.53286425 0.018125000000000058 0.03916699999999995
0 0.6233203125 0.55348925 0.02562500000000001 0.070834
0 0.6810546875 0.6606246666666666 0.10062500000000008 0.240834
0 0.653671875 0.5384375 0.02749999999999997 0.04833299999999996
0 0.7058203125 0.60421875 0.05687500000000001 0.15
