0 0.188828125 0.6482629458272329 0.09812499999999999 0.34146300000000007
0 0.0689453125 0.9492911229868227 0.056875 0.09662300000000003
0 0.4373828125 0.9204126998535872 0.791875 0.1547839999999999
0 0.1209375 0.9588564787701317 0.048125 0.07973700000000002
0 0.163515625 0.9538678653001464 0.05124999999999999 0.0891179999999999
0 0.2136328125 0.9471165095168375 0.04125000000000001 0.1031899999999999
0 0.2758203125 0.6641485651537334 0.12062499999999998 0.24296400000000018
0 0.3112890625 0.9538678653001464 0.04999999999999999 0.0891179999999999
0 0.4436328125 0.5210611610541728 0.2925 0.5056280000000001
0 0.36296875 0.9515789941434846 0.05624999999999997 0.09287099999999995
0 0.3837109375 0.9471165095168375 0.04624999999999996 0.1031899999999999
0 0.5636328125000001 0.5430048726207906 0.19749999999999995 0.47467200000000004
0 0.5873046875 0.9573923499267935 0.038125000000000075 0.07692300000000017
0 0.6657421875 0.6727749209370425 0.053749999999999964 0.2270170000000001
0 0.7496875 0.6411967554904832 0.1725000000000001 0.292683
0 0.8297265625 0.6182439458272327 0.16000000000000003 0.342402
