0 0.0669921875 0.5682288333333334 0.023436999999999993 0.02604199999999997
0 0.068359375 0.5559895833333334 0.013281000000000001 0.020832999999999952
0 0.1302731875 0.5632815833333332 0.02265700000000001 0.018750000000000117
0 0.1392575625 0.5781253333333334 0.033594 0.04374999999999988
0 0.2076169375 0.5182288333333332 0.01406300000000002 0.02812500000000003
0 0.2265625 0.5195309166666666 0.015625 0.029167000000000092
0 0.247656 0.5177083333333333 0.03203100000000003 0.042708000000000045
0 0.2994145625 0.7098955 0.128906 0.266667
0 0.32968725 0.533333 0.039063000000000014 0.032292000000000064
0 0.3648435 0.520833 0.01640600000000003 0.03125
0 0.36874975 0.52213575 0.02421899999999999 0.023957999999999997
0 0.371483875 0.5286461666666668 0.02890699999999996 0.038540999999999936
0 0.394531 0.5411461666666666 0.03281299999999998 0.03750000000000009
0 0.3916010625 0.54505175 0.017969000000000013 0.023959000000000064
0 0.41874975 0.5807291666666666 0.055469000000000046 0.06979199999999992
0 0.42578075 0.5148437499999999 0.025000999999999995 0.05624999999999999
0 0.464453375 0.510417 0.04296899999999998 0.0625
0 0.5337890625 0.5122399166666667 0.017969000000000013 0.03020799999999994
0 0.55624975 0.5213541666666667 0.02343799999999996 0.06979200000000008
0 0.5562495 0.5044270833333333 0.01640700000000006 0.035416999999999955
0 0.640234125 0.583333 0.06796900000000006 0.09583399999999997
0 0.6548830625 0.4999996666666666 0.017968000000000095 0.022917000000000003
0 0.6601565 0.5013024166666668 0.017186999999999952 0.013541000000000025
0 0.6685546875 0.4966145833333333 0.006249999999999978 0.01979199999999996
0 0.6826171875 0.5377604166666666 0.02343700000000004 0.10729200000000001
0 0.707422375 0.50338575 0.013280999999999987 0.023957999999999997
0 0.7333979375 0.5226565833333333 0.014062999999999937 0.02083300000000003
0 0.8025388125 0.5692705 0.07265699999999997 0.07916699999999999
0 0.787890875 0.4950520833333334 0.028124999999999956 0.036457999999999956
0 0.79531275 0.49088575000000007 0.025000000000000022 0.023957999999999997
0 0.909765625 0.66796875 0.11484399999999995 0.24375000000000005
0 0.966406 0.6328125 0.06406299999999998 0.203125
0 0.972265625 0.5307291666666667 0.052343999999999946 0.163542
