0 0.321171875 0.2393229166666667 0.05937500000000001 0.15416699999999994
0 0.019765625000000002 0.5843746666666666 0.020624999999999998 0.05333399999999999
0 0.0475 0.57625 0.031875 0.06499999999999995
0 0.1437890625 0.38203158333333337 0.049375000000000016 0.080833
0 0.2360546875 0.5916149166666668 0.037500000000000006 0.06083299999999999
0 0.2683984375 0.5983850833333334 0.030000000000000027 0.06666699999999996
0 0.3023046875 0.39015625 0.03749999999999998 0.07250000000000001
0 0.3611328125 0.2454690833333333 0.04249999999999998 0.12916600000000003
0 0.430859375 0.31817708333333333 0.13687500000000002 0.22333300000000003
0 0.5851171875 0.6041149166666666 0.023125000000000062 0.061666000000000075
0 0.6126953125 0.6124479166666666 0.02562500000000001 0.06083299999999999
0 0.6500390625 0.6157809166666667 0.01937500000000003 0.06083399999999998
0 0.815703125 0.5573440833333333 0.09937499999999999 0.2225
0 0.85453125 0.5994274166666668 0.040000000000000036 0.07749999999999997
0 0.9269921875 0.6252604166666668 0.022499999999999964 0.07749999999999997
