0 0.14578125 0.5514138827361563 0.040624999999999994 0.17640899999999995
0 0.0463671875 0.5513689022801302 0.023125 0.14718199999999992
0 0.0657421875 0.5671522312703583 0.023125 0.1544889999999999
0 0.0737890625 0.5057289283387623 0.018125000000000002 0.10751599999999996
0 0.1800390625 0.5239332638436482 0.018124999999999974 0.10438400000000006
0 0.1864453125 0.5524942508143322 0.02562500000000001 0.12421800000000002
0 0.2233984375 0.5816035342019543 0.030625000000000013 0.200417
0 0.3106640625 0.5564625732899022 0.018125000000000002 0.1409190000000001
0 0.3201953125 0.5780945472312704 0.02562500000000001 0.18162799999999998
0 0.3357421875 0.5466532182410424 0.023125000000000007 0.17536499999999997
0 0.447578125 0.5676555472312703 0.036250000000000004 0.17954100000000003
0 0.474375 0.6094975081433225 0.03187499999999999 0.24008400000000005
0 0.4971875 0.5150349674267101 0.01749999999999996 0.05114899999999999
0 0.5134765625 0.6004365146579804 0.03437499999999999 0.23068900000000003
0 0.532265625 0.5076466188925082 0.020625000000000004 0.074113
0 0.6498046875 0.5880808241042345 0.03749999999999998 0.265135
0 0.6987109375 0.5716238697068404 0.04625000000000001 0.19624200000000003
0 0.7778125 0.5988078501628664 0.04874999999999996 0.22651400000000005
