0 0.078671875 0.3852086666666667 0.1225 0.17916600000000002
0 0.0940234375 0.4684895833333333 0.12375 0.23916700000000005
0 0.135859375 0.5921357500000001 0.136875 0.33666599999999997
0 0.1214453125 0.35619825 0.026874999999999996 0.04083300000000004
0 0.1762109375 0.44348925 0.04500000000000001 0.07250000000000001
0 0.1808203125 0.3396354166666667 0.02562500000000001 0.044999999999999964
0 0.2171875 0.3825524166666667 0.07875000000000001 0.10916599999999994
0 0.25679687500000004 0.4570315833333334 0.05937499999999998 0.08083299999999993
0 0.333515625 0.6093746666666666 0.20812499999999998 0.17916699999999994
0 0.26609375 0.3966145833333334 0.024999999999999967 0.018333000000000006
0 0.2963671875 0.521875 0.08437499999999998 0.09500000000000004
0 0.3052734375 0.3652086666666667 0.06124999999999997 0.053333
0 0.31046875 0.420417 0.05562499999999998 0.06500000000000002
0 0.3457421875 0.39098925 0.053749999999999964 0.070834
0 0.5208984375 0.814583 0.37375 0.31499999999999995
0 0.461171875 0.4505211666666667 0.08999999999999997 0.06833299999999998
0 0.5105078125 0.63588575 0.166875 0.1499999999999999
0 0.4653125 0.4004684166666666 0.04749999999999999 0.046667000000000014
0 0.56515625 0.5626038333333333 0.07062499999999994 0.08916700000000007
0 0.56515625 0.5060934166666667 0.07187500000000002 0.07749999999999997
0 0.5496484375 0.47276008333333336 0.02937499999999993 0.034999999999999996
0 0.5584375 0.41817675 0.04749999999999999 0.055000000000000014
0 0.6674609375 0.4843232499999999 0.07624999999999993 0.07083300000000008
0 0.72 0.8171350833333334 0.15625 0.2533339999999999
0 0.711796875 0.535417 0.08999999999999997 0.0625
0 0.71703125 0.5850520833333334 0.07125000000000004 0.06749999999999996
0 0.743828125 0.67494825 0.06687500000000002 0.10166599999999996
0 0.81296875 0.5488541666666666 0.055625000000000036 0.06999999999999999
0 0.8334375 0.60901075 0.04749999999999999 0.05499999999999986
0 0.894453125 0.6150003333333333 0.036250000000000004 0.04416600000000007
