0 0.09375 0.5418401666666667 0.188542 0.9125000000000001
0 0.177734375 0.6407119166666666 0.1375 0.6541670000000002
0 0.200129875 0.35043358333333335 0.091667 0.23749999999999996
0 0.34661425 0.5894960833333333 0.289584 0.8166670000000001
0 0.27265625 0.31553775 0.07187500000000002 0.11805600000000001
0 0.39244825 0.3248265 0.03958299999999998 0.048610999999999925
0 0.457292 0.4609375 0.09479100000000001 0.42222199999999993
0 0.586588875 0.5358505833333334 0.30937499999999996 0.9250000000000002
0 0.5207685625 0.3734378333333333 0.06562499999999999 0.213889
0 0.729036125 0.4986979166666667 0.4104169999999999 0.998611
0 0.881379875 0.272569 0.028124999999999956 0.031945000000000036
0 0.951042 0.4928818333333333 0.09479099999999996 0.463889
