0 0.7164453125 0.7221878333333334 0.057499999999999996 0.15333300000000008
0 0.4259375 0.6233333333333334 0.016874999999999973 0.041667000000000044
0 0.4412890625 0.6194270833333334 0.018125000000000002 0.03499999999999992
0 0.4761328125 0.598958 0.010000000000000009 0.033333999999999975
0 0.4850390625 0.6188538333333332 0.018125000000000002 0.027500000000000153
0 0.52546875 0.6222395833333333 0.024374999999999925 0.04999999999999997
0 0.5809375 0.6151559166666666 0.015625 0.029167000000000092
0 0.6365625 0.6594270833333332 0.016874999999999973 0.03416700000000006
0 0.65203125 0.6612496666666666 0.008750000000000036 0.020833999999999946
0 0.7098828125 0.6014065833333334 0.07250000000000001 0.05166599999999999
0 0.7646875 0.76348925 0.04749999999999999 0.07250000000000008
0 0.778203125 0.59453125 0.036250000000000004 0.040000000000000036
0 0.826015625 0.5965621666666666 0.020625000000000004 0.036667000000000005
0 0.896484375 0.6151559166666666 0.013125000000000053 0.029167000000000092
0 0.9086328125 0.6257815833333332 0.010624999999999996 0.02083300000000003
0 0.9246875 0.6105208333333333 0.016874999999999973 0.027500000000000007
