0 0.14066406250000002 0.8167972041612485 0.08125 0.3172360000000001
0 0.09203125 0.3887919297789337 0.164375 0.44213099999999994
0 0.25480468749999996 0.7436744954486345 0.1 0.34388000000000013
0 0.2901953125 0.5298380663198959 0.026249999999999996 0.141549
0 0.3122265625 0.9278400663198959 0.06499999999999995 0.141548
0 0.318359375 0.5250011157347204 0.043125000000000024 0.129059
0 0.349453125 0.5176108959687906 0.036250000000000004 0.13405500000000004
0 0.3819921875 0.88139811053316 0.08499999999999996 0.23480399999999993
0 0.380703125 0.5137097256176854 0.036250000000000004 0.12572799999999995
0 0.44625 0.9326295058517555 0.09562500000000002 0.13155699999999998
0 0.4365625 0.5411499726918075 0.016874999999999973 0.06078199999999999
0 0.4521875 0.523869533159948 0.04812499999999997 0.07077499999999999
0 0.856875 0.38059926397919375 0.03125 0.08992500000000002
0 0.88515625 0.23260558257477243 0.040000000000000036 0.05828399999999998
0 0.896875 0.3882523133940182 0.03249999999999997 0.07577000000000002
