0 0.038456500000000005 0.5407109004037686 0.015635 0.056034999999999925
0 0.05799775 0.55833100538358 0.024389999999999995 0.051724000000000055
0 0.058392375 0.521490265141319 0.011881999999999997 0.020689999999999962
0 0.137960625 0.6394628115746972 0.051281999999999994 0.21206899999999995
0 0.203463375 0.6400514966352625 0.07442099999999999 0.218966
0 0.1763169375 0.5568616406460297 0.015008999999999995 0.08620699999999994
0 0.1921823125 0.6273938115746972 0.026892 0.21034499999999992
0 0.2675468125 0.5233641103633917 0.010006000000000015 0.050000000000000044
0 0.4037566875 0.5518394858681024 0.163227 0.11810299999999996
0 0.5575315 0.541027270524899 0.01688500000000004 0.07241400000000002
0 0.5756675 0.5137753203230148 0.017511000000000054 0.0456900000000001
0 0.5881755 0.5166346352624496 0.015635000000000066 0.03534500000000004
0 0.651888375 0.5210504253028264 0.012508000000000075 0.04051700000000007
0 0.7038725 0.5149106352624495 0.01625999999999994 0.03534499999999997
0 0.7485499375 0.514532530282638 0.014384000000000063 0.03879299999999999
0 0.895155375 0.5793637510094213 0.043777000000000066 0.137069
0 0.9212340625 0.5276133755047107 0.019387000000000043 0.06896499999999992
0 0.9530329375 0.5969661763122477 0.07692300000000007 0.176724
0 0.9377685 0.52815800538358 0.016885999999999957 0.05344899999999991
