0 0.001953125 0.7277220588235294 0.004375 0.13559399999999988
0 0.0263671875 0.819915 0.053125 0.25141299999999994
0 0.056796875 0.8034201176470587 0.06 0.32203400000000004
0 0.15109375 0.8319014705882353 0.08625 0.33333299999999993
0 0.2726171875 0.3753458823529412 0.02312499999999995 0.031073999999999977
0 0.27984375 0.7583303529411765 0.02437499999999998 0.11205300000000006
0 0.2957421875 0.7661595882352941 0.021875000000000033 0.103578
0 0.3060546875 0.7875097647058824 0.03875000000000001 0.161017
0 0.3113671875 0.3651050588235294 0.021875000000000033 0.036723000000000054
0 0.3532421875 0.37245799999999996 0.021874999999999978 0.051789
0 0.387265625 0.8093991176470587 0.05249999999999999 0.1732580000000001
0 0.4169140625 0.42660629411764706 0.019374999999999976 0.029189999999999994
0 0.4330859375 0.4142491176470588 0.013749999999999984 0.02071500000000003
0 0.4605078125 0.7989143529411764 0.04249999999999998 0.214689
0 0.4486328125 0.40724470588235295 0.010624999999999996 0.023541
0 0.4815234375 0.42641564705882357 0.02937500000000004 0.08851199999999998
0 0.4838671875 0.7883878823529411 0.021874999999999978 0.17984899999999993
0 0.5148046875000001 0.7994651176470587 0.03875000000000001 0.12335299999999993
0 0.562890625 0.7904509411764706 0.05125000000000002 0.16478299999999999
0 0.600234375 0.33090982352941173 0.04437500000000005 0.04425600000000003
0 0.651328125 0.3594967647058823 0.03562500000000002 0.11016900000000003
0 0.693671875 0.8459731764705882 0.05874999999999997 0.30602599999999996
0 0.6802734375 0.34843011764705883 0.02937499999999993 0.12146900000000004
0 0.7528515625 0.7589761176470587 0.034375000000000044 0.12146899999999995
0 0.76078125 0.31423488235294117 0.03937500000000005 0.13088499999999997
0 0.77640625 0.8522156470588236 0.07062500000000005 0.29095999999999994
0 0.8062109375 0.3022262352941177 0.04562500000000003 0.141243
0 0.8480859375 0.3320202941176471 0.014999999999999902 0.079096
0 0.8775 0.2753849411764706 0.0318750000000001 0.167608
