0 0.840234375 0.5798691864904553 0.13750000000000007 0.6127819999999998
0 0.4990234375 0.23436231718061676 0.999375 0.44078900000000004
0 0.1410546875 0.4947058751835536 0.03875000000000001 0.25375899999999996
0 0.1728515625 0.4961743039647577 0.03437499999999999 0.25751900000000005
0 0.205703125 0.5141491615271659 0.03687500000000002 0.26221799999999995
0 0.250390625 0.5136185932452276 0.05124999999999999 0.306391
0 0.30640625 0.5197314419970631 0.07187500000000002 0.18891000000000002
0 0.371875 0.5392915859030838 0.09499999999999997 0.2039469999999999
0 0.449453125 0.5381113127753304 0.06812499999999999 0.379699
0 0.52859375 0.5442776020558003 0.08687500000000004 0.4313910000000001
0 0.618671875 0.5436880352422907 0.08999999999999997 0.49530100000000016
0 0.736953125 0.02936857562408223 0.16062500000000002 0.06015
0 0.7162890625 0.5757008942731278 0.11312500000000003 0.5206770000000002
0 0.7124609375 0.07612472099853157 0.014375000000000027 0.09586499999999999
0 0.7255859375 0.0748910073421439 0.01375000000000004 0.10432399999999999
0 0.737265625 0.07635943612334802 0.020625000000000004 0.10620300000000002
0 0.7563671875 0.06731300881057269 0.021874999999999978 0.12594
0 0.782421875 0.07195414977973569 0.028124999999999956 0.097745
0 0.8170703125 0.05709300587371512 0.026875000000000093 0.08270699999999999
0 0.8496484375 0.05433186490455213 0.030625000000000013 0.109962
0 0.885625 0.049926578560939794 0.03187499999999999 0.100564
0 0.9247265625 0.04698972099853157 0.034375000000000044 0.096805
0 0.9276171875 0.42586657856093973 0.02312499999999995 0.100564
0 0.9748828125 0.04552129221732746 0.04249999999999998 0.091165
0 0.9869921875 0.5079217342143906 0.023125000000000062 0.281015
