0 0.04234375 0.4064817664233577 0.05500000000000001 0.08590099999999996
0 0.12503906250000002 0.4906567737226278 0.08125 0.34640499999999996
0 0.19187500000000002 0.46430568613138684 0.15749999999999997 0.428572
0 0.2572265625 0.47573946715328463 0.09624999999999997 0.233427
0 0.3198046875 0.5088266131386862 0.10125 0.2296920000000001
0 0.3743359375 0.5047581824817519 0.04625000000000001 0.09897300000000003
0 0.4616015625 0.4974595182481752 0.19 0.450047
0 0.498828125 0.505906905109489 0.06812499999999994 0.22222199999999998
0 0.538828125 0.5078415912408759 0.06812499999999999 0.24836600000000003
0 0.60734375 0.5255442335766423 0.08625000000000005 0.31652699999999995
0 0.65171875 0.5309688686131386 0.024375000000000036 0.12418300000000002
0 0.6865234375 0.5337178467153284 0.030000000000000027 0.14379099999999997
0 0.704921875 0.5285229927007299 0.028124999999999956 0.14285700000000004
0 0.738125 0.5193713868613139 0.06374999999999997 0.17460299999999998
0 0.7671875 0.5506945766423357 0.04749999999999999 0.128852
0 0.805390625 0.534058306569343 0.05125000000000002 0.11671399999999993
0 0.8181640625 0.49132302919708026 0.050000000000000044 0.23996300000000004
0 0.851484375 0.4870101532846715 0.07437500000000008 0.25863699999999995
0 0.86640625 0.5389940510948905 0.07124999999999992 0.2203549999999999
0 0.93953125 0.5176524233576643 0.10249999999999992 0.273576
