0 0.740859375 0.7548958333333333 0.07562500000000005 0.2466670000000001
0 0.0478515625 0.8171874999999998 0.0975 0.3616670000000001
0 0.2809765625 0.6568753333333334 0.31625000000000003 0.13583299999999995
0 0.2043359375 0.8007288333333333 0.07749999999999999 0.24499999999999997
0 0.2829296875 0.7593229166666666 0.10124999999999998 0.28083300000000005
0 0.417890625 0.820417 0.05249999999999999 0.18916600000000003
0 0.51421875 0.689583 0.14999999999999997 0.189167
0 0.572421875 0.6223961666666668 0.028750000000000053 0.03666599999999994
0 0.5690625 0.6086455 0.015625 0.015833999999999977
0 0.64171875 0.6317190833333334 0.08687500000000004 0.06583300000000003
0 0.6840625 0.6497913333333334 0.016874999999999973 0.07333400000000001
0 0.7394140625 0.6162496666666666 0.01937500000000003 0.020834000000000092
0 0.8209765625 0.6425524166666666 0.03375000000000006 0.10833300000000008
0 0.8559375 0.64453125 0.015625 0.040000000000000036
