0 0.1419921875 0.5604163333333333 0.178125 0.23124999999999996
0 0.2423828125 0.42942675 0.07343700000000003 0.1812499999999999
0 0.321875 0.572917 0.157813 0.625
0 0.378125 0.42109375 0.0625 0.18125
0 0.5072260625 0.8395829999999999 0.26874999999999993 0.31458400000000014
0 0.46171825 0.5541663333333333 0.13281299999999996 0.2291669999999999
0 0.4455083125 0.4468746666666667 0.08906199999999997 0.17708400000000002
0 0.5234375 0.4791666666666667 0.07968699999999995 0.2729169999999999
0 0.5853515625 0.4677086666666666 0.06562500000000004 0.24166600000000002
0 0.641796875 0.42656216666666663 0.059374999999999956 0.1625000000000001
0 0.673827625 0.5028649166666667 0.08281299999999991 0.12291600000000003
0 0.694140125 0.4130205 0.06718800000000003 0.11041699999999999
0 0.7281245 0.42786491666666665 0.078125 0.18749999999999992
0 0.7982426875 0.5015628333333333 0.10156199999999993 0.308333
0 0.84140625 0.46848925 0.07187500000000002 0.258334
0 0.87578075 0.41796875 0.05468799999999996 0.15000000000000005
0 0.937108875 0.517708 0.0906260000000001 0.34375
0 0.980078125 0.5124996666666667 0.035938000000000025 0.33333399999999996
