0 0.853515125 0.821875 0.06718799999999991 0.15625
0 0.0859375 0.425 0.048436999999999994 0.12708299999999997
0 0.0937495 0.22291666666666665 0.046876 0.085417
0 0.1357421875 0.5273434166666666 0.05468700000000001 0.07708400000000008
0 0.1458989375 0.62213575 0.046873999999999985 0.15000000000000005
0 0.1781245 0.6216145833333334 0.046875 0.1437499999999999
0 0.1843755 0.4966145833333333 0.046875 0.08124999999999998
0 0.246484375 0.11041666666666666 0.07499999999999998 0.210417
0 0.2593755 0.7466145833333334 0.04843699999999998 0.14583299999999996
0 0.3 0.5093753333333333 0.03281200000000001 0.13750000000000004
0 0.315233875 0.7817708333333334 0.059375999999999984 0.15208299999999988
0 0.345703125 0.23749966666666666 0.098437 0.272917
0 0.3607421875 0.7648434166666668 0.05312500000000003 0.13958399999999985
0 0.354688 0.5734378333333333 0.03281200000000001 0.15208300000000005
0 0.379296875 0.4351565833333333 0.02812500000000001 0.11250000000000004
0 0.4056640625 0.8161461666666666 0.050000000000000044 0.09999999999999994
0 0.457421375 0.9476559166666666 0.043750999999999984 0.09166700000000017
0 0.5654296875 0.21015625000000002 0.13124999999999998 0.19583300000000003
0 0.53984325 0.9249996666666668 0.07031299999999996 0.14583399999999994
0 0.6087895625 0.8546878333333333 0.0656239999999999 0.15208300000000005
0 0.64296875 0.22317741666666668 0.02343800000000007 0.07708300000000001
0 0.6439453125 0.36406283333333334 0.026561999999999975 0.05833299999999997
0 0.663671875 0.20546875 0.028124999999999956 0.08749999999999998
0 0.6701176875 0.4437499999999999 0.03749899999999995 0.125
0 0.71171825 0.21562500000000004 0.03906299999999996 0.09375
0 0.742188 0.8768229166666668 0.0625 0.15416699999999986
0 0.7904301875 0.4703125000000001 0.05468699999999993 0.141667
0 0.8375 0.2851559166666667 0.03281299999999998 0.09166699999999998
0 0.86328075 0.28671874999999997 0.02343799999999996 0.08749999999999998
0 0.8982421875 0.96223925 0.05468700000000004 0.07083400000000006
