0 0.099765625 0.4692984444444444 0.08249999999999999 0.45383799999999996
0 0.0166015625 0.3624803333333333 0.035 0.13681900000000002
0 0.18265625 0.3518452222222222 0.03937500000000002 0.134594
0 0.22875 0.42223622222222223 0.06374999999999997 0.321468
0 0.308359375 0.5123475555555556 0.138125 0.5495
0 0.3767578125 0.3550167777777778 0.04249999999999998 0.18242499999999998
0 0.445234375 0.5703153333333333 0.138125 0.6985540000000001
0 0.4877734375 0.4408965555555555 0.06187500000000001 0.39488399999999996
0 0.5521484375 0.35262533333333335 0.06125000000000003 0.230256
0 0.6393359375 0.46324855555555555 0.07687500000000003 0.45828700000000006
0 0.73015625 0.5131276666666666 0.13312500000000005 0.647386
0 0.7643359375 0.38908366666666666 0.04625000000000001 0.30478299999999997
0 0.8537109375 0.5029294444444444 0.13937499999999992 0.610679
0 0.9648046875 0.421945 0.06874999999999998 0.219132
