0 0.9547265625 0.3126941404958678 0.06500000000000006 0.426455
0 0.08031250000000001 0.2605970082644628 0.078125 0.30899499999999996
0 0.12796875000000002 0.2722903223140496 0.086875 0.392592
0 0.1622265625 0.23215679338842973 0.065 0.316402
0 0.1806640625 0.14753566942148763 0.019375000000000003 0.10476199999999997
0 0.2124609375 0.20234369421487602 0.07687499999999997 0.227513
0 0.25589843749999996 0.18926977685950414 0.029375000000000012 0.100529
0 0.28109375 0.16386405785123967 0.055625000000000036 0.15238100000000002
0 0.3199609375 0.20925271074380167 0.015000000000000013 0.04126999999999998
0 0.354375 0.16168602479338842 0.06437500000000002 0.12381000000000003
0 0.4170703125 0.10592462809917355 0.057499999999999996 0.166138
0 0.4643359375 0.1578648181818182 0.014374999999999971 0.039152999999999986
0 0.5269140625 0.1335868512396694 0.050000000000000044 0.067725
0 0.7298046875 0.24483835537190082 0.007499999999999951 0.020104999999999987
0 0.7434375 0.24258185123966944 0.015625 0.06878300000000005
0 0.7691015625 0.2346322727272727 0.034375000000000044 0.14709000000000003
0 0.80546875 0.29724065289256196 0.05500000000000005 0.28994700000000007
0 0.8448828125 0.2985612231404959 0.073125 0.3037039999999999
0 0.903515625 0.307822652892562 0.05249999999999999 0.28783099999999995
0 0.9803125 0.24330752892561983 0.015625 0.07830700000000003
0 0.98734375 0.31510758677685946 0.02375000000000005 0.22963
