0 0.307617 0.4114205841874085 0.094727 0.44655899999999993
0 0.3623044375 0.3689605036603221 0.09277399999999997 0.196193
0 0.3564453125 0.45680833235724744 0.056641 0.348463
0 0.501952875 0.38506598975109807 0.15234399999999998 0.661786
0 0.6064455625 0.34846250951683744 0.035155999999999965 0.10541700000000004
0 0.642578125 0.3221087979502196 0.09960899999999995 0.13323500000000005
0 0.636719125 0.3235726691068814 0.03710899999999995 0.131771
0 0.6865238125 0.3250365710102489 0.042967999999999895 0.15226900000000002
0 0.75878925 0.3616398169838946 0.16601500000000002 0.33675000000000005
0 0.8554684375 0.4260617306002929 0.06054700000000002 0.17715899999999996
0 0.9111325 0.4597361991215227 0.17382799999999998 0.9136170000000001
