0 0.0419921875 0.9008850833333334 0.085 0.1924999999999999
0 0.362734375 0.36624966666666664 0.043125000000000024 0.27166699999999994
0 0.452578125 0.5003121666666667 0.09937500000000005 0.2241670000000001
0 0.47125 0.3809378333333333 0.09562500000000002 0.09000000000000001
0 0.5260546875000001 0.48390658333333336 0.10062500000000002 0.17499999999999996
0 0.568125 0.5930729166666667 0.09437499999999999 0.09249999999999996
0 0.66375 0.5678649166666666 0.09562500000000007 0.24750000000000014
0 0.690625 0.55505175 0.03249999999999997 0.27499999999999997
0 0.7284375 0.5418229166666667 0.04749999999999999 0.2808329999999999
0 0.7526953125 0.8742187500000002 0.08812500000000001 0.14999999999999977
0 0.7884765625 0.83213575 0.06625000000000003 0.211666
0 0.7840625 0.5545836666666667 0.04874999999999996 0.14666600000000005
0 0.7912890625 0.8318746666666668 0.01937500000000003 0.05333399999999985
0 0.824453125 0.8686979166666666 0.0675 0.24833300000000014
0 0.8753125 0.8553125 0.04812499999999997 0.14249999999999993
0 0.936796875 0.8358850833333333 0.09062500000000007 0.316667
