0 0.2288671875 0.592154279106858 0.08499999999999996 0.454546
0 0.0380078125 0.5155638468899522 0.042499999999999996 0.22063299999999997
0 0.1059765625 0.5224632615629984 0.034375 0.20735400000000004
0 0.1753515625 0.504596090909091 0.06562499999999999 0.18488300000000005
0 0.382734375 0.5568159744816588 0.10625000000000001 0.37282899999999997
0 0.4355859375 0.5664924864433811 0.14062499999999994 0.447396
0 0.56703125 0.5882657974481659 0.13312500000000005 0.43820200000000004
0 0.67015625 0.4140280606060606 0.07187500000000002 0.12155199999999998
0 0.704140625 0.449330956937799 0.08374999999999999 0.12563800000000003
0 0.788984375 0.47364843859649125 0.07562500000000005 0.14095999999999997
