0 0.0265625 0.3882291666666666 0.016874999999999998 0.036667000000000005
0 0.4634375 0.25979199999999997 0.015625 0.03333300000000002
0 0.49328125 0.430625 0.00874999999999998 0.03250000000000005
0 0.517109375 0.25072916666666667 0.012500000000000067 0.03750000000000001
0 0.78390625 0.34703124999999996 0.008749999999999925 0.03916699999999999
0 0.92328125 0.25109408333333333 0.008749999999999925 0.03583300000000004
0 0.9395703125 0.45869825000000003 0.026249999999999996 0.03916599999999996
0 0.935234375 0.25406216666666664 0.01187500000000008 0.03749999999999998
0 0.9776171875 0.45406216666666666 0.021874999999999978 0.03750000000000001
0 0.9936328125 0.3358333333333334 0.010624999999999996 0.041666999999999975
