0 0.49609375 0.8123989150326797 0.993125 0.372385
0 0.4990234375 0.44238773202614373 0.999375 0.21841000000000002
0 0.07328125 0.5640657058823529 0.008749999999999994 0.02594199999999996
0 0.13640625 0.5935624640522876 0.00874999999999998 0.03430999999999997
0 0.18015625 0.5892740849673204 0.008750000000000008 0.029289000000000023
0 0.1930078125 0.6094624640522875 0.01125000000000001 0.034308999999999965
0 0.194609375 0.6410537058823529 0.011874999999999997 0.025941000000000037
0 0.256484375 0.6609786535947713 0.011875000000000024 0.03682000000000001
0 0.3005078125 0.5775590849673202 0.010624999999999996 0.029289000000000023
0 0.325859375 0.6889604640522876 0.013124999999999998 0.035982999999999925
0 0.39078125 0.5569015163398693 0.008124999999999993 0.022593999999999975
0 0.4023828125 0.6437714640522876 0.010624999999999996 0.035984
0 0.4324609375 0.648059843137255 0.014375000000000027 0.03932999999999999
0 0.4599609375 0.6567946535947712 0.015000000000000013 0.037656999999999954
0 0.500625 0.5586242222222223 0.09562499999999996 0.04518799999999995
0 0.535859375 0.6497338431372549 0.013124999999999942 0.04100400000000002
0 0.56578125 0.5636998954248366 0.009375000000000022 0.027614999999999994
0 0.6067578125 0.5884380849673202 0.010624999999999996 0.030962000000000055
0 0.6348828125 0.5767220849673204 0.010624999999999996 0.029289000000000023
0 0.6668359375 0.7048594640522876 0.015000000000000013 0.035982999999999925
0 0.6746875 0.7430363594771242 0.015625 0.06025099999999993
0 0.7021875 0.8021382222222223 0.016875000000000084 0.04518899999999995
0 0.747734375 0.5910524640522875 0.01187500000000008 0.03514600000000006
0 0.7523828125 0.7349854640522876 0.011249999999999982 0.03430900000000004
0 0.7665625 0.7340440849673202 0.016874999999999973 0.02928899999999995
0 0.76390625 0.5884380849673202 0.009375000000000022 0.029288000000000022
0 0.7916796875 0.551513705882353 0.007500000000000062 0.024267999999999932
0 0.840859375 0.5733750849673204 0.012500000000000067 0.02928799999999995
0 0.956796875 0.8339322549019608 0.028124999999999956 0.087866
