0 0.1416015625 0.5054684166666666 0.284375 0.983334
0 0.281640625 0.4291663333333333 0.176563 0.6666669999999999
0 0.3822265625 0.3151041666666667 0.034375000000000044 0.13124999999999995
0 0.62890625 0.60286425 0.47656299999999996 0.7895840000000001
0 0.4724604375 0.3328125 0.09218800000000005 0.141667
0 0.6 0.18932291666666665 0.06406200000000006 0.09374999999999999
0 0.674609375 0.3828121666666666 0.07500000000000007 0.16250000000000006
0 0.79140675 0.5039065833333334 0.243749 0.48958299999999993
0 0.73125 0.3257815833333333 0.06406300000000009 0.1458330000000001
0 0.93046825 0.40651041666666665 0.13437600000000005 0.38958300000000007
