0 0.049849625 0.8839105058365759 0.05174 0.07874999999999993
0 0.0862876875 0.5288164721141374 0.03856999999999999 0.07375000000000005
0 0.1051026875 0.5340985732814527 0.037628999999999996 0.08999999999999991
0 0.1305738125 0.7940045395590143 0.04233300000000001 0.0837500000000001
0 0.1672618125 0.7900664721141375 0.04233300000000001 0.07375000000000005
0 0.183147125 0.7167671854734112 0.036689 0.02874999999999984
0 0.3227703125 0.840395590142672 0.058325000000000016 0.09249999999999985
0 0.4935610625 0.4388553826199741 0.393227 0.21499999999999997
0 0.400743625 0.7771157587548638 0.05079899999999998 0.11874999999999997
0 0.50899975 0.8554426070038911 0.05550300000000008 0.09375
0 0.5569411875 0.6525664721141374 0.05362200000000006 0.07375000000000005
0 0.5831379375 0.7529426070038912 0.045155999999999974 0.09375
0 0.610169 0.7625194552529183 0.03292500000000009 0.07250000000000005
0 0.6670071875 0.4626134889753567 0.05362200000000006 0.07624999999999998
0 0.7337270625 0.751645590142672 0.04891800000000002 0.09249999999999985
0 0.868503 0.8106306744487679 0.063029 0.1049999999999999
0 0.9264160625 0.47246433203631644 0.14393200000000006 0.20500000000000002
