0 0.1887890625 0.7548267306002928 0.050625 0.17823699999999995
0 0.1237890625 0.7071067057101025 0.01812499999999999 0.06285200000000006
0 0.2374609375 0.7029168960468521 0.015000000000000013 0.11163200000000004
0 0.2451171875 0.7029168960468521 0.023125000000000007 0.11350799999999998
0 0.3636328125 0.6725820614934114 0.011249999999999982 0.04971800000000003
0 0.442890625 0.680954963396779 0.020000000000000018 0.06754199999999994
0 0.479609375 0.6615525768667643 0.011874999999999969 0.06097600000000002
0 0.49953125 0.6659008038067349 0.008750000000000036 0.04221400000000014
0 0.5412890625 0.6842950922401171 0.01937500000000003 0.07317000000000004
0 0.6021875 0.6909753499267935 0.016874999999999973 0.076923
0 0.6559765625 0.7785955651537335 0.06562499999999993 0.24108800000000005
0 0.757890625 0.7903085959004392 0.05249999999999999 0.26360200000000006
0 0.8389453125 0.7903786939970716 0.05812499999999998 0.24390200000000006
0 0.8790234375 0.7065286998535871 0.030000000000000027 0.1538460000000001
