0 0.2399609375 0.6749 0.07749999999999999 0.14639999999999995
0 0.044375 0.4278 0.064375 0.19120000000000004
0 0.046171875 0.6659999999999999 0.059375 0.14160000000000011
0 0.1028515625 0.67425 0.06562500000000002 0.13439999999999996
0 0.1139453125 0.4071 0.057499999999999996 0.15520000000000003
0 0.1735546875 0.6807499999999999 0.06937499999999999 0.1376000000000001
0 0.168515625 0.66715 0.05124999999999999 0.13920000000000002
0 0.178828125 0.41535000000000005 0.0675 0.14799999999999996
0 0.2471484375 0.41074999999999995 0.061874999999999986 0.11840000000000003
0 0.3075 0.6744999999999999 0.06312499999999999 0.1256000000000001
0 0.3104296875 0.53165 0.07 0.12400000000000005
0 0.3143359375 0.405 0.07624999999999998 0.1304
0 0.317421875 0.8042 0.059374999999999956 0.13200000000000003
0 0.3781640625 0.6686000000000001 0.08187499999999998 0.11039999999999985
0 0.3819140625 0.52845 0.080625 0.12399999999999999
0 0.445078125 0.40785000000000005 0.0675 0.13279999999999995
0 0.4492578125 0.27759999999999996 0.07374999999999998 0.12079999999999998
0 0.4512109375 0.7988500000000001 0.07687499999999997 0.12399999999999992
0 0.4584375 0.66715 0.046875 0.13759999999999992
0 0.5111328125 0.27085000000000004 0.07250000000000001 0.1232
0 0.516484375 0.6673 0.07499999999999996 0.12719999999999998
0 0.5187109375000001 0.40305 0.07624999999999998 0.1336
0 0.5094921875 0.7789999999999999 0.053749999999999964 0.11120000000000019
