0 0.187734375 0.4800955882352942 0.074375 0.305085
0 0.4990234375 0.2529411764705882 0.999375 0.506591
0 0.33796875 0.5021765882352941 0.15000000000000002 0.25329599999999997
0 0.569375 0.5450037058823529 0.09500000000000008 0.32485900000000006
0 0.6284375 0.5613718235294117 0.14250000000000007 0.295668
0 0.6842578125 0.4095606470588235 0.10375000000000001 0.19114799999999998
0 0.7203125 0.6371132352941176 0.078125 0.29378600000000005
0 0.7796875 0.6130330588235294 0.10999999999999999 0.33804100000000004
0 0.7826171875 0.39513941176470585 0.08437499999999998 0.19868200000000003
0 0.90859375 0.3324939411764706 0.18062500000000004 0.31638399999999994
0 0.873359375 0.33385994117647055 0.07562499999999994 0.26647800000000005
0 0.91203125 0.7718175294117647 0.13437500000000002 0.3201509999999999
0 0.9015625 0.9106817058823529 0.11124999999999996 0.17514099999999994
0 0.9413671875 0.6664842941176471 0.11562499999999998 0.27777699999999994
