0 0.5222265625 0.4144178995568686 0.09625000000000006 0.366131
0 0.6370703125 0.5260109778434269 0.05812499999999998 0.16840200000000008
0 0.7074609375 0.6226394874446085 0.07687499999999992 0.297067
0 0.7239453125 0.5998232998522895 0.025624999999999898 0.1220439999999999
0 0.771328125 0.6145454047267356 0.03687499999999999 0.12582800000000002
0 0.8151953125 0.6103465096011816 0.02562500000000001 0.12772000000000006
0 0.8353515625 0.6166208803545051 0.03500000000000003 0.11068999999999996
0 0.8845703125 0.5906619852289513 0.02562500000000001 0.11258199999999989
0 0.9387109375 0.6065615096011817 0.04500000000000004 0.1296119999999999
0 0.983671875 0.5962217754800592 0.028125000000000067 0.10785299999999992
