0 0.15171875 0.4929628235294118 0.118125 0.14689300000000002
0 0.319140625 0.48960923529411765 0.11499999999999999 0.14406799999999995
0 0.480390625 0.49337523529411764 0.11499999999999994 0.14312599999999998
0 0.5815625 0.3157809411764706 0.04749999999999999 0.065913
0 0.633671875 0.4910159411764706 0.08999999999999997 0.16478299999999999
0 0.674375 0.3732722352941176 0.09500000000000008 0.09322000000000004
0 0.65984375 0.3147750588235294 0.05500000000000005 0.08662900000000001
0 0.7446875 0.3111891176470588 0.048125000000000084 0.07156299999999999
0 0.7828125 0.37138823529411763 0.078125 0.09322100000000003
0 0.7927734375 0.42517741176470586 0.09187500000000004 0.09981200000000001
0 0.83015625 0.31436264705882355 0.07187499999999991 0.08851199999999998
0 0.888515625 0.37474282352941174 0.08250000000000002 0.09510300000000005
0 0.9023828125 0.4152318235294117 0.10499999999999998 0.09510400000000006
0 0.9340625 0.3153675294117647 0.04749999999999999 0.06779699999999998
0 0.9825 0.4015841176470588 0.03249999999999997 0.07156300000000003
0 0.9858203125 0.3118338823529411 0.026249999999999996 0.08097900000000004
