0 0.1461328125 0.963400730994152 0.04125000000000001 0.06928900000000004
0 0.164375 0.750607590643275 0.0325 0.10299600000000005
0 0.202265625 0.7462216257309942 0.020625000000000004 0.0955059999999999
0 0.22609375 0.7418356608187134 0.02437499999999998 0.08614299999999998
0 0.268125 0.850088543859649 0.03249999999999997 0.11516900000000009
0 0.2769140625 0.7522506374269006 0.019374999999999976 0.09175999999999994
0 0.2987890625 0.7250477426900586 0.01937500000000003 0.06554299999999984
0 0.341796875 0.711528730994152 0.02812500000000001 0.06741500000000006
0 0.3734375 0.8114695906432748 0.016250000000000042 0.10393199999999994
0 0.376640625 0.828569730994152 0.020625000000000004 0.06928800000000007
0 0.4384375 0.7562255906432748 0.01687500000000003 0.10486899999999998
0 0.4507421875 0.7757736140350877 0.023125000000000007 0.09831500000000007
0 0.4659375 0.9687887777777777 0.048750000000000016 0.05805300000000002
0 0.489140625 0.7210727894736841 0.020625000000000004 0.054307000000000064
0 0.503515625 0.7664106140350878 0.020625000000000004 0.09831399999999993
0 0.51953125 0.9760498245614034 0.040000000000000036 0.04494400000000007
0 0.5201953125 0.7559956374269007 0.02562500000000001 0.09176000000000002
0 0.5214453125 0.8899405321637427 0.026874999999999982 0.118914
0 0.564140625 0.9710727894736843 0.0525000000000001 0.05430699999999998
0 0.5701953125 0.8139498479532162 0.026874999999999982 0.03838900000000011
0 0.621484375 0.8722156140350876 0.04375000000000007 0.09737799999999995
0 0.676640625 0.7444646023391812 0.020000000000000018 0.10018699999999996
0 0.6981640625 0.7169167777777777 0.018125000000000058 0.05805200000000014
0 0.7200390625 0.7388466023391812 0.01937499999999992 0.1020590000000001
0 0.740390625 0.71147883625731 0.020625000000000004 0.0421349999999999
0 0.759609375 0.8590415321637428 0.043749999999999956 0.1170409999999999
0 0.8015234375 0.7411296140350878 0.030625000000000013 0.09831399999999993
0 0.8179296875 0.9368715087719298 0.038125000000000075 0.12359600000000003
0 0.8190234375 0.9593596959064327 0.02937500000000004 0.07677900000000018
0 0.9176953125 0.7203006608187135 0.026874999999999982 0.08614199999999993
