0 0.116647125 0.7573010279001469 0.09774000000000001 0.39299999999999996
0 0.1606343125 0.6503480176211454 0.05784600000000001 0.24900000000000003
0 0.2002995 0.6286108663729808 0.047872 0.131
0 0.29292687500000003 0.685632892804699 0.15425599999999998 0.5000000000000001
0 0.392495375 0.7364904552129222 0.10571800000000003 0.374
0 0.4246800625 0.6409530102790014 0.04920199999999997 0.14500000000000002
0 0.4665271875 0.6123215859030837 0.053856000000000015 0.20299999999999999
0 0.512840375 0.601042584434655 0.043883000000000005 0.183
0 0.6828245625 0.6721953010279001 0.09641 0.2150000000000001
0 0.7680143125 0.555848751835536 0.08843100000000004 0.5269999999999999
0 0.84532925 0.705906020558003 0.10239299999999996 0.28899999999999987
0 0.94772225 0.7417430249632893 0.10239399999999999 0.35000000000000003
0 0.9719289375 0.5964581497797358 0.046543 0.09699999999999995
