0 0.17195312499999998 0.5687647510980967 0.286875 0.8592869999999999
0 0.3875 0.5558921361639825 0.09562500000000002 0.39212
0 0.5 0.5713399458272328 0.0625 0.3405249999999999
0 0.5273046875 0.6649463689604685 0.10125 0.283302
0 0.597890625 0.5320359824304539 0.11499999999999999 0.27486
0 0.6093359375 0.7443251610541728 0.10875000000000001 0.5065669999999999
0 0.644609375 0.5747319516837481 0.07562499999999994 0.25140799999999996
0 0.7158984375 0.6511999209370425 0.06062499999999993 0.22701599999999997
0 0.8091015625 0.6969815651537336 0.09625000000000006 0.24202600000000002
0 0.953671875 0.7368807554904832 0.09062500000000007 0.292683
