0 0.4680859375 0.7117708333333334 0.10812499999999997 0.34
0 0.0616015625 0.6740100833333332 0.06625 0.09833400000000007
0 0.14515625 0.9158333333333334 0.133125 0.16666700000000004
0 0.206875 0.97786425 0.06312499999999999 0.04083400000000011
0 0.4126171875 0.9429163333333334 0.05375000000000002 0.106667
0 0.4611328125 0.9718746666666668 0.073125 0.05333399999999999
0 0.5444921875 0.9182291666666668 0.11625000000000002 0.161667
0 0.5803125 0.865625 0.07999999999999996 0.15833300000000014
0 0.605625 0.9290104166666667 0.06375000000000008 0.13916700000000004
0 0.6120703125 0.7403645833333332 0.05687500000000001 0.20666700000000002
0 0.6913671875 0.91619825 0.11624999999999996 0.16500000000000004
0 0.6824609375 0.9518749999999999 0.07750000000000001 0.09416700000000011
0 0.7221875 0.8191666666666667 0.04749999999999999 0.08583300000000005
0 0.7457421875 0.8985934166666666 0.08499999999999996 0.2008340000000001
0 0.7415625 0.6985413333333333 0.04749999999999999 0.135834
0 0.80515625 0.9170836666666666 0.10312500000000002 0.14833300000000005
0 0.8131640625 0.6876038333333333 0.05062500000000003 0.09083399999999993
0 0.8358203125 0.7745315833333333 0.08875 0.08250000000000017
0 0.8447265625 0.84161425 0.06562500000000004 0.1033340000000001
0 0.8872265625 0.9036975833333334 0.06562500000000004 0.08250000000000002
0 0.890703125 0.7254684166666667 0.036250000000000004 0.04666699999999994
0 0.9124609375 0.95463575 0.07750000000000001 0.08750000000000006
0 0.9274609375 0.7585934166666667 0.04562500000000003 0.07749999999999997
0 0.9473046875 0.8808854166666666 0.06937500000000008 0.10833300000000001
0 0.9725390625 0.82046875 0.050000000000000044 0.08749999999999991
