0 0.0048828125 0.90244825 0.01125 0.10333299999999997
0 0.0263671875 0.7364065833333333 0.05375 0.04999999999999997
0 0.0189453125 0.9039586666666666 0.026250000000000002 0.11500000000000006
0 0.0353125 0.9011461666666666 0.017499999999999998 0.10000000000000009
0 0.06171875 0.8967184166666667 0.024999999999999994 0.108334
0 0.10746093749999999 0.81307325 0.10750000000000001 0.13333300000000006
0 0.085625 0.6947395833333334 0.03249999999999999 0.04999999999999997
0 0.1183984375 0.6908333333333334 0.030000000000000013 0.04333299999999992
0 0.152421875 0.684583 0.027499999999999997 0.06499999999999995
0 0.2199609375 0.7796875 0.10875000000000001 0.11166700000000003
0 0.26480468749999997 0.6999479166666668 0.03874999999999998 0.061666999999999916
0 0.339921875 0.6083336666666667 0.027500000000000024 0.08499999999999996
0 0.34171875 0.8399996666666666 0.024999999999999967 0.08500000000000012
0 0.4114453125 0.87286425 0.026249999999999996 0.040000000000000036
0 0.433671875 0.86901075 0.027500000000000024 0.05666600000000003
0 0.467421875 0.797917 0.027500000000000024 0.0650000000000001
0 0.6032421875 0.60848925 0.022499999999999964 0.071667
0 0.624375 0.7964583333333334 0.03249999999999997 0.07499999999999989
0 0.8123828125 0.84765625 0.32375 0.196667
0 0.673515625 0.6287496666666667 0.021250000000000102 0.023333999999999966
0 0.84953125 0.6903645833333334 0.22750000000000004 0.08166699999999993
0 0.7926953125 0.5593746666666667 0.026249999999999996 0.05333400000000007
0 0.803671875 0.6038024166666668 0.028749999999999942 0.04499999999999993
