0 0.05078125 0.5312435472312703 0.103125 0.18020799999999992
0 0.0625 0.7768794169381108 0.12625 0.37604199999999993
0 0.0312109375 0.3145931791530945 0.045625 0.23229200000000003
0 0.09109375 0.5125851596091205 0.11812500000000001 0.26249999999999996
0 0.096640625 0.2692552312703583 0.051250000000000004 0.153125
0 0.1191015625 0.42353047557003265 0.09625000000000002 0.28958399999999995
0 0.134765625 0.26711488273615636 0.05124999999999999 0.17708300000000002
0 0.208203125 0.764016693811075 0.19187500000000002 0.4604169999999999
0 0.17265625 0.26836319218241045 0.03999999999999998 0.21354199999999995
0 0.2573046875 0.5059955211726384 0.19500000000000003 0.21875
0 0.220859375 0.2365265276872964 0.074375 0.211458
0 0.218515625 0.3091778697068404 0.05250000000000002 0.196875
0 0.25234375 0.4261668762214984 0.08625000000000002 0.18749999999999994
0 0.2746484375 0.3156758957654723 0.06124999999999997 0.159375
0 0.2819921875 0.14475128338762214 0.021875000000000033 0.07604100000000001
0 0.3713671875 0.7889250814332247 0.17812500000000003 0.38020800000000005
0 0.3394140625 0.4513334690553746 0.08187499999999998 0.29895800000000006
0 0.315546875 0.3060196058631922 0.02812500000000001 0.09375
0 0.334921875 0.14077396091205213 0.02812500000000001 0.06145899999999998
0 0.3580078125 0.30951750814332246 0.04249999999999998 0.238542
0 0.396328125 0.2271172638436482 0.03687500000000005 0.10729199999999998
0 0.432421875 0.42841646905537467 0.09125 0.29687499999999994
0 0.50328125 0.7823188110749185 0.16500000000000004 0.2843750000000001
0 0.5388671875 0.41936447557003254 0.08437500000000003 0.2895830000000001
0 0.6367578125 0.4234731270358306 0.10375000000000001 0.31041700000000005
0 0.6960546875 0.7898171205211726 0.19437499999999996 0.32187500000000013
0 0.6312890625 0.23020154723127037 0.04999999999999993 0.18020799999999998
0 0.8084375 0.6109324104234528 0.20499999999999996 0.38437499999999997
0 0.7597265625 0.3382060879478827 0.09749999999999992 0.370833
0 0.85015625 0.3445541530944625 0.13312500000000005 0.272917
0 0.941640625 0.5454231074918566 0.114375 0.341666
0 0.9746875 0.34175861237785016 0.04812499999999997 0.08333300000000005
