0 0.17563302752293578 0.8389966875 0.12199999999999997 0.224777
0 0.09785932721712538 0.471701125 0.19800000000000004 0.38058699999999995
0 0.18952293577981652 0.0818850625 0.05799999999999998 0.049809
0 0.2956330275229358 0.241978 0.11999999999999998 0.06385700000000002
0 0.31139449541284403 0.825551 0.14800000000000005 0.187739
0 0.35667889908256883 0.852292875 0.23199999999999996 0.24648800000000004
0 0.42163302752293574 0.2494915 0.12000000000000002 0.04725399999999999
0 0.535743119266055 0.46149175 0.18400000000000002 0.181353
0 0.522348623853211 0.8256266875 0.03800000000000005 0.163474
0 0.5877553516819572 0.8009150625 0.08199999999999989 0.04980799999999996
0 0.7119816513761468 0.537967375 0.15800000000000008 0.23116199999999998
0 0.697045871559633 0.775445875 0.11199999999999999 0.09067600000000009
0 0.7018715596330275 0.2511441875 0.09200000000000001 0.05363899999999999
0 0.7749296636085626 0.52234525 0.09999999999999996 0.132822
0 0.7902262996941896 0.7749949375 0.07799999999999992 0.07790599999999992
0 0.8057553516819571 0.24558525 0.08199999999999998 0.04086799999999999
0 0.8893883792048929 0.2143295 0.2000000000000001 0.10983399999999999
0 0.8948012232415903 0.5111455 0.19199999999999998 0.29757300000000003
0 0.8837553516819572 0.7768738125 0.08000000000000007 0.07407399999999997
