0 0.09234375 0.6031159489051094 0.055624999999999994 0.18300700000000003
0 0.0185546875 0.6630290145985401 0.038125 0.12044800000000004
0 0.1515625 0.6480890145985401 0.07937499999999999 0.12231600000000005
0 0.231796875 0.6387520145985401 0.06 0.12231599999999997
0 0.2374609375 0.568301204379562 0.04500000000000001 0.07843200000000004
0 0.29390625 0.6199593065693431 0.07187500000000002 0.114846
0 0.3030859375 0.5381857883211679 0.044999999999999984 0.066293
0 0.359609375 0.5574013065693431 0.04375000000000001 0.11671299999999997
0 0.459765625 0.5560601605839416 0.05124999999999996 0.11764699999999997
0 0.5275390625 0.5408837445255474 0.04999999999999993 0.10550899999999999
0 0.5863671875 0.52950901459854 0.053749999999999964 0.12231500000000009
0 0.656953125 0.515146890510949 0.06687500000000002 0.10270800000000002
0 0.7494140625 0.4961844525547445 0.050000000000000044 0.11111100000000003
