0 0.2233984375 0.787299588235294 0.030625000000000013 0.05367200000000009
0 0.3622265625 0.7252465882352942 0.221875 0.15442500000000003
0 0.400234375 0.6407667058823528 0.012500000000000011 0.023540000000000016
0 0.579765625 0.687011294117647 0.021250000000000102 0.07909599999999992
0 0.5968359375 0.6202201764705882 0.014375000000000027 0.05649699999999999
0 0.6042578125 0.6009224705882352 0.010000000000000009 0.03295599999999999
0 0.6199609375 0.6519389411764706 0.014374999999999916 0.06591300000000004
0 0.6353125 0.5965107058823529 0.016875000000000084 0.023540000000000016
0 0.6524609375 0.6296361764705882 0.015000000000000013 0.05649699999999999
0 0.65078125 0.5856241176470588 0.008750000000000036 0.02071500000000003
0 0.66328125 0.582915294117647 0.008749999999999925 0.02824800000000009
0 0.6811328125 0.592797 0.010000000000000009 0.05178899999999992
0 0.918515625 0.5031407647058823 0.05125000000000002 0.161017
