0 0.0264603125 0.9463826158357772 0.026721 0.07299299999999992
0 0.0618969375 0.7804006862170088 0.015383999999999995 0.052312
0 0.070636375 0.7049756862170088 0.012955999999999995 0.051094999999999995
0 0.0811871875 0.8757588592375366 0.021863000000000007 0.0425790000000001
0 0.1642550625 0.7969331348973608 0.017812999999999996 0.045011999999999955
0 0.179805625 0.8120316862170088 0.02024300000000001 0.049878
0 0.1812590625 0.8561083401759532 0.019432999999999978 0.06934399999999996
0 0.232580375 0.6798948592375367 0.012954999999999994 0.042578999999999936
0 0.2388908125 0.7811505131964809 0.010526000000000008 0.060827000000000006
0 0.2529899375 0.7796842375366568 0.015383999999999981 0.05596099999999996
0 0.2727570625 0.7371052375366569 0.019433000000000034 0.05839399999999998
0 0.2921900625 0.7387884105571847 0.017813999999999997 0.048661999999999976
0 0.3040019375 0.7147076862170088 0.014575000000000005 0.051094999999999995
0 0.321648375 0.7407542375366568 0.012956000000000023 0.05839500000000004
0 0.3226249375 0.6642977565982404 0.014575000000000005 0.03163000000000001
0 0.329746375 0.6874441348973607 0.012954999999999994 0.04501200000000004
0 0.3490128125 0.6645470322580646 0.010526000000000035 0.03406400000000001
0 0.3569670625 0.6896278592375367 0.017813999999999997 0.042578999999999936
0 0.3642550625 0.7833332375366568 0.019432999999999978 0.058394999999999954
0 0.3660168125 0.7129921348973607 0.01052599999999998 0.04622800000000006
0 0.3684458125 0.6443655835777126 0.01052599999999998 0.038930000000000055
0 0.3778525 0.840044064516129 0.016195000000000015 0.06691000000000014
0 0.5072409375 0.6993598592375366 0.013765000000000027 0.0425790000000001
0 0.5141948125 0.6793963079178885 0.011336000000000013 0.03649599999999997
0 0.9271590625 0.6088754369501467 0.14332 0.16544999999999993
