0 0.24606125 0.7408670832249675 0.22821599999999997 0.29558000000000006
0 0.199907375 0.5312378907672302 0.043569 0.24033199999999993
0 0.243476375 0.5031215994798439 0.04356800000000002 0.21270699999999992
0 0.317921625 0.5094546983094929 0.051866999999999996 0.185083
0 0.3894381875 0.5128778413524057 0.05394100000000002 0.2541440000000001
0 0.456925625 0.5257205227568271 0.051866999999999996 0.2845299999999999
0 0.5192885 0.4801992366710013 0.047717000000000065 0.14917199999999997
0 0.6692855625 0.5102846931079323 0.12863099999999994 0.292818
0 0.6407179375 0.5483051820546164 0.0456430000000001 0.267955
0 0.9017643125 0.4660714291287386 0.058091000000000004 0.20442000000000002
0 0.9614438125 0.4831377204161248 0.07261399999999996 0.23204400000000003
