0 0.1021484375 0.5826091073825503 0.12437500000000001 0.7250269999999999
0 0.0224609375 0.6595597181208053 0.045625 0.599356
0 0.2663671875 0.5991285838926175 0.11625000000000002 0.6938769999999999
0 0.36015625 0.6067249798657718 0.10249999999999998 0.6143929999999999
0 0.4564453125 0.6026317181208053 0.11937500000000001 0.599356
0 0.610546875 0.9368796845637583 0.21624999999999994 0.12244899999999999
0 0.5521875 0.6076026040268457 0.07999999999999996 0.5800209999999999
0 0.63734375 0.6145877852348993 0.11812500000000004 0.5520940000000001
0 0.799296875 0.8087574630872484 0.24687499999999996 0.37808799999999987
0 0.7493359375 0.5748457852348994 0.10749999999999993 0.553168
0 0.82203125 0.557863523489933 0.13312500000000005 0.534909
0 0.9497265625 0.577463932885906 0.09750000000000003 0.5488719999999999
