0 0.218828125 0.64734375 0.13062499999999996 0.4308330000000001
0 0.27640624999999996 0.6445833333333334 0.07062500000000002 0.35416699999999995
0 0.3570703125 0.6276559166666668 0.12062500000000004 0.40499999999999997
0 0.5548828125 0.598958 0.104375 0.28250000000000003
0 0.656875 0.5802604166666666 0.06374999999999997 0.32666700000000004
0 0.793515625 0.5892708333333333 0.0525000000000001 0.21583300000000002
0 0.826796875 0.5726041666666667 0.05937500000000007 0.25666700000000003
0 0.8596875 0.57 0.04812499999999997 0.2508330000000001
0 0.9030859375 0.55973925 0.04500000000000004 0.258334
0 0.9605078125 0.5603128333333333 0.07250000000000001 0.308333
