0 0.07064589604685213 0.405390625 0.111633 0.14625
0 0.12885977306002927 0.4303515625 0.01782400000000001 0.03437499999999999
0 0.14229138653001464 0.4244140625 0.01031899999999998 0.01874999999999999
0 0.15711603074670571 0.4283203125 0.023453 0.025624999999999953
0 0.1687859019033675 0.422265625 0.020637000000000006 0.020000000000000018
0 0.24757618448023427 0.39625 0.140713 0.156875
0 0.3269100307467057 0.38296875 0.026266000000000022 0.023749999999999993
0 0.39417163836017577 0.3987890625 0.10694199999999994 0.14375
0 0.45332351537335286 0.4027734375 0.013133000000000053 0.029374999999999984
0 0.4693847730600293 0.403671875 0.01782399999999999 0.02749999999999997
0 0.5385675402635433 0.410078125 0.12851799999999997 0.16062499999999996
0 0.607029319180088 0.429921875 0.05440899999999988 0.12124999999999997
0 0.6158410307467057 0.43765625 0.025328000000000045 0.10249999999999998
0 0.6995056691068814 0.4351953125 0.13039399999999998 0.276875
0 0.7957427364568083 0.4353125 0.0863039999999999 0.265625
0 0.8829587979502197 0.4548046875 0.1332079999999999 0.22562499999999996
0 0.9827462884333822 0.4202734375 0.030956999999999874 0.030625000000000013
