0 0.8990625 0.6749062685788787 0.14249999999999996 0.40400600000000003
0 0.1282421875 0.6685914863103 0.02250000000000002 0.12520899999999993
0 0.1389453125 0.6760489530638853 0.026249999999999996 0.14524199999999995
0 0.16359375 0.700867820078227 0.05499999999999999 0.21702900000000003
0 0.2280078125 0.6843329152542373 0.04250000000000001 0.20534200000000002
0 0.317734375 0.6500053533246415 0.10625000000000001 0.200334
0 0.283125 0.6532963246414603 0.03125 0.17696199999999998
0 0.31703125 0.6399883533246414 0.040000000000000036 0.200334
0 0.355625 0.650895886571056 0.03249999999999997 0.18197
0 0.397890625 0.6526129152542373 0.05125000000000002 0.20534200000000002
0 0.4592578125 0.6498312490221642 0.10499999999999998 0.29549299999999995
0 0.4290625 0.6582092672750978 0.016249999999999987 0.128547
0 0.5621875 0.6449493246414603 0.04875000000000007 0.17529199999999998
0 0.6001953125 0.6008278956975228 0.026249999999999996 0.09849700000000004
0 0.6510546875 0.6386845723598435 0.03750000000000009 0.196996
