0 0.0654296875 0.4116663333333333 0.1325 0.6683339999999999
0 0.0606640625 0.15723958333333335 0.019374999999999996 0.04999999999999999
0 0.1321875 0.2739586666666667 0.046875000000000014 0.240833
0 0.2051953125 0.4480725833333333 0.18312499999999998 0.6749999999999999
0 0.1394140625 0.18494791666666666 0.019375000000000003 0.06166700000000003
0 0.1498046875 0.199375 0.037500000000000006 0.094167
0 0.1724609375 0.27661458333333333 0.07625000000000001 0.27083300000000005
0 0.1748828125 0.19989583333333336 0.07249999999999998 0.12083299999999997
0 0.26656250000000004 0.2253649166666667 0.048125 0.12416600000000001
0 0.2556640625 0.1732295 0.018125000000000002 0.079166
0 0.2633984375 0.17369758333333332 0.030624999999999986 0.08250000000000002
0 0.3098046875 0.3610940833333333 0.10062499999999996 0.41
0 0.4307421875 0.5548434166666666 0.335 0.8883340000000001
0 0.3355859375 0.19901008333333334 0.07750000000000001 0.09833399999999999
0 0.313515625 0.18458366666666667 0.020625000000000004 0.021666
0 0.433046875 0.4395309166666667 0.1225 0.6233339999999999
0 0.475 0.19265658333333335 0.06437500000000007 0.11249999999999998
0 0.5660937500000001 0.5972395833333334 0.24374999999999997 0.8016670000000001
0 0.5017578125 0.23880241666666668 0.07375000000000004 0.17
0 0.5797265625 0.26989583333333333 0.16000000000000003 0.245833
0 0.5412109375 0.2337503333333333 0.04499999999999993 0.10500000000000002
0 0.6294140625 0.2493753333333333 0.04937500000000006 0.13749999999999998
0 0.724375 0.29265625 0.06437499999999996 0.196667
0 0.7675390625 0.2988541666666667 0.05062499999999992 0.194167
0 0.8057421875 0.28822949999999997 0.05312499999999998 0.20333299999999999
0 0.8384765625 0.3831246666666666 0.06625000000000003 0.36500000000000005
0 0.8622265625 0.23916666666666667 0.09687500000000004 0.08583299999999998
0 0.9196484375 0.3053128333333333 0.06187500000000001 0.18250000000000002
0 0.93484375 0.32578158333333335 0.08625000000000005 0.26916599999999996
0 0.9391796875 0.3863020833333333 0.06937499999999996 0.37999999999999995
0 0.95546875 0.41880175000000003 0.08687500000000004 0.46333399999999997
0 0.979921875 0.22864583333333335 0.028749999999999942 0.05916699999999997
