0 0.11312885314685314 0.7112890625 0.10743100000000001 0.11312500000000003
0 0.02097902097902098 0.744609375 0.043868 0.04437499999999994
0 0.027972027972027972 0.7651171875 0.058192 0.05437499999999995
0 0.2367594125874126 0.4823046875 0.42793200000000003 0.28874999999999995
0 0.21871544055944056 0.754375 0.08146800000000003 0.06312499999999999
0 0.4150032237762238 0.78578125 0.04923900000000003 0.07187500000000002
0 0.4502562097902098 0.783125 0.02148599999999997 0.06375000000000008
0 0.6066416363636363 0.4349609375 0.07520100000000006 0.264375
0 0.8517027202797203 0.6086328125 0.2426149999999999 0.26
0 0.7807130349650349 0.4431640625 0.07162000000000017 0.04999999999999999
0 0.8737612447552447 0.4209765625 0.09131599999999997 0.128125
0 0.9100170559440559 0.3766015625 0.111907 0.128125
