0 0.9067578125 0.47619758333333334 0.16625 0.7066669999999999
0 0.03125 0.227708 0.06375 0.22
0 0.093046875 0.6836975833333333 0.185 0.33166699999999993
0 0.067734375 0.22062533333333334 0.04375 0.19999999999999998
0 0.14546875 0.18140658333333334 0.024999999999999994 0.05000000000000001
0 0.1814453125 0.1733336666666667 0.026249999999999996 0.085
0 0.2594921875 0.1890625 0.022499999999999992 0.08000000000000003
0 0.2914453125 0.20119825 0.026249999999999996 0.04
0 0.4053515625 0.20213508333333333 0.03375 0.13
0 0.48765625 0.57776075 0.19625000000000004 0.49333299999999985
0 0.6197265625 0.2255208333333333 0.06625000000000003 0.15333300000000002
0 0.744375 0.2246875 0.03249999999999997 0.111667
0 0.841171875 0.21833366666666665 0.02749999999999997 0.085
0 0.8696484375 0.21411425000000003 0.030000000000000027 0.10166700000000001
