0 0.5174609375 0.5566614761904762 0.04625000000000001 0.20610699999999998
0 0.0230078125 0.6861289682539683 0.041874999999999996 0.18829499999999993
0 0.0370703125 0.6458707301587301 0.026874999999999996 0.2137410000000001
0 0.069921875 0.6421450158730159 0.059375000000000004 0.282443
0 0.12746093749999998 0.6333912698412698 0.04625 0.290076
0 0.1826171875 0.6731034603174604 0.05374999999999999 0.17430099999999993
0 0.185625 0.5517385555555555 0.03125 0.11195899999999993
0 0.2132421875 0.601387873015873 0.05374999999999999 0.24809099999999992
0 0.2552734375 0.611005 0.030624999999999986 0.25318100000000004
0 0.26179687500000004 0.5312764444444444 0.028124999999999983 0.1412209999999999
0 0.3061328125 0.5902552063492063 0.041874999999999996 0.16539400000000007
0 0.4545703125 0.5449079682539681 0.026874999999999982 0.188295
0 0.583125 0.5254153492063492 0.03312499999999996 0.19847299999999996
0 0.638515625 0.4007030317460317 0.020625000000000004 0.06743000000000007
0 0.70609375 0.4194235555555556 0.024375000000000036 0.11195899999999999
0 0.805546875 0.44721615873015874 0.028124999999999956 0.06997499999999997
0 0.8102734375 0.5291410634920635 0.02937499999999993 0.129771
0 0.842421875 0.5359116825396826 0.028125000000000067 0.11704799999999997
0 0.84953125 0.4760233968253968 0.008750000000000036 0.04707400000000009
0 0.864140625 0.5145851904761904 0.020625000000000004 0.13358799999999998
0 0.8830859375 0.5129045714285714 0.015000000000000013 0.14376600000000006
