0 0.19296875 0.34635450000000007 0.056249999999999994 0.17187500000000003
0 0.2583981875 0.3557288333333333 0.05312500000000003 0.18229200000000004
0 0.316797125 0.3479163333333333 0.036719 0.10625000000000002
0 0.3482421875 0.3492184166666667 0.021874999999999978 0.10729200000000001
0 0.3603513125 0.3414065833333333 0.025781 0.1145830000000001
0 0.3755856875 0.3453125000000001 0.03750000000000003 0.14062500000000003
0 0.39999975 0.3471354166666667 0.02421899999999999 0.10833300000000001
0 0.4703125 0.3520833333333333 0.015625 0.041667000000000044
0 0.5267580625 0.3447913333333334 0.018749999999999933 0.0416669999999999
0 0.570703375 0.3335940833333333 0.013280999999999987 0.0364580000000001
0 0.580078375 0.3356770833333333 0.011718999999999924 0.03437500000000008
