0 0.24171875 0.25098991666666665 0.024375000000000008 0.029165999999999987
0 0.2719921875 0.24645799999999998 0.023125000000000007 0.03249999999999997
0 0.305 0.240625 0.03125 0.031666999999999966
0 0.458671875 0.24645799999999998 0.09125 0.15833399999999997
0 0.5923046875 0.27020866666666665 0.03875000000000006 0.053333
0 0.623125 0.2755725833333333 0.03312499999999996 0.05166700000000002
0 0.645 0.26875 0.03312499999999996 0.06500000000000002
0 0.7931640625 0.27546875 0.018124999999999947 0.08749999999999998
0 0.80625 0.27416666666666667 0.03249999999999997 0.08583299999999998
0 0.8169921875 0.27453158333333333 0.021874999999999978 0.08083300000000004
0 0.8855859375 0.27567708333333335 0.04625000000000001 0.09666699999999999
0 0.9459375 0.2934895833333333 0.07874999999999999 0.11333300000000006
