0 0.0419921875 0.5845266090775988 0.085625 0.5600379999999999
0 0.13874999999999998 0.8824950497803806 0.18937500000000002 0.230769
0 0.19796875 0.5469836017569546 0.11812500000000001 0.17354599999999995
0 0.3830078125 0.5271703440702782 0.073125 0.16885499999999992
0 0.5416796875000001 0.3976183074670571 0.22500000000000003 0.2345210000000001
0 0.5407031250000001 0.5198496998535871 0.09874999999999995 0.153846
0 0.669765625 0.5119328286969254 0.08374999999999999 0.15572200000000003
0 0.81015625 0.5006316691068814 0.10249999999999992 0.13039399999999998
0 0.8956640625 0.6089253265007321 0.08187500000000003 0.44090000000000007
0 0.930234375 0.7094846822840409 0.13750000000000007 0.42495300000000014
