0 0.7553515625 0.8478645833333333 0.06499999999999995 0.2083330000000001
0 0.2788671875 0.7599996666666667 0.023125000000000007 0.08416699999999988
0 0.3578125 0.8472395833333334 0.11000000000000004 0.30166699999999996
0 0.42078125 0.7818229166666666 0.03999999999999998 0.1550000000000001
0 0.424296875 0.8141142499999999 0.028124999999999956 0.10333399999999997
0 0.4541015625 0.7928125 0.034999999999999976 0.14249999999999993
0 0.67796875 0.7998955 0.055625000000000036 0.20500000000000007
0 0.70875 0.7806774166666667 0.03125 0.13999999999999999
0 0.757109375 0.7265621666666666 0.013125000000000053 0.038334000000000014
0 0.7727734375 0.7726565833333333 0.030624999999999902 0.11249999999999998
0 0.8236328125 0.7823958333333333 0.04249999999999998 0.12166699999999997
