0 0.6894529375 0.6861981666666667 0.04492200000000002 0.1627600000000001
0 0.231445375 0.6510415 0.04296899999999998 0.141927
0 0.3339844375 0.6601566666666666 0.030272999999999994 0.11588500000000002
0 0.415039 0.6744790000000002 0.03125 0.126302
0 0.456055125 0.6562499166666668 0.036132 0.12369799999999993
0 0.512695 0.65234325 0.03125 0.10156299999999992
0 0.564453625 0.64713525 0.020507000000000053 0.101563
0 0.586913875 0.66276025 0.028320000000000012 0.132813
0 0.6181639375 0.63932275 0.014649000000000023 0.08723999999999991
0 0.755859625 0.65755175 0.021483999999999948 0.08723999999999998
0 0.8398435 0.6588540833333334 0.016602000000000006 0.0976559999999999
0 0.9619143125 0.6653644166666667 0.02636699999999992 0.10677099999999995
