0 0.548437 0.31744758333333334 0.0625 0.14375000000000002
0 0.27246143749999996 0.2625 0.12343699999999999 0.1875
0 0.4076171875 0.66119825 0.08437500000000003 0.10416599999999991
0 0.4875005 0.5057291666666667 0.20468699999999995 0.1625000000000001
0 0.4650395625 0.30911425 0.06562400000000002 0.16458399999999998
0 0.5310546875 0.6786461666666668 0.07031199999999999 0.10000000000000002
0 0.6966801875 0.7177086666666668 0.05312399999999995 0.11666599999999987
0 0.7384770625 0.7359375 0.050000000000000044 0.11041699999999999
0 0.7724609375 0.7401045 0.07656300000000005 0.110416
0 0.8076176875 0.7281246666666666 0.07031200000000004 0.11666699999999992
