0 0.1279296875 0.8499778843338214 0.25625 0.29549699999999995
0 0.13 0.7490325959004391 0.095 0.2654780000000001
0 0.2249609375 0.6317533748169839 0.07687499999999997 0.19043200000000005
0 0.2246484375 0.5138175461200586 0.030625000000000013 0.03658499999999998
0 0.3208984375 0.4812562210834554 0.030624999999999958 0.07504699999999996
0 0.466640625 0.8021972650073207 0.23937500000000006 0.3930579999999999
0 0.4015625 0.46466883455344066 0.04749999999999999 0.06566600000000007
0 0.421875 0.6610359516837482 0.06437500000000002 0.2504690000000001
0 0.40875 0.5399433499267935 0.03249999999999997 0.076923
0 0.4505859375 0.4170985095168375 0.04625000000000001 0.10318899999999995
0 0.5123046875 0.5970443748169838 0.10124999999999995 0.19230800000000006
0 0.5798828125 0.5163511537335286 0.1050000000000001 0.11913699999999998
0 0.570078125 0.4156343806734993 0.03687499999999999 0.10131299999999999
0 0.64921875 0.7267201727672035 0.11812500000000004 0.32270200000000004
0 0.60859375 0.41499399414348465 0.024374999999999925 0.091932
0 0.64859375 0.48015208638360174 0.05625000000000002 0.16228900000000002
0 0.7450390625 0.7976205226939971 0.23812500000000003 0.40056299999999995
0 0.69734375 0.48671808638360176 0.05499999999999994 0.16135100000000002
0 0.7636328125 0.4712712767203514 0.073125 0.21294499999999994
0 0.8483203125 0.5665356881405563 0.08875 0.33489700000000006
0 0.9347265625 0.8617168535871158 0.12812500000000004 0.2720449999999999
0 0.9386328125 0.5450739458272328 0.10375000000000001 0.342401
