0 0.893125 0.4143225833333333 0.15812500000000007 0.7374999999999999
0 0.0107421875 0.15890658333333332 0.021875 0.05166599999999999
0 0.0859375 0.5002083333333333 0.17375 0.635833
0 0.057148437499999996 0.17291633333333334 0.061875 0.10500000000000002
0 0.1530859375 0.25083300000000003 0.10812499999999999 0.250834
0 0.1910546875 0.19942708333333334 0.037500000000000006 0.035833000000000004
0 0.2226953125 0.27526008333333335 0.05812500000000001 0.160834
0 0.2763671875 0.2697399166666667 0.05437500000000001 0.21749999999999994
0 0.3883203125 0.22640591666666665 0.05687500000000001 0.2175
0 0.4634375 0.20072916666666665 0.015625 0.03750000000000001
0 0.4937109375 0.2125 0.07624999999999998 0.125833
0 0.5383203125 0.20984408333333335 0.026874999999999982 0.098333
0 0.772109375 0.8152607499999999 0.45062500000000005 0.3675000000000001
0 0.6697265625 0.24932291666666664 0.06500000000000006 0.15500000000000003
0 0.6739453125 0.19609341666666666 0.05812499999999998 0.0775
0 0.7157421875 0.2299479166666667 0.023125000000000062 0.06166699999999995
0 0.925390625 0.18552083333333333 0.020625000000000004 0.027500000000000042
0 0.957734375 0.21135416666666665 0.07499999999999996 0.06833300000000002
