0 0.045625 0.6100698810572687 0.064375 0.3364660000000001
0 0.017578125 0.6180004522760646 0.035625 0.33458599999999994
0 0.2980078125 0.5357117209985316 0.04249999999999998 0.09398499999999999
0 0.3519921875 0.60918987958884 0.08437499999999998 0.315789
0 0.38953125 0.470156436123348 0.070625 0.10620299999999995
0 0.3905078125 0.12669872540381794 0.073125 0.15789499999999998
0 0.381484375 0.522260007342144 0.043125000000000024 0.10432300000000003
0 0.4757421875 0.5068092966226138 0.08500000000000002 0.15413500000000008
0 0.5478515625 0.39578943906020553 0.03374999999999995 0.14849700000000002
0 0.6627734375 0.6211153054331865 0.06187500000000001 0.277255
0 0.734375 0.1161850088105727 0.09499999999999997 0.12405999999999999
0 0.8805859375 0.6282794537444935 0.07687500000000003 0.35244299999999995
