0 0.0322265625 0.78067675 0.06625 0.431667
0 0.0203515625 0.5125000000000001 0.035 0.12749999999999995
0 0.048125 0.5813545 0.064375 0.23583299999999988
0 0.09664062500000001 0.4483333333333333 0.11374999999999999 0.04333299999999999
0 0.1073828125 0.5344795 0.042499999999999996 0.1425
0 0.281328125 0.4875524166666667 0.036250000000000004 0.10916599999999987
0 0.334140625 0.4914586666666667 0.05187499999999995 0.115833
0 0.42078125 0.62546875 0.16500000000000004 0.463333
0 0.46796875 0.49171908333333336 0.1175 0.19249999999999998
0 0.657421875 0.5771350833333333 0.18499999999999994 0.378334
0 0.73375 0.4782815833333333 0.03125 0.14333300000000007
0 0.9459375 0.49296841666666663 0.07999999999999996 0.170834
