0 0.0166015625 0.6649992459736457 0.03375 0.1885550000000001
0 0.0680078125 0.8003212650073206 0.13562500000000002 0.39493399999999995
0 0.07609375 0.6376358286969254 0.024374999999999994 0.15759900000000004
0 0.118203125 0.6606682401171303 0.06749999999999999 0.27861199999999997
0 0.1546875 0.6493229209370425 0.04874999999999999 0.22701700000000002
0 0.198515625 0.6518834670571011 0.05249999999999999 0.262664
0 0.247421875 0.7131311420204979 0.08999999999999997 0.299249
0 0.278203125 0.6405640863836017 0.03562500000000002 0.16322800000000004
0 0.3089453125 0.6200144055636896 0.05812499999999998 0.2157600000000001
0 0.3402734375 0.6183045402635432 0.029374999999999984 0.1275799999999999
0 0.367890625 0.6209092459736457 0.05124999999999996 0.18855499999999986
0 0.3964453125 0.6288251171303074 0.057499999999999996 0.18668000000000004
0 0.4096875 0.6116415036603222 0.046875 0.19418399999999986
0 0.530703125 0.6248887613469986 0.22312499999999996 0.20168899999999998
0 0.7309765625 0.6049612459736456 0.22250000000000003 0.18855500000000003
0 0.9184765625 0.6463687247437774 0.16000000000000003 0.26735500000000006
