0 0.6146484375 0.7559701751824818 0.06125000000000003 0.23809499999999992
0 0.33484375 0.5514160656934307 0.08687499999999998 0.7394959999999999
0 0.429921875 0.5540983576642335 0.09125 0.733894
0 0.4948046875 0.554505503649635 0.06937500000000002 0.732027
0 0.514453125 0.2592078467153285 0.036874999999999936 0.14565799999999998
0 0.5485546875 0.26294284671532847 0.03749999999999998 0.14379100000000006
0 0.603203125 0.3455619854014598 0.12937500000000002 0.28291299999999997
0 0.6071875 0.5807736350364964 0.04874999999999996 0.21008399999999997
0 0.6905078125 0.8332671167883211 0.073125 0.15873
0 0.8365625 0.705601197080292 0.04874999999999996 0.2166200000000001
0 0.8669921875 0.8252192408759124 0.08437500000000009 0.17553699999999997
