0 0.0254296875 0.09656216666666667 0.0075 0.036667000000000005
0 0.0323828125 0.088958 0.010624999999999999 0.032499999999999994
0 0.047890625 0.22015591666666667 0.020624999999999998 0.03083399999999999
0 0.073515625 0.22541666666666668 0.020625000000000004 0.023332999999999975
0 0.1234375 0.22317741666666668 0.015625 0.014999999999999977
0 0.144296875 0.5513545000000001 0.028749999999999998 0.11166599999999997
0 0.1439453125 0.18692708333333333 0.02562499999999998 0.03416699999999998
0 0.146015625 0.2216145833333333 0.020624999999999977 0.02083300000000003
0 0.1507421875 0.7730211666666666 0.02312499999999998 0.06916599999999991
0 0.174140625 0.22421875 0.020625000000000004 0.025832999999999995
0 0.2049609375 0.2261455 0.014374999999999999 0.016666999999999987
0 0.226015625 0.22411458333333334 0.020625000000000004 0.018333000000000006
0 0.412734375 0.21572916666666667 0.16875 0.03749999999999998
0 0.3578515625 0.71317675 0.03375 0.055000000000000014
0 0.3670703125 0.555833 0.026874999999999982 0.125
0 0.3674609375 0.13875 0.014375000000000027 0.0625
0 0.4344140625 0.1488024166666667 0.018125000000000002 0.046665999999999985
0 0.466015625 0.15234375 0.020625000000000004 0.055000000000000014
0 0.5383984375 0.7468229166666668 0.02937499999999993 0.02916699999999987
0 0.5684765625 0.7477600833333332 0.03500000000000003 0.03583400000000007
0 0.5644140625 0.22124966666666665 0.018124999999999947 0.022500000000000037
0 0.569765625 0.2003128333333333 0.020624999999999893 0.058333000000000045
0 0.589140625 0.24208299999999996 0.020625000000000004 0.0625
0 0.61796875 0.2238538333333333 0.024375000000000036 0.027500000000000007
0 0.62171875 0.17411491666666667 0.025000000000000022 0.06166600000000002
0 0.626484375 0.18395799999999998 0.012500000000000067 0.03250000000000001
0 0.6426171875 0.170417 0.022500000000000075 0.06499999999999999
0 0.660234375 0.72994825 0.043749999999999956 0.1016660000000001
0 0.662109375 0.55026075 0.04437500000000005 0.11833300000000002
0 0.651015625 0.22276008333333333 0.020625000000000004 0.034999999999999996
0 0.6600390625 0.19119825 0.01937500000000003 0.039166
0 0.693515625 0.16682325 0.020625000000000004 0.070833
0 0.7239453125 0.21536425 0.05812499999999998 0.040834
0 0.7236328125 0.7555211666666666 0.04125000000000001 0.06916600000000006
0 0.7319921875 0.2835940833333333 0.023125000000000062 0.035833000000000004
0 0.7609765625 0.7516666666666666 0.03500000000000003 0.08583300000000005
0 0.7719921875 0.21968783333333333 0.023125000000000062 0.02749999999999997
0 0.7967578125 0.7359371666666666 0.041874999999999996 0.1316669999999999
0 0.8251171875 0.228958 0.02187500000000009 0.031667
0 0.853828125 0.7786458333333334 0.036250000000000004 0.05833299999999989
0 0.85546875 0.22619825000000002 0.02375000000000005 0.04
0 0.8892578125 0.78125 0.04249999999999998 0.06333299999999993
0 0.8878125 0.23067741666666666 0.015625 0.014999999999999977
0 0.8990625 0.15244791666666666 0.015625 0.060833000000000005
0 0.9240625 0.22578158333333334 0.016874999999999973 0.019165999999999978
0 0.9401171875 0.22864549999999997 0.023125000000000062 0.016666999999999987
0 0.9533203125 0.1701045 0.02562500000000001 0.048332999999999994
0 0.9744140625 0.7789059166666666 0.04937500000000006 0.09333400000000003
0 0.9896875 0.18411491666666668 0.01749999999999996 0.06166600000000002
