0 0.4531250625 0.5409358888888889 0.11230500000000004 0.27924
0 0.0234375 0.3099412865497076 0.046875 0.17982500000000007
0 0.1162114375 0.3771932046783626 0.062499999999999986 0.200292
0 0.101562875 0.29532136842105267 0.028319999999999998 0.157895
0 0.1914065 0.3143276959064328 0.047851000000000005 0.07748499999999996
0 0.2197265625 0.3157895789473684 0.03417999999999999 0.10672500000000004
0 0.2597655625 0.2997074269005848 0.03515600000000002 0.143275
0 0.2802736875 0.31725148538011694 0.03906200000000004 0.12865500000000005
0 0.3242191875 0.40350829824561407 0.05370999999999998 0.176901
0 0.334960875 0.28947364912280704 0.028320000000000012 0.09064299999999999
0 0.3574215 0.35380136842105264 0.04882799999999998 0.15935700000000005
0 0.3867191875 0.3377197894736842 0.02246100000000001 0.054093000000000016
0 0.429687625 0.3435673684210527 0.05175799999999997 0.15935699999999997
0 0.4912113125 0.3406433918128655 0.026366999999999974 0.15350899999999992
0 0.5371098125 0.5131581929824561 0.07324200000000003 0.204678
0 0.5537110625 0.3406432631578948 0.050780999999999965 0.18567300000000003
0 0.593749875 0.33918143859649125 0.028320000000000012 0.14035100000000003
0 0.6347651875 0.3859644152046784 0.05371099999999995 0.146199
0 0.63671875 0.28654973099415204 0.02343799999999996 0.06871300000000001
0 0.6669920625 0.3084798362573099 0.018554999999999988 0.042397000000000046
0 0.7070316875 0.32456146198830405 0.03906200000000004 0.134503
0 0.7548825625 0.3494153099415204 0.03417999999999999 0.17251499999999995
0 0.7832028125 0.36695952046783625 0.04199299999999995 0.12280699999999996
0 0.8095698125 0.3684205789473684 0.04101599999999994 0.10672599999999996
0 0.84472675 0.3450294152046784 0.05566400000000005 0.147661
0 0.9257815 0.30847964912280706 0.017577999999999983 0.08918099999999994
0 0.9570314375 0.331871649122807 0.029297000000000017 0.08918100000000005
