0 0.009765625 0.7529956452648475 0.019868 0.392014
0 0.0703125 0.5942263804173354 0.14128 0.7404719999999999
0 0.1925290625 0.7590692359550562 0.11147900000000002 0.38475499999999996
0 0.211252125 0.5788773788121991 0.129139 0.6696919999999998
0 0.2653315 0.71760041894061 0.07836700000000002 0.435572
0 0.3304161875 0.5903959695024077 0.147903 0.660617
0 0.454505 0.6350022873194221 0.15783600000000003 0.6424680000000002
0 0.498478375 0.3529728683788122 0.07505500000000004 0.21052600000000002
0 0.55868025 0.6164335601926163 0.13355400000000006 0.651543
0 0.6400578125 0.5698761508828251 0.10375299999999998 0.640653
0 0.7415209375 0.5726023772070625 0.140177 0.5989110000000001
0 0.869089125 0.5797252857142857 0.130243 0.571688
0 0.9584885 0.551872695024077 0.07947000000000004 0.582577
