0 0.013671875 0.028645833333333332 0.028125 0.05838200000000001
0 0.06539062500000001 0.039752583333333334 0.08374999999999999 0.051709000000000005
0 0.08140625 0.18483825 0.10312500000000001 0.134279
0 0.0687109375 0.028441499999999998 0.04625 0.048374
0 0.07625 0.3987505 0.033125 0.048373
0 0.11578125 0.29976525 0.04000000000000001 0.04003300000000002
0 0.1194140625 0.34333858333333334 0.018125000000000002 0.05171
0 0.1496875 0.036458333333333336 0.07999999999999999 0.074229
0 0.1673828125 0.20832775 0.04249999999999998 0.055046000000000005
0 0.1640234375 0.10913816666666666 0.03 0.036697
0 0.1684765625 0.15568158333333335 0.035 0.05171
0 0.18546875 0.37849483333333334 0.05562500000000001 0.12010000000000003
0 0.2079296875 0.15901858333333332 0.03875000000000001 0.05170899999999997
0 0.2097265625 0.11581016666666666 0.03375 0.03669800000000001
0 0.20734375 0.21109349999999996 0.023749999999999993 0.04837400000000003
0 0.2166796875 0.37068233333333334 0.03875000000000001 0.105087
0 0.2555078125 0.045572916666666664 0.073125 0.092577
0 0.2896484375 0.36246858333333337 0.0925 0.17598000000000003
0 0.2939453125 0.1907960833333333 0.05687500000000001 0.09674700000000001
0 0.3571875 0.050006666666666665 0.04812500000000003 0.084237
0 0.381875 0.17330616666666665 0.09562499999999996 0.16180200000000003
0 0.373828125 0.3388871666666667 0.06812499999999999 0.09924899999999996
0 0.47265625 0.146737 0.07062500000000005 0.125938
0 0.4663671875 0.028645833333333332 0.05375000000000002 0.05838200000000001
0 0.4623046875 0.3656783333333333 0.03875000000000001 0.105087
0 0.4980859375 0.36307416666666664 0.04562499999999997 0.10091699999999999
