0 0.005859375 0.4987496666666667 0.013125 0.023333999999999893
0 0.03125 0.4988538333333334 0.03125 0.02833400000000001
0 0.0594140625 0.48906216666666663 0.019375000000000003 0.03750000000000009
0 0.082265625 0.48682291666666666 0.020625000000000004 0.030833000000000037
0 0.197421875 0.6813017499999999 0.02812500000000001 0.2116669999999999
0 0.3844921875 0.41708300000000004 0.022499999999999964 0.06416700000000002
0 0.393671875 0.64411425 0.02812500000000001 0.10166699999999995
0 0.4124609375 0.63776075 0.04562499999999997 0.11750000000000001
0 0.4275390625 0.58125 0.049375 0.06499999999999995
0 0.4607421875 0.6483336666666667 0.053749999999999964 0.08416600000000003
0 0.4579296875 0.59463575 0.03875000000000001 0.08750000000000006
0 0.478671875 0.640208 0.028749999999999998 0.09583399999999997
0 0.49875 0.58046875 0.03125 0.08666700000000012
0 0.5146875 0.6389059166666667 0.04749999999999993 0.09249999999999996
0 0.522578125 0.5814059166666666 0.036250000000000004 0.09166699999999994
0 0.556484375 0.620417 0.043749999999999956 0.0641660000000001
0 0.5576953125 0.573958 0.026249999999999996 0.03333400000000005
0 0.57625 0.5899996666666666 0.03125 0.08583400000000004
0 0.601875 0.6000524166666666 0.03125 0.10833300000000001
0 0.621171875 0.5954163333333332 0.028124999999999956 0.10666700000000014
0 0.66703125 0.58869825 0.07062500000000005 0.16416600000000003
0 0.717734375 0.5482812499999999 0.04437499999999994 0.10249999999999997
0 0.72015625 0.52255175 0.009374999999999911 0.025833999999999985
0 0.7776953125 0.5635416666666666 0.02562500000000001 0.054167000000000076
0 0.8840234375 0.5549996666666667 0.15500000000000003 0.08416699999999995
