0 0.0390625 0.8705083125 0.078125 0.12031199999999997
0 0.498046875 0.05078125 0.996875 0.103125
0 0.068359375 0.9494140625 0.04375 0.04999999999999993
0 0.0982421875 0.9125 0.053125000000000006 0.0625
0 0.12988231249999999 0.95234375 0.05781299999999999 0.05624999999999991
0 0.12793018750000001 0.882421875 0.023437 0.028124999999999956
0 0.14746143750000001 0.919921875 0.062499999999999986 0.059374999999999956
0 0.2025390625 0.9521484375 0.08124999999999999 0.06093800000000005
0 0.1982421875 0.9154296875 0.053125000000000006 0.03749999999999998
0 0.2281255 0.9146479375 0.01718699999999998 0.014063000000000048
0 0.2392573125 0.9482426875 0.026562999999999976 0.03750000000000009
0 0.2541015625 0.934765625 0.03437499999999999 0.051562999999999914
0 0.27109375 0.90234325 0.056249999999999994 0.04062499999999991
0 0.26484375 0.9255854375 0.023438000000000014 0.029688000000000048
0 0.279296375 0.9435546875 0.04375000000000001 0.03749999999999998
0 0.310937 0.9279301875 0.03125 0.05312399999999995
0 0.33515625 0.9275390625 0.039063000000000014 0.050000000000000044
0 0.36171875 0.9205073125 0.025000000000000022 0.026563000000000003
0 0.3779296875 0.94453125 0.03749999999999998 0.04062499999999991
0 0.41328125 0.96953075 0.07187500000000002 0.05625100000000005
0 0.4281245 0.9341796875 0.046875 0.03749999999999998
0 0.47421875 0.9750005 0.05625000000000002 0.046875
0 0.4736333125 0.935546875 0.026561999999999975 0.028124999999999956
0 0.4810546875 0.9130864375 0.03906199999999993 0.02968700000000002
0 0.5078125 0.9091791875 0.046875 0.05312600000000001
0 0.65390625 0.967188 0.07187500000000002 0.0625
0 0.661328125 0.8908203125 0.067187 0.120313
0 0.6943354375 0.9525395625 0.06093799999999994 0.0656239999999999
0 0.70625 0.987890625 0.03281199999999995 0.020313000000000025
0 0.801953125 0.9130859375 0.06718799999999991 0.17031300000000005
0 0.84765575 0.923827625 0.05468799999999996 0.08281299999999991
0 0.8630854375 0.9794926875 0.06093800000000005 0.03750000000000009
0 0.8947270625 0.9447270625 0.050000000000000044 0.049998999999999905
0 0.9169926875 0.98671875 0.03750000000000009 0.02343800000000007
0 0.9427739375 0.976171375 0.04531199999999991 0.043751000000000095
0 0.966796875 0.9755859375 0.028124999999999956 0.04531300000000005
0 0.987890625 0.9873041875 0.020313000000000025 0.021876000000000007
