0 0.1122265625 0.6144737247437775 0.06499999999999999 0.269231
0 0.1519921875 0.5692700863836018 0.05437500000000001 0.16322700000000007
0 0.175546875 0.7009880190336749 0.05937500000000001 0.20731700000000008
0 0.1727734375 0.5102229633967789 0.029375000000000012 0.06941799999999997
0 0.19 0.5027179633967789 0.03125 0.06754200000000002
0 0.1925 0.5541286076134699 0.0325 0.08349000000000005
0 0.2116015625 0.6340240248901904 0.03437499999999999 0.11538500000000007
0 0.2132421875 0.5180255768667642 0.02312499999999998 0.06097599999999994
0 0.2552734375 0.7498381171303073 0.09312499999999999 0.18668000000000004
0 0.2428515625 0.6978322459736457 0.06624999999999998 0.1885550000000001
0 0.2245703125 0.5489124787701317 0.026874999999999982 0.08067500000000007
0 0.2380859375 0.5969829941434845 0.04625000000000001 0.09099400000000003
0 0.244765625 0.5107049326500732 0.020000000000000018 0.04596600000000004
0 0.2594140625 0.54099560761347 0.04999999999999999 0.08442799999999995
0 0.2832421875 0.5967986383601757 0.053749999999999964 0.10788000000000013
0 0.285234375 0.5323951903367495 0.013124999999999998 0.05065600000000009
0 0.3381640625 0.7667682767203515 0.11250000000000004 0.21200699999999995
0 0.314296875 0.6614565402635432 0.058750000000000024 0.12851800000000005
0 0.3007421875 0.5454139326500732 0.023125000000000007 0.04409000000000001
0 0.3018359375 0.5048484172767204 0.014375000000000027 0.03283300000000008
0 0.3252734375 0.5823858653001464 0.06125000000000003 0.08818000000000002
0 0.320390625 0.5177970614934114 0.020000000000000018 0.04784299999999997
0 0.3397265625 0.5412231229868228 0.03437499999999999 0.09380900000000002
0 0.330234375 0.5104764172767203 0.011874999999999969 0.03283400000000005
0 0.3581640625 0.6379603806734992 0.049375 0.100375
0 0.449921875 0.7801297920937041 0.21624999999999994 0.223264
0 0.3619921875 0.5363757057101025 0.021874999999999978 0.06378899999999997
0 0.3740234375 0.5493243499267935 0.029374999999999984 0.07692300000000009
0 0.3955859375 0.5930725768667643 0.04500000000000004 0.05909900000000001
0 0.402421875 0.7036004421669106 0.058750000000000024 0.1482179999999999
0 0.394765625 0.5142294172767204 0.020000000000000018 0.032832999999999994
0 0.408125 0.5457998653001463 0.03312499999999996 0.09005600000000005
0 0.4428515625 0.47915170571010246 0.065 0.06285199999999998
0 0.4294140625 0.5265386749633967 0.018124999999999947 0.038461000000000016
0 0.44125 0.5556628345534407 0.033125000000000016 0.06472800000000001
0 0.459375 0.7065546383601757 0.06437500000000002 0.10788000000000005
0 0.453828125 0.531798963396779 0.03562499999999996 0.06941799999999997
0 0.4662109375 0.6285793806734993 0.04500000000000004 0.10225200000000002
0 0.4821875 0.5031999326500732 0.015625 0.045967000000000015
0 0.4941796875 0.5292825768667643 0.03750000000000003 0.06003699999999999
0 0.503359375 0.5777649633967789 0.04375000000000001 0.06754200000000002
0 0.5078125 0.6304553806734994 0.04874999999999996 0.1003759999999999
0 0.5068359375 0.4976851903367497 0.014375000000000027 0.05253300000000002
0 0.5266015625 0.5604670922401171 0.03374999999999995 0.07129499999999998
0 0.5322265625 0.7416937306002929 0.034375000000000044 0.17729799999999993
0 0.5295703125 0.4885327057101025 0.02562500000000001 0.06379000000000003
0 0.5395703125 0.5263543191800878 0.026874999999999982 0.053471000000000074
0 0.5670703125 0.5961582518301611 0.057499999999999996 0.09849899999999998
0 0.56734375 0.6408886383601757 0.05499999999999994 0.106004
0 0.5583984375 0.4893564480234261 0.02937500000000004 0.05816200000000001
0 0.564375 0.5238379326500732 0.03312500000000007 0.04409000000000001
0 0.5902734375 0.7559490863836017 0.0618749999999999 0.16322700000000007
0 0.5809375 0.5236104172767203 0.016874999999999973 0.03283300000000008
0 0.590234375 0.4928809326500732 0.011874999999999969 0.044090000000000094
0 0.6022265625 0.5520250922401171 0.03375000000000006 0.0712940000000001
0 0.599765625 0.48912893265007323 0.020000000000000018 0.04596599999999996
0 0.6076953125 0.6340499633967789 0.02562500000000001 0.06848099999999997
0 0.621875 0.6833301537335286 0.03312500000000007 0.11726099999999993
0 0.6232421875 0.5351390922401171 0.021874999999999978 0.07129499999999998
0 0.6283984375 0.4854200922401171 0.030000000000000027 0.07129500000000007
0 0.6234375 0.6068018038067351 0.01750000000000007 0.042213999999999974
0 0.6523046875 0.7734485344070279 0.06999999999999995 0.21763600000000002
0 0.6313671875 0.5654557057101025 0.023125000000000062 0.061914
0 0.666640625 0.6421953499267935 0.05125000000000002 0.076923
0 0.657421875 0.48752460761347 0.028124999999999956 0.08442800000000003
0 0.66578125 0.5512445095168375 0.04062500000000002 0.10412799999999997
0 0.6940625 0.6003231229868229 0.04749999999999999 0.09662299999999986
0 0.7187109375 0.7950245344070278 0.07687499999999992 0.21763599999999994
0 0.6988671875 0.5431260614934115 0.021874999999999978 0.04971799999999995
0 0.7164453125 0.6849786383601757 0.05687500000000001 0.10600399999999992
0 0.7221484375 0.5660960922401171 0.02937499999999993 0.07317099999999993
0 0.7500390625 0.6094055095168375 0.050000000000000044 0.10318999999999999
0 0.76203125 0.7273241171303074 0.07062499999999994 0.185742
0 0.7687109375 0.5639656383601757 0.04562500000000003 0.106004
0 0.8174609375 0.7529948901903368 0.10812499999999992 0.203565
0 0.8083984375 0.5976406017569545 0.06125000000000003 0.17542200000000013
0 0.8712890625 0.6815519765739385 0.14312499999999995 0.365854
0 0.902109375 0.6235830497803807 0.043749999999999956 0.22889299999999996
0 0.9580859375 0.6440808535871156 0.04625000000000001 0.27110700000000004
0 0.979921875 0.6315700190336749 0.028124999999999956 0.207317
