0 0.08251758333333334 0.453776375 0.05111099999999999 0.07500000000000001
0 0.14333333333333334 0.538254875 0.16888899999999998 0.09166699999999994
0 0.27715266666666666 0.512629875 0.05333300000000004 0.05999999999999994
0 0.2832119166666667 0.426588875 0.03111099999999996 0.09166600000000003
0 0.3293225833333333 0.9099091875 0.11333399999999998 0.14833299999999994
0 0.3388369166666667 0.7000390625 0.062222 0.08166699999999993
0 0.3683336666666666 0.774792 0.08444400000000003 0.15666599999999997
0 0.35883691666666667 0.432917 0.05999999999999998 0.06333300000000003
0 0.4165273333333333 0.8040498125 0.106667 0.13666600000000007
0 0.47546841666666667 0.4916533125 0.04444499999999999 0.05666700000000002
0 0.46206641666666665 0.4088408125 0.01333300000000004 0.04166700000000001
0 0.5172916666666667 0.743542 0.11555599999999992 0.09499999999999997
0 0.49607616666666665 0.885651375 0.06888899999999998 0.16833299999999995
0 0.524583 0.4930341875 0.06444500000000002 0.05333300000000002
0 0.5130208333333334 0.4607939375 0.026666999999999996 0.04500000000000004
0 0.56727475 0.4036064375 0.02444399999999991 0.06166699999999997
0 0.6687148333333334 0.8992705 0.09111200000000001 0.173334
0 0.78890625 0.3960546875 0.26000000000000006 0.163333
0 0.7539231666666666 0.8791015625 0.10000000000000009 0.15833299999999995
0 0.8412845 0.7936455 0.07999999999999992 0.141667
0 0.8612155 0.7069921875 0.04888899999999996 0.08499999999999996
0 0.8801390000000001 0.86744825 0.06444399999999995 0.10166599999999992
