0 0.0205078125 0.5231774166666666 0.0425 0.38916600000000007
0 0.04578125 0.4797913333333333 0.07062500000000001 0.3241669999999999
0 0.106015625 0.4520315833333333 0.08249999999999999 0.20666600000000002
0 0.2036328125 0.3960416666666666 0.010624999999999996 0.053333000000000075
0 0.320078125 0.42744825000000003 0.09812500000000002 0.10333299999999997
0 0.49625 0.39817675 0.09562500000000002 0.18083399999999994
0 0.552421875 0.35218716666666666 0.028125000000000067 0.06916700000000005
0 0.64390625 0.4327083333333333 0.10312500000000002 0.13749999999999996
0 0.624921875 0.34901075 0.028125000000000067 0.055000000000000014
0 0.66 0.36135416666666664 0.03125 0.07000000000000002
0 0.67984375 0.36338508333333336 0.024375000000000036 0.06666700000000003
0 0.7099609375 0.3681770833333333 0.04625000000000001 0.098333
0 0.8932421875 0.36864583333333334 0.08562500000000006 0.18416699999999997
