0 0.7691796875 0.464167 0.06874999999999998 0.2516660000000001
0 0.041015625 0.6204690833333334 0.0825 0.755
0 0.1676953125 0.6157815833333333 0.15125 0.645833
0 0.29093749999999996 0.5678124999999999 0.110625 0.5166670000000001
0 0.3730078125 0.5127083333333333 0.07250000000000001 0.3875
0 0.404921875 0.42505175 0.02812500000000001 0.1499999999999999
0 0.4301171875 0.4641663333333333 0.023125000000000007 0.16666700000000004
0 0.46375 0.40020799999999995 0.033125000000000016 0.09583399999999997
0 0.50625 0.41192674999999995 0.03187499999999999 0.11833400000000001
0 0.5282421875 0.4021875 0.023125000000000062 0.11083299999999996
0 0.5748046875 0.4188020833333333 0.03874999999999995 0.12916700000000003
0 0.634296875 0.4007815833333333 0.02749999999999997 0.14583299999999996
0 0.6634765625 0.4221350833333333 0.03375000000000006 0.12916699999999995
0 0.9695703125 0.5457815833333334 0.05812499999999998 0.395
