0 0.71578125 0.7413961171303074 0.07062499999999994 0.18667900000000007
0 0.0271875 0.45654166910688143 0.04875 0.12945600000000002
0 0.041484375000000004 0.39282176720351386 0.04375 0.10975599999999999
0 0.14656249999999998 0.524357130307467 0.17375000000000002 0.483115
0 0.13527343749999998 0.8009069882869692 0.060625 0.18198900000000004
0 0.199375 0.8355900497803808 0.09375 0.2307699999999999
0 0.2436328125 0.5669639941434846 0.04250000000000001 0.091932
0 0.25953125 0.5335347672035139 0.03937499999999999 0.10881800000000001
0 0.319375 0.790676307467057 0.06312499999999999 0.23639800000000008
0 0.3058203125 0.35555222108345536 0.025624999999999953 0.075047
0 0.3283203125 0.6311399267935579 0.057499999999999996 0.13602199999999992
0 0.3328515625 0.34891612298682284 0.034375000000000044 0.09568500000000005
0 0.3440625 0.5108623499267936 0.048750000000000016 0.0769239999999999
0 0.404609375 0.5524811229868228 0.04375000000000001 0.09662199999999997
0 0.4125 0.35889334992679356 0.03187500000000004 0.07692300000000005
0 0.4420703125 0.7801297920937041 0.05687500000000001 0.2251400000000001
0 0.4351953125 0.362899803806735 0.02562500000000001 0.04221300000000004
0 0.4493359375 0.54662460761347 0.044999999999999984 0.08255100000000003
0 0.460546875 0.2541950614934114 0.028124999999999956 0.049719000000000006
0 0.483828125 0.4768638345534408 0.03624999999999995 0.06660399999999987
0 0.4908984375 0.24897893265007318 0.030624999999999958 0.045966
0 0.51625 0.42373460761347 0.03187499999999999 0.082552
0 0.5258984375 0.47956357686676426 0.02937500000000004 0.06097599999999994
0 0.5392578125 0.5357794787701318 0.04125000000000001 0.08067499999999998
0 0.5464453125 0.39596031918008784 0.02562500000000001 0.05347099999999999
0 0.574375 0.8249120556368961 0.0625 0.139774
0 0.564375 0.46947309224011713 0.03187499999999999 0.07129499999999998
0 0.579921875 0.5414334172767205 0.028124999999999956 0.032832999999999994
0 0.6646484375 0.8037738653001465 0.09187499999999993 0.08817999999999986
0 0.748203125 0.3451554055636896 0.255 0.21388400000000002
0 0.681484375 0.9737070614934115 0.07562499999999994 0.04784300000000005
0 0.6833984375 0.5186218038067351 0.02937500000000004 0.042213999999999974
0 0.7441015625 0.9592683499267936 0.06562499999999993 0.07786099999999989
0 0.8126171875 0.2708967057101025 0.021874999999999978 0.061914
0 0.9101171875 0.5473263748169839 0.17812499999999998 0.190431
0 0.893828125 0.4515088960468521 0.03562500000000002 0.11350899999999996
0 0.928046875 0.4419445402635432 0.028124999999999956 0.126642
0 0.955546875 0.6614306017569546 0.059374999999999956 0.17354600000000003
