0 0.0886328125 0.4505208333333333 0.011249999999999996 0.027500000000000007
0 0.1042578125 0.4518229166666667 0.009999999999999995 0.029167000000000016
0 0.11453125 0.45588575 0.009374999999999994 0.02416600000000006
0 0.1268359375 0.4505208333333333 0.015000000000000013 0.027500000000000007
0 0.1494140625 0.45145799999999997 0.018125000000000002 0.03250000000000005
0 0.1563671875 0.4518229166666667 0.021875000000000006 0.030833000000000037
0 0.3845703125 0.4862503333333334 0.05812499999999998 0.10666599999999993
0 0.5671484375 0.49067675 0.02937500000000004 0.05666700000000002
0 0.707109375 0.5008850833333334 0.043749999999999956 0.06583399999999988
0 0.8576171875 0.5049996666666666 0.022499999999999964 0.08333400000000002
0 0.9562890625 0.5222395833333333 0.01937500000000003 0.050000000000000044
