0 0.8396484375 0.6164583333333333 0.15437500000000004 0.44999999999999996
0 0.009765625 0.5941145833333333 0.02 0.2708329999999999
0 0.184296875 0.5386979166666667 0.24687499999999998 0.12416699999999999
0 0.3601171875 0.5565625 0.021875000000000033 0.07916699999999999
0 0.3823046875 0.5611975833333332 0.03749999999999998 0.08250000000000002
0 0.471953125 0.5419788333333334 0.03562500000000002 0.05916699999999997
0 0.5003515625 0.5539059166666668 0.03500000000000003 0.09333399999999988
0 0.5551171875 0.5523955 0.02312499999999995 0.07916699999999999
0 0.58828125 0.5507295 0.04062500000000002 0.07916600000000014
0 0.631953125 0.5536975833333334 0.036250000000000004 0.08166699999999993
0 0.6683203125 0.5489059166666667 0.02562500000000001 0.09166699999999994
0 0.7054296875 0.5555729166666666 0.03874999999999995 0.09166699999999994
0 0.7559765625 0.5499996666666668 0.03374999999999995 0.08416699999999995
0 0.790703125 0.5498440833333333 0.036250000000000004 0.09666599999999999
0 0.845625 0.5435420000000001 0.032500000000000084 0.09416600000000004
0 0.8778515625 0.5539059166666668 0.034375000000000044 0.09333399999999988
0 0.945859375 0.5483854166666666 0.04375000000000007 0.10833300000000001
0 0.976484375 0.5414586666666666 0.04437500000000005 0.11583299999999992
