0 0.1943359375 0.6007211622418879 0.39 0.79509
0 0.29117187499999997 0.5892097935103244 0.21625000000000003 0.811143
0 0.3178515625 0.5684695132743363 0.128125 0.6213409999999999
0 0.4534765625 0.4541601002949853 0.09687499999999993 0.23796100000000003
0 0.7123828125 0.6152448997050147 0.573125 0.765817
0 0.5015625 0.40583909144542774 0.04749999999999999 0.15864000000000003
0 0.5461328125 0.40590160766961647 0.04125000000000001 0.136921
0 0.581953125 0.40878894395280235 0.03687499999999999 0.163361
0 0.6071484375 0.40018127138643067 0.02937499999999993 0.11048200000000007
0 0.6308203125 0.416765197640118 0.057499999999999996 0.11237000000000004
