0 0.175625 0.7699861753343241 0.03187499999999999 0.10095299999999993
0 0.2127734375 0.7563846820208023 0.029375000000000012 0.06190400000000014
0 0.25125 0.748536145616642 0.03312499999999999 0.04857100000000002
0 0.2942578125 0.7534129138187221 0.04125000000000001 0.055237999999999954
0 0.3253125 0.7421734933135216 0.016249999999999987 0.039048000000000034
0 0.3545703125 0.7510887979197622 0.02562500000000001 0.05809500000000001
0 0.388671875 0.7497924933135215 0.02812500000000001 0.04095300000000011
0 0.4400390625 0.7212963046062408 0.019374999999999976 0.019999999999999886
0 0.4609375 0.7331833774145617 0.016874999999999973 0.04380899999999998
0 0.4777734375 0.7313531887072809 0.02999999999999997 0.020952999999999965
0 0.7397265625 0.7224429866270431 0.003750000000000031 0.07999999999999996
