0 0.8663541666666666 0.7025390625 0.19416700000000006 0.45562500000000006
0 0.12124966666666666 0.5494921875 0.022500000000000003 0.05312500000000009
0 0.2988538333333333 0.54984375 0.02749999999999997 0.05625000000000002
0 0.3369795 0.5383984375 0.015832999999999986 0.030624999999999902
0 0.5943225833333333 0.6075390625 0.36416699999999996 0.20687500000000003
0 0.43578158333333333 0.1739453125 0.02083300000000003 0.02562500000000001
0 0.4660940833333333 0.12742187500000002 0.034166000000000064 0.059375
0 0.4736455 0.1671875 0.015833999999999977 0.015625
0 0.8665104166666667 0.5312890625 0.013332999999999965 0.018750000000000044
0 0.8810413333333332 0.52734375 0.011666999999999947 0.02375000000000005
0 0.97473925 0.5293359375 0.009167 0.01375000000000004
