0 0.0377734375 0.9826525405007365 0.03 0.031131999999999892
0 0.0905859375 0.8843134403534609 0.04625 0.13962300000000005
0 0.1064453125 0.6856916215022091 0.025624999999999995 0.08867999999999995
0 0.135859375 0.8588892268041237 0.04374999999999998 0.1660379999999999
0 0.13820312499999998 0.6503046539027982 0.03624999999999999 0.11415100000000002
0 0.1326171875 0.7235431296023563 0.023124999999999993 0.09622600000000005
0 0.13582031249999998 0.6749213107511045 0.025624999999999995 0.04622700000000006
0 0.178125 0.9765772945508101 0.03312499999999999 0.033018999999999805
0 0.2326953125 0.7284283402061855 0.12062500000000001 0.24905700000000003
0 0.2343359375 0.7697491944035346 0.046249999999999986 0.1433959999999999
0 0.2878125 0.8891727997054492 0.11000000000000001 0.21886799999999995
0 0.256484375 0.6263731296023565 0.043125000000000024 0.09716999999999992
0 0.330859375 0.7438629484536082 0.04312499999999997 0.14717000000000008
0 0.443359375 0.8541045051546392 0.04375000000000001 0.18584899999999996
0 0.58515625 0.8437742916053018 0.04062499999999991 0.21320700000000004
0 0.66296875 0.8214519646539027 0.05500000000000005 0.158491
0 0.646640625 0.780540440353461 0.020000000000000018 0.13867899999999994
0 0.7433984375 0.7514786701030928 0.02937500000000004 0.12547099999999994
