0 0.0835546875 0.7229166666666668 0.10125 0.14666699999999988
0 0.1365625 0.81828125 0.07999999999999999 0.2266670000000001
0 0.2112109375 0.7218229166666666 0.046249999999999986 0.1550000000000001
0 0.2978515625 0.74125 0.03375 0.0650000000000001
0 0.3634375 0.7511979166666666 0.04874999999999996 0.12333299999999998
0 0.36296875 0.7655729166666667 0.023749999999999993 0.09166700000000001
0 0.591015625 0.7593229166666666 0.019999999999999907 0.0300000000000001
0 0.621875 0.779583 0.032500000000000084 0.06499999999999995
0 0.6528125 0.7595312499999999 0.016249999999999987 0.040000000000000036
0 0.6615625 0.70005175 0.01749999999999996 0.02500000000000006
0 0.726015625 0.8285940833333334 0.02124999999999999 0.034999999999999844
0 0.7778125 0.762292 0.016249999999999987 0.03333299999999998
0 0.85359375 0.8901041666666666 0.11749999999999994 0.1316670000000002
0 0.9394140625 0.82625 0.04999999999999993 0.06333299999999993
