0 0.1967578125 0.31930955374592834 0.07312500000000002 0.17101200000000003
0 0.20984375 0.4296532442996743 0.056249999999999994 0.134515
0 0.2621875 0.34378913355048857 0.079375 0.30135600000000007
0 0.2733203125 0.47123391530944625 0.057499999999999996 0.12825899999999996
0 0.349375 0.40284951465798047 0.09375 0.228362
0 0.35921875 0.31020394788273614 0.024375000000000036 0.08133399999999995
0 0.376953125 0.4373992117263844 0.03687499999999999 0.18352399999999996
0 0.410390625 0.3870192052117264 0.05125000000000002 0.19395199999999999
0 0.5233203125 0.4569328175895765 0.057499999999999996 0.274244
0 0.5890625 0.5389435667752444 0.07937499999999997 0.15119899999999992
0 0.666484375 0.4945515342019544 0.07562499999999994 0.19916599999999995
0 0.665078125 0.3910226319218241 0.03687499999999999 0.052136999999999975
0 0.716875 0.5308002442996743 0.03187499999999999 0.13451499999999994
0 0.75328125 0.4919605863192182 0.07125000000000004 0.12200200000000007
0 0.7600390625 0.4689606058631922 0.050000000000000044 0.09384699999999997
