0 0.2408984375 0.7284886020558003 0.09187499999999998 0.43139099999999997
0 0.2115625 0.5727172936857562 0.015625 0.111842
0 0.2398828125 0.5432318604992658 0.04125000000000001 0.04793199999999997
0 0.35234375 0.598916436123348 0.02437499999999998 0.10620299999999995
0 0.5260546875 0.634804013215859 0.038125000000000075 0.18515099999999998
0 0.55234375 0.6236450102790014 0.024374999999999925 0.14661600000000002
0 0.5526171875 0.6037322936857562 0.021874999999999978 0.111842
0 0.574609375 0.6037322936857562 0.013125000000000053 0.113722
0 0.602265625 0.5839974331864904 0.02124999999999999 0.064849
0 0.6577734375 0.6545387342143906 0.06187500000000001 0.28007499999999996
0 0.807421875 0.6047912907488987 0.09062500000000007 0.07330800000000001
0 0.80625 0.5193242892804698 0.03249999999999997 0.051692000000000064
0 0.913984375 0.867532161527166 0.16937500000000005 0.2622179999999999
0 0.903046875 0.6659335917767988 0.09124999999999994 0.28665400000000013
