0 0.41953175 0.9041663333333334 0.05625000000000002 0.16874999999999987
0 0.058983875 0.8674475833333334 0.090625 0.20624999999999996
0 0.1263671875 0.8770833333333332 0.054686999999999986 0.16666700000000004
0 0.141796375 0.6809895833333334 0.04375000000000001 0.11250000000000011
0 0.2083979375 0.935417 0.10781300000000002 0.125
0 0.201562 0.7028649166666666 0.06406300000000001 0.12291600000000003
0 0.2345698125 0.84713575 0.07343799999999998 0.15000000000000005
0 0.2572260625 0.73932325 0.05000099999999999 0.07291599999999991
0 0.3279296875 0.9414065833333334 0.09999999999999998 0.11249999999999998
0 0.3294916875 0.9072916666666666 0.09999999999999998 0.17916700000000008
0 0.33984325 0.8281253333333334 0.10156300000000001 0.13749999999999987
0 0.325 0.6875 0.0625 0.12708299999999997
0 0.360938 0.7101559166666668 0.06406200000000001 0.15416699999999986
0 0.4123051875 0.8252600833333332 0.08437499999999998 0.16041700000000012
0 0.4267583125 0.7135413333333332 0.057811999999999975 0.19791700000000004
0 0.4759765625 0.7476565833333334 0.06562500000000004 0.11249999999999982
0 0.49453075 0.9205729166666666 0.08593799999999996 0.15416700000000003
0 0.55859375 0.89973925 0.08750000000000002 0.19583400000000006
0 0.5998051875 0.8864579999999999 0.08593700000000004 0.2208340000000001
0 0.5927734375 0.7101565833333333 0.06093800000000005 0.17499999999999996
0 0.6802729375 0.9005211666666666 0.13906300000000005 0.1937500000000001
0 0.670703125 0.8317704999999999 0.067187 0.11041699999999999
0 0.670313 0.66796875 0.03281199999999995 0.08750000000000006
0 0.7619145625 0.7763024166666668 0.06562500000000004 0.10833300000000001
0 0.7906245 0.9072916666666666 0.11093800000000009 0.17916700000000008
0 0.798046875 0.6716145833333332 0.059374999999999956 0.14375000000000013
0 0.80078125 0.8098955 0.04062500000000002 0.07916699999999999
0 0.8146484375 0.9593753333333334 0.06093699999999991 0.07500000000000002
0 0.892187 0.8148434166666666 0.09375 0.13958400000000015
0 0.8869140625 0.935417 0.08124999999999993 0.125
0 0.941015625 0.8489586666666668 0.08281300000000003 0.17916599999999994
