0 0.0224609375 0.5092846945169713 0.045 0.047658999999999944
0 0.0224609375 0.5527040757180156 0.04625 0.06688999999999996
0 0.029296875 0.6914542610966057 0.059375 0.1923080000000001
0 0.033203125 0.9588964908616189 0.068125 0.07943200000000003
0 0.0380859375 0.8188955065274152 0.076875 0.23076999999999998
0 0.4990234375 0.2979338877284596 0.999375 0.24999999999999997
0 0.057734375000000004 0.6312099138381201 0.075625 0.16889599999999996
0 0.070234375 0.5409675326370756 0.04375 0.14966600000000002
0 0.1225 0.8675964386422977 0.09437500000000001 0.24080199999999988
0 0.1109375 0.6328971853785901 0.047500000000000014 0.12709000000000012
0 0.1208203125 0.5163249399477807 0.05687500000000001 0.087793
0 0.1796484375 0.8925331253263706 0.0925 0.21237500000000017
0 0.1690234375 0.6803946005221932 0.061874999999999986 0.13963199999999995
0 0.178359375 0.5370077362924282 0.07500000000000001 0.117893
0 0.2306640625 0.9314951514360313 0.14437500000000003 0.132943
0 0.1850390625 0.4712335587467363 0.050625 0.06856200000000005
0 0.2186328125 0.7024134229765014 0.07374999999999998 0.089465
0 0.25601562499999997 0.49457066840731073 0.08375000000000002 0.128763
0 0.236171875 0.6565141174934725 0.028124999999999983 0.1362870000000001
0 0.2905078125 0.5068047702349869 0.04249999999999998 0.11371200000000005
0 0.325390625 0.645189906005222 0.05125000000000002 0.0928100000000001
0 0.3344140625 0.6360515248041775 0.050624999999999976 0.07525100000000008
0 0.339609375 0.5432272532637076 0.04375000000000001 0.117057
0 0.3659765625 0.7507010234986946 0.09625 0.22742500000000004
0 0.3671875 0.5858692532637075 0.04749999999999999 0.11538499999999999
0 0.4087109375 0.9335336684073108 0.10812500000000003 0.129599
0 0.406328125 0.5032829138381201 0.06812499999999999 0.16722499999999996
0 0.4530078125 0.5361121174934725 0.07250000000000001 0.13628800000000002
0 0.4716796875 0.6798231514360312 0.06937499999999996 0.1329430000000001
0 0.479765625 0.48004877023498693 0.05125000000000002 0.11287599999999998
0 0.496328125 0.5915173211488252 0.06687500000000002 0.10618699999999995
0 0.518671875 0.9484373550913838 0.09124999999999994 0.10033500000000006
0 0.5246484375 0.5217365326370758 0.06187500000000001 0.15050199999999994
0 0.5490625 0.5901965665796345 0.078125 0.14464800000000005
0 0.5590625 0.6856012610966058 0.07999999999999996 0.1931440000000001
0 0.5570703125 0.44050249086161875 0.026874999999999982 0.07943100000000003
0 0.6078515625 0.8981811932114883 0.12874999999999992 0.20150500000000005
0 0.6228515625 0.5087693968668408 0.06562500000000004 0.17224099999999998
0 0.66328125 0.5566052532637076 0.07187499999999991 0.117057
0 0.676953125 0.6101019817232377 0.0668749999999999 0.15886199999999998
0 0.6926953125 0.6432977023498695 0.057499999999999996 0.12374599999999995
0 0.6918359375 0.4697078720626632 0.0462499999999999 0.09699000000000005
0 0.7220703125 0.6750110835509139 0.08937499999999998 0.14297700000000005
0 0.727421875 0.7745090835509139 0.08999999999999997 0.14297700000000005
0 0.731875 0.9230745326370757 0.09375 0.15050200000000002
0 0.7361328125 0.5219577362924281 0.04125000000000001 0.11872900000000008
0 0.740703125 0.45555249086161875 0.036250000000000004 0.07943100000000003
0 0.7862109375 0.46265135509138383 0.07687499999999992 0.10033499999999998
0 0.7736328125 0.5010547362924282 0.04125000000000001 0.118729
0 0.795078125 0.5989393550913839 0.06687500000000002 0.101171
0 0.816015625 0.778674812010444 0.05249999999999999 0.18394600000000003
0 0.8169921875 0.6589354229765013 0.053749999999999964 0.089464
0 0.84328125 0.5120267023498695 0.040000000000000036 0.12458199999999996
0 0.8886328125 0.9528829060052219 0.104375 0.09197300000000017
0 0.8928125 0.8231947441253264 0.11062499999999997 0.19481600000000002
0 0.8784375 0.5167052610966058 0.04875000000000007 0.193144
0 0.896796875 0.6223947023498695 0.059374999999999956 0.12458200000000004
0 0.9069921875 0.5487570835509138 0.053749999999999964 0.14297600000000005
0 0.9305078125 0.707635355091384 0.04249999999999998 0.0994979999999999
0 0.9533984375 0.5866032872062664 0.06187500000000001 0.1120399999999999
0 0.9605078125 0.4680792193211488 0.04250000000000009 0.12207300000000003
0 0.979453125 0.7499669895561357 0.03562500000000002 0.23244200000000007
0 0.980703125 0.5939514308093995 0.036250000000000004 0.16471500000000008
0 0.9876171875 0.47531159268929507 0.022499999999999964 0.06354500000000002
