0 0.1412109375 0.7013024166666666 0.046093999999999996 0.07604100000000003
0 0.432421625 0.7213538333333332 0.051563000000000025 0.08854200000000005
0 0.6236328125 0.7122395833333334 0.042186999999999975 0.11250000000000011
0 0.689062 0.7148440833333334 0.03125 0.09895799999999995
0 0.7087890625 0.7374996666666668 0.019531000000000076 0.05208399999999994
0 0.74531225 0.7114583333333334 0.04062500000000002 0.13541699999999998
0 0.7810541875 0.7234378333333332 0.021876000000000007 0.05833300000000019
0 0.8404299375 0.74036425 0.01484300000000005 0.039584000000000064
0 0.8630856875 0.7257815833333333 0.03749999999999998 0.08229099999999996
0 0.930469 0.7182295 0.03125 0.109375
