0 0.4990234375 0.4985294117647059 0.999219 0.998824
0 0.285546625 0.5488232352941176 0.020313000000000025 0.04117700000000008
0 0.340625 0.07823535294117648 0.06406200000000001 0.114118
0 0.393359375 0.49705894117647065 0.013280999999999987 0.0658819999999999
0 0.3951169375 0.5955886470588235 0.014844000000000024 0.04117600000000002
0 0.451952625 0.06852947058823529 0.083594 0.134118
0 0.47968725 0.43764741176470584 0.007813000000000014 0.04823500000000001
0 0.5380859375 0.435588 0.014063000000000048 0.05058799999999997
0 0.54609425 0.40558782352941175 0.009373999999999993 0.04588300000000002
0 0.565234375 0.39676500000000003 0.012500000000000067 0.05058799999999997
0 0.5677739375 0.4623534117647059 0.01484299999999994 0.049410999999999955
0 0.575390375 0.5011764117647058 0.013280999999999987 0.047058999999999976
0 0.597265375 0.435588 0.011719000000000035 0.05176499999999999
0 0.608984375 0.4347062352941176 0.013280999999999987 0.042353000000000036
