0 0.009765625 0.5376660901033974 0.020508 0.11669099999999996
0 0.07812475 0.5686858729689808 0.02441399999999999 0.16838899999999998
0 0.097656 0.5598224534711964 0.033202999999999996 0.15509600000000004
0 0.12597625 0.5613003485967504 0.040039000000000005 0.152141
0 0.144530875 0.5583453485967503 0.027344000000000007 0.152142
0 0.1699223125 0.562777033973412 0.027343000000000006 0.14327900000000002
0 0.191406 0.5642540339734121 0.032227000000000006 0.14327900000000002
0 0.22363325 0.5982271314623339 0.04003899999999999 0.202364
0 0.26269575 0.5642542924667652 0.025389999999999968 0.17872899999999997
0 0.2773440625 0.6218616632200886 0.05078100000000002 0.161004
0 0.3056639375 0.5878878729689808 0.04492200000000002 0.16691299999999995
0 0.33203075 0.584933187592319 0.023438000000000014 0.17429899999999993
0 0.3554685625 0.5775481314623339 0.03515600000000002 0.20236299999999993
0 0.37792925 0.5967499217134417 0.04004000000000002 0.194978
0 0.399413875 0.5834563973412112 0.028320000000000012 0.18020700000000006
0 0.431640375 0.6085673973412112 0.04296899999999998 0.181684
0 0.5703123125 0.530280565731167 0.276367 0.10339699999999993
0 0.461913875 0.6056125583456424 0.028320000000000012 0.15805100000000005
0 0.4804686875 0.6159529217134416 0.03808600000000001 0.19645499999999996
0 0.5048827499999999 0.6056129778434269 0.023438000000000014 0.169867
0 0.5351566875 0.6203836070901033 0.03906200000000004 0.18759300000000004
0 0.5634765625 0.6262929217134416 0.035155999999999965 0.19645399999999996
0 0.5976566875 0.6307237119645495 0.03808599999999995 0.19054700000000008
0 0.6181644375 0.6233381875923191 0.030272999999999994 0.17577599999999996
0 0.646484375 0.6307235022156573 0.04394500000000001 0.18463799999999994
0 0.6796874375 0.5834562998522895 0.030272999999999994 0.121123
0 0.7705074375 0.5745934047267356 0.12304700000000002 0.12555400000000003
0 0.8251956875 0.6292469778434269 0.03906199999999993 0.16839000000000007
0 0.8583981875 0.5598227267355983 0.021485000000000087 0.07828699999999998
0 0.8925785 0.6233378803545052 0.046875 0.10930599999999999
0 0.8808595 0.5672078877400295 0.016600999999999977 0.05465300000000012
0 0.90820325 0.7518463338257017 0.07128899999999994 0.26440199999999986
0 0.9316405 0.6085674047267357 0.046875 0.12555399999999994
