0 0.1860546875 0.2753125 0.10124999999999998 0.390833
0 0.289375 0.29208300000000004 0.09437499999999999 0.31499999999999995
0 0.3730078125 0.29484375 0.07375000000000004 0.305
0 0.43 0.30994791666666666 0.06437500000000002 0.31
0 0.4608203125 0.2686975833333333 0.05687500000000001 0.3308340000000001
0 0.4805859375 0.14588575 0.014374999999999971 0.025832999999999995
0 0.48671875 0.286667 0.024375000000000036 0.25
0 0.5001171875 0.12432291666666667 0.021874999999999978 0.029167
0 0.5225390624999999 0.25973925000000003 0.050624999999999976 0.25833399999999995
0 0.5648046875 0.24833366666666667 0.03874999999999995 0.21083299999999996
0 0.6032421875 0.29505241666666665 0.08562499999999995 0.35833299999999996
0 0.669453125 0.19067708333333333 0.036250000000000004 0.09666699999999999
0 0.878046875 0.27999999999999997 0.12249999999999994 0.25000000000000006
0 0.9290625 0.45749966666666664 0.140625 0.2083340000000001
