0 0.029296875 0.7878645833333334 0.059375 0.33249999999999985
0 0.05609375 0.74786425 0.05562500000000001 0.28916699999999995
0 0.135390625 0.75567675 0.05187499999999999 0.306667
0 0.1854296875 0.7562496666666666 0.03875000000000001 0.27333400000000013
0 0.2152734375 0.76125 0.06187500000000001 0.3150000000000001
0 0.2416015625 0.7331246666666668 0.035 0.24166699999999994
0 0.275078125 0.7413020833333333 0.06687500000000002 0.2533330000000001
0 0.35609375 0.5527086666666666 0.14937500000000004 0.678333
0 0.3189453125 0.6957815833333334 0.026874999999999982 0.14416599999999993
0 0.3365234375 0.7366663333333334 0.029374999999999984 0.1683339999999999
0 0.34015625 0.6405208333333333 0.00874999999999998 0.02750000000000008
0 0.47703125 0.5648955 0.13437500000000002 0.579167
0 0.5672265624999999 0.5268229166666667 0.159375 0.6549999999999999
0 0.602890625 0.6660934166666667 0.11499999999999999 0.20083399999999996
0 0.90859375 0.8192184166666667 0.18062500000000004 0.3583340000000001
