0 0.1823046875 0.34255175 0.06875 0.150834
0 0.06566406250000001 0.37234341666666665 0.050624999999999996 0.13833399999999996
0 0.3329296875 0.31864549999999997 0.06937499999999996 0.141667
0 0.49265625 0.3441145833333334 0.07062499999999994 0.14499999999999993
0 0.6484765625 0.35234341666666663 0.06562500000000004 0.13916700000000004
0 0.710234375 0.34338575 0.04375000000000007 0.15
0 0.756640625 0.3513538333333333 0.051875000000000004 0.151667
0 0.87515625 0.38781250000000006 0.07062500000000005 0.14083299999999996
0 0.9361328125 0.39229200000000003 0.041874999999999996 0.15833300000000003
0 0.9740625 0.4037496666666667 0.04874999999999996 0.14666699999999996
