0 0.69515625 0.43489557101024895 0.07124999999999992 0.15103199999999992
0 0.0706640625 0.5182366573938507 0.080625 0.310507
0 0.1365234375 0.5996144245973646 0.124375 0.42120100000000005
0 0.25484375000000004 0.7294735783308931 0.180625 0.5375239999999999
0 0.2055859375 0.42956518448023423 0.076875 0.14258899999999994
0 0.27164062499999997 0.31320852855051246 0.11500000000000002 0.30956799999999995
0 0.3162890625 0.4736993440702782 0.080625 0.16979299999999997
0 0.3790625 0.5504120497803806 0.14187499999999997 0.22889300000000004
0 0.43890625 0.749313774524158 0.25875 0.49718599999999996
0 0.588203125 0.5195875285505125 0.09937499999999999 0.3076919999999999
0 0.649765625 0.7885812957540265 0.176875 0.41838699999999984
0 0.7250390625 0.5770822035139092 0.08187499999999992 0.3461540000000001
0 0.817109375 0.5665356881405563 0.10624999999999996 0.33489700000000006
0 0.965703125 0.5929341669106881 0.06687500000000002 0.41557199999999994
