0 0.389921875 0.4467572941176471 0.12125000000000002 0.426553
0 0.07761718749999999 0.39330870588235295 0.084375 0.22598899999999994
0 0.1103125 0.3595073529411765 0.0475 0.063089
0 0.21296875 0.4579702352941176 0.0875 0.542373
0 0.2504296875 0.42103970588235295 0.03812500000000002 0.175141
0 0.331015625 0.4689233529411765 0.05250000000000005 0.264596
0 0.467421875 0.4777468823529412 0.058750000000000024 0.281545
0 0.514453125 0.46887105882352936 0.036874999999999936 0.235405
0 0.6159765625 0.47121976470588234 0.06562500000000004 0.260829
0 0.6823046875 0.44767611764705884 0.10000000000000009 0.522599
0 0.748671875 0.4795474705882353 0.028125000000000067 0.132768
0 0.8835546875 0.4153125882352941 0.22499999999999998 0.5056499999999999
