0 0.0068359375 0.7590798619676945 0.015 0.06773300000000007
0 0.099609375 0.6335927298091043 0.200625 0.21825099999999995
0 0.334453125 0.8061357415565344 0.286875 0.3838190000000001
0 0.266015625 0.5419754375917768 0.05124999999999999 0.12888099999999994
0 0.2863671875 0.5658838693098385 0.085625 0.17121299999999998
0 0.2675 0.47128386049926574 0.03187499999999999 0.04797800000000002
0 0.284765625 0.4754145726872247 0.020625000000000004 0.017873999999999987
0 0.35671875 0.6365064478707784 0.14875000000000005 0.27187199999999995
0 0.3051171875 0.5117817195301028 0.023125000000000007 0.075258
0 0.3289453125 0.47692886049926575 0.02562500000000001 0.04985900000000001
0 0.3656640625 0.4601787165932452 0.018125000000000002 0.03480700000000003
0 0.40921875 0.592041013215859 0.08687499999999998 0.18720600000000007
0 0.383125 0.4792234317180617 0.03187499999999999 0.04421400000000009
0 0.40890625 0.5404621497797357 0.07187499999999997 0.09877699999999999
0 0.4365625 0.5018462907488987 0.04874999999999996 0.07149599999999995
0 0.464453125 0.47486300440528634 0.03687499999999999 0.0630299999999999
0 0.491484375 0.47610271806167404 0.04437500000000005 0.053621999999999954
0 0.55125 0.5554210117474303 0.09375 0.16556900000000005
0 0.5590625 0.5242852936857562 0.07937499999999997 0.11382900000000004
0 0.5765625 0.4959725756240823 0.04875000000000007 0.060207000000000004
0 0.58296875 0.4800944331864904 0.05624999999999991 0.06585200000000009
0 0.64734375 0.5780438707782672 0.11812500000000004 0.19285100000000005
0 0.6501953125 0.43539786343612336 0.02562500000000001 0.09031099999999996
0 0.6677734375 0.4715825741556534 0.030625000000000013 0.03857000000000007
0 0.7203125 0.5175854361233481 0.078125 0.10630299999999998
0 0.7470703125 0.5737993010279002 0.12062499999999998 0.21636899999999998
