0 0.305598625 0.5196912499999999 0.146154 0.22820500000000005
0 0.1018679375 0.8948470625 0.201282 0.20512799999999998
0 0.0671428125 0.7051685 0.10384600000000001 0.17307700000000004
0 0.11329581250000001 0.0986328125 0.105129 0.198718
0 0.1648291875 0.1005256875 0.053846000000000005 0.19487200000000002
0 0.2932139375 0.905899875 0.07692299999999996 0.18461499999999997
0 0.29797725 0.714633875 0.07179399999999997 0.15256400000000003
0 0.4210584375 0.9742935625 0.03076899999999999 0.03461599999999998
0 0.4596399375 0.97209525 0.04615400000000003 0.039744
0 0.4983419375 0.5099308124999999 0.07692299999999996 0.16794899999999996
0 0.5728920625 0.9705078125 0.01922999999999997 0.04230800000000001
0 0.620202375 0.9139025 0.04359000000000002 0.14230700000000007
0 0.707372 0.5015022499999999 0.125641 0.196154
0 0.7691655625 0.9187905 0.033332999999999946 0.11025600000000002
0 0.9038865 0.5005859375 0.17307699999999993 0.20128199999999996
0 0.9005963125 0.3023583125 0.12051199999999995 0.183334
0 0.897485875 0.7087693125 0.09102600000000005 0.18205100000000007
0 0.933142875 0.1390573125 0.058975 0.12051300000000001
