0 0.2825456875 0.8658029375 0.07026099999999999 0.10784299999999991
0 0.057151625 0.780573375 0.021240999999999996 0.07516299999999998
0 0.198632 0.77535225 0.032678999999999986 0.07189600000000007
0 0.21433275 0.7799159375 0.024510000000000004 0.076797
0 0.324410625 0.7073635 0.05228699999999997 0.07843099999999992
0 0.375140375 0.6832685625 0.013071999999999973 0.03431300000000004
0 0.392118625 0.7623378125 0.021241999999999983 0.042483999999999966
0 0.3996311875 0.686517375 0.022876000000000007 0.04411699999999996
0 0.4228263125 0.7440446875 0.026142999999999972 0.037582000000000004
0 0.43364525 0.7679164375 0.00817000000000001 0.029411999999999994
0 0.4859130625 0.738523625 0.01797399999999999 0.021241999999999983
0 0.687870625 0.6812770625 0.021241000000000065 0.049019000000000035
0 0.7169625 0.68129625 0.01634000000000002 0.039215
0 0.748327625 0.69472575 0.01960799999999996 0.024509000000000003
0 0.8682085 0.863548875 0.04738599999999993 0.08987
0 0.8946908125 0.855379875 0.042483999999999966 0.08986899999999998
0 0.9074436875 0.783560625 0.037582000000000004 0.052288
0 0.9273708125 0.9157793125 0.04248300000000005 0.120915
