0 0.1521484375 0.7802807553041019 0.123125 0.20470999999999998
0 0.26015625 0.7931986294200849 0.04000000000000001 0.17119600000000001
0 0.3128125 0.7719475431400282 0.04749999999999999 0.057971000000000016
0 0.362265625 0.7422792517680339 0.05250000000000005 0.0688410000000001
0 0.4321875 0.7774455530410184 0.04749999999999999 0.038949000000000095
0 0.45671875 0.7225749603960396 0.05624999999999997 0.08152199999999993
0 0.547734375 0.7964880664780762 0.043749999999999956 0.15398500000000007
0 0.5758984375 0.8075319306930693 0.02937499999999993 0.14130399999999999
0 0.7648046875 0.8097405035360679 0.09999999999999998 0.13586900000000005
0 0.8884375 0.7456380466760962 0.11062499999999997 0.192934
