0 0.883125 0.3529045932452276 0.125 0.308271
0 0.041015625 0.31014658149779734 0.0825 0.14285699999999996
0 0.105625 0.5186067488986784 0.09562500000000002 0.4859019999999999
0 0.1542578125 0.28565172246696036 0.04124999999999998 0.11560200000000001
0 0.2141015625 0.34615429515418505 0.09749999999999998 0.13345899999999997
0 0.2 0.21339944052863435 0.06375 0.170113
0 0.3109375 0.5967827679882526 0.173125 0.7528189999999999
0 0.321875 0.2683231512481644 0.06374999999999997 0.11748200000000006
0 0.4493359375 0.3640668751835536 0.14 0.25282
0 0.49703125 0.2716125814977973 0.070625 0.142857
0 0.571484375 0.3654785844346549 0.16812500000000002 0.183271
0 0.686171875 0.288823295154185 0.08999999999999997 0.132519
