0 0.6788671875 0.271042 0.05437500000000006 0.21916599999999997
0 0.023359375 0.1965104166666667 0.013124999999999998 0.014166999999999966
0 0.1336328125 0.19874966666666669 0.010624999999999996 0.02083399999999998
0 0.1430859375 0.19911458333333334 0.014374999999999999 0.019166999999999972
0 0.15703125 0.20328158333333335 0.009374999999999994 0.01833299999999997
0 0.187578125 0.20624966666666666 0.004999999999999977 0.021666999999999992
0 0.2193359375 0.21406216666666666 0.014374999999999999 0.03750000000000001
0 0.524609375 0.21833333333333335 0.011874999999999969 0.04249999999999998
0 0.53203125 0.21218783333333335 0.008750000000000036 0.027500000000000007
0 0.73578125 0.22984375 0.009374999999999911 0.05499999999999997
0 0.7637890625 0.22890658333333333 0.018124999999999947 0.04999999999999997
0 0.7678515625 0.20755175 0.003750000000000031 0.02416700000000001
0 0.7780078125 0.21182291666666667 0.010624999999999996 0.029167000000000016
