0 0.490390625 0.8645141111111112 0.08374999999999994 0.2555549999999999
0 0.0645703125 0.8475694444444444 0.119375 0.2977780000000001
0 0.122890625 0.9224307777777779 0.083125 0.1511109999999999
0 0.1876171875 0.8679863333333334 0.08499999999999999 0.26111099999999987
0 0.2387109375 0.7290277777777778 0.04625000000000001 0.12111099999999997
0 0.2735546875 0.9490969999999999 0.10125 0.09666700000000006
0 0.25625 0.8275698888888888 0.06437499999999999 0.18666600000000008
0 0.304453125 0.8185414444444444 0.06687500000000002 0.23444500000000013
0 0.3391015625 0.7206246666666666 0.034999999999999976 0.11777800000000009
0 0.37234375 0.919721888888889 0.08687500000000004 0.15555599999999992
0 0.367421875 0.7715972222222222 0.05874999999999997 0.1644440000000001
0 0.3751953125 0.8184726666666666 0.057499999999999996 0.147777
0 0.4126171875 0.7538892222222222 0.021875000000000033 0.197777
0 0.6026953125 0.8764586666666667 0.12062499999999998 0.24222199999999994
0 0.5670703125 0.7163891111111111 0.026875000000000093 0.09999999999999994
0 0.6033203125 0.774375111111111 0.057499999999999996 0.1933330000000001
0 0.6383984375 0.7852778888888889 0.030625000000000013 0.154444
0 0.69109375 0.8828472222222222 0.08687500000000004 0.22777800000000012
0 0.6732421875 0.7299305555555554 0.022500000000000075 0.08000000000000007
0 0.7159765625 0.737430111111111 0.034375000000000044 0.06777800000000006
0 0.74625 0.8164578888888889 0.06375000000000008 0.1844449999999999
0 0.7769921875 0.9347219999999999 0.08499999999999996 0.12666699999999992
0 0.860859375 0.9752773333333332 0.07437499999999997 0.04444500000000002
0 0.9212890625 0.9080557777777778 0.11187500000000006 0.18111099999999997
