0 0.880355375 0.5254049230769231 0.16935499999999992 0.5682539999999999
0 0.0854335 0.18261330769230769 0.07930100000000001 0.297354
0 0.1825749375 0.47144484615384624 0.20295699999999997 0.533333
0 0.15746825 0.18925553846153845 0.071236 0.279365
0 0.24054975 0.6612046153846154 0.21169300000000002 0.3111109999999999
0 0.22358075 0.16011392307692307 0.05510700000000002 0.24656100000000003
0 0.2494851875 0.17934915384615385 0.05443600000000001 0.268783
0 0.30230406249999997 0.42424092307692307 0.11155899999999999 0.40634899999999996
0 0.3713983125 0.5158650769230769 0.24596800000000002 0.63492
0 0.293956125 0.18021992307692308 0.06787599999999999 0.24656099999999995
0 0.439012 0.6510139230769231 0.15658599999999995 0.28677199999999997
0 0.3991615625 0.15674376923076921 0.065861 0.260318
0 0.46929625 0.1744326153846154 0.07056400000000002 0.31111099999999997
0 0.5851289375 0.2821249230769231 0.07795700000000005 0.126984
0 0.6776184375 0.42704146153846156 0.0920700000000001 0.36402099999999993
0 0.7628525 0.42809153846153847 0.07997299999999996 0.397883
