0 0.042109375000000004 0.9193535 0.044375 0.14095099999999997
0 0.2951953125 0.6919021666666666 0.026875000000000038 0.06922500000000002
0 0.29796875 0.9221545833333332 0.02437499999999998 0.05004100000000008
0 0.3400390625 0.9203073333333333 0.049375 0.106755
0 0.36734375 0.9218304166666668 0.024999999999999967 0.07756499999999988
0 0.3662890625 0.6792723333333334 0.01937500000000003 0.106756
0 0.4576953125 0.67630225 0.02562500000000001 0.101752
0 0.5066015625 0.9180931666666666 0.06500000000000006 0.16180200000000008
0 0.5259765625 0.6692215833333334 0.03374999999999995 0.08256900000000005
0 0.79140625 0.9011911666666667 0.41500000000000004 0.19432900000000006
0 0.7778125 0.7656203333333332 0.015625 0.044203999999999986
0 0.797734375 0.7597823333333333 0.011874999999999969 0.04336999999999991
0 0.8224609375 0.7678585833333332 0.014999999999999902 0.05087600000000014
