0 0.0048828125 0.5614751903367496 0.01125 0.05159500000000004
0 0.0253125 0.5631678345534408 0.016875 0.06566599999999999
0 0.0446875 0.5604239326500732 0.016875 0.04409000000000001
0 0.0586328125 0.5543830614934114 0.011250000000000003 0.04784199999999991
0 0.077109375 0.5487540614934114 0.013125000000000012 0.04784299999999997
0 0.0984375 0.5479303191800879 0.015625 0.055346999999999945
0 0.1130859375 0.5457557057101026 0.015 0.06378999999999986
0 0.1330859375 0.5458258038067351 0.014374999999999999 0.042213999999999974
0 0.1467578125 0.5474483499267936 0.01125000000000001 0.07879900000000004
0 0.1678125 0.5460283806734992 0.016249999999999987 0.100375
0 0.1884375 0.5499647364568081 0.017499999999999988 0.08724200000000004
0 0.2083203125 0.5535765402635432 0.02562500000000001 0.12851800000000005
0 0.244140625 0.5619052825768667 0.02124999999999999 0.12101300000000009
0 0.4 0.6238218550512445 0.25 0.748593
0 0.5137499999999999 0.6132293938506588 0.06312500000000004 0.397749
0 0.5713671875 0.6556631918008785 0.11624999999999996 0.5272049999999999
0 0.5389453125 0.5979304978038067 0.02562500000000001 0.28424
0 0.7783984375 0.5167060029282576 0.4362499999999999 0.956848
0 0.5946484375 0.45565554612005854 0.02937500000000004 0.03658599999999995
0 0.848203125 0.41789631332357247 0.09875 0.14634100000000003
