0 0.5524728125 0.7966265625 0.07352899999999996 0.22222200000000003
0 0.154296875 0.8248125625 0.308824 0.34640499999999996
0 0.35179275 0.81773425 0.08660100000000004 0.289215
0 0.450508375 0.8109175 0.07516299999999998 0.266339
0 0.630527125 0.8044006875 0.09804000000000002 0.256536
0 0.7367936875 0.80246675 0.07026200000000005 0.243464
0 0.8021345 0.79102875 0.07843100000000003 0.243464
0 0.8469473125 0.7659764375 0.05718999999999996 0.18627400000000005
0 0.9214346875 0.796569 0.07026100000000002 0.251634
0 0.9721260625 0.8102984375 0.05065399999999998 0.2483660000000001
