0 0.1562109375 0.9586975833333332 0.044999999999999984 0.08083400000000014
0 0.167265625 0.4765107499999999 0.05249999999999999 0.306666
0 0.190625 0.6741666666666667 0.0325 0.08416700000000003
0 0.2190625 0.34911491666666666 0.016875 0.05999999999999998
0 0.32296875 0.9522399166666666 0.211875 0.0925000000000001
0 0.2356640625 0.5897913333333333 0.019375000000000003 0.07416699999999994
0 0.2436328125 0.3474479166666667 0.01125000000000001 0.06166699999999995
0 0.2667578125 0.3422395833333334 0.011249999999999982 0.05000000000000001
0 0.2915625 0.34151075000000003 0.015625 0.05500000000000005
0 0.29921875 0.5915100833333332 0.024375000000000036 0.09750000000000007
0 0.3220703125 0.3664586666666667 0.026249999999999996 0.116666
0 0.342578125 0.5164583333333334 0.036250000000000004 0.20000000000000004
0 0.3534375 0.39317675 0.016874999999999973 0.05666700000000002
0 0.3869140625 0.39151074999999996 0.01937500000000003 0.055000000000000014
0 0.427734375 0.3872395833333333 0.013124999999999998 0.05166700000000005
0 0.4402734375 0.7262503333333333 0.030000000000000027 0.10499999999999998
0 0.4371875 0.45302116666666664 0.016874999999999973 0.06916600000000006
0 0.4479296875 0.9436975833333334 0.03749999999999998 0.08083399999999985
0 0.475234375 0.39020866666666665 0.011875000000000024 0.053333
0 0.4771875 0.45359341666666664 0.01687500000000003 0.07583400000000003
0 0.5115234375 0.93661425 0.029374999999999984 0.10333399999999997
0 0.5119140625 0.4480211666666667 0.018124999999999947 0.06833299999999998
0 0.521328125 0.845833 0.036250000000000004 0.126667
0 0.5180859375 0.3842705 0.015000000000000013 0.04749999999999995
0 0.5506640625 0.445417 0.018125000000000058 0.06500000000000002
0 0.561015625 0.38625 0.020625000000000004 0.0625
0 0.5870703125 0.6581770833333334 0.026874999999999982 0.09833299999999993
0 0.5905078125 0.3361458333333333 0.010624999999999996 0.058333
0 0.622734375 0.33557258333333334 0.01187500000000008 0.05000000000000001
0 0.6294140625 0.51765625 0.018125000000000058 0.07250000000000001
0 0.6654296875 0.34656249999999994 0.03749999999999998 0.07916699999999995
0 0.6584375 0.5752604166666666 0.016874999999999973 0.07583300000000011
0 0.66625 0.8981774166666666 0.03187499999999999 0.13916600000000004
0 0.737890625 0.9462503333333334 0.11499999999999999 0.10499999999999998
0 0.693984375 0.37567675 0.012500000000000067 0.055000000000000014
0 0.756484375 0.6631770833333334 0.13687499999999997 0.09666699999999999
0 0.723359375 0.4091149166666666 0.011874999999999969 0.06083300000000006
0 0.7493359375 0.43791699999999995 0.014999999999999902 0.06416600000000001
0 0.7876171875 0.48348925000000004 0.021874999999999978 0.07083400000000006
0 0.82484375 0.5161975833333333 0.024375000000000036 0.08249999999999995
0 0.8563671875 0.5595315833333334 0.02187500000000009 0.08083299999999986
0 0.9310546875 0.9005729166666666 0.03749999999999998 0.0925000000000001
0 0.9840234375 0.7661979166666666 0.030000000000000027 0.12250000000000005
