0 0.155390625 0.3990529516837482 0.11374999999999999 0.249297
0 0.1725390625 0.5200002342606149 0.144375 0.36926
0 0.1720703125 0.33820292679355785 0.120625 0.13589499999999996
0 0.25828125 0.6808258301610542 0.29062499999999997 0.6344890000000001
0 0.343125 0.36684211713030745 0.12687499999999996 0.18650400000000003
0 0.4678515625 0.29345438067349927 0.09625 0.10215500000000002
0 0.4846875 0.37182173060029283 0.11062500000000003 0.17713200000000004
0 0.5612890625 0.3365013440702782 0.08062500000000006 0.16963400000000003
0 0.6074609375 0.373342019033675 0.13937500000000003 0.20524799999999999
0 0.6678125 0.31770118448023427 0.04874999999999996 0.14058099999999998
0 0.75359375 0.5814414245973646 0.21250000000000002 0.4189319999999999
0 0.72703125 0.37498744216691077 0.10250000000000004 0.14714099999999994
0 0.72125 0.3074562210834554 0.0318750000000001 0.074976
0 0.7926171875 0.26363679795021966 0.053749999999999964 0.13401999999999997
0 0.8164453125 0.37346715373352857 0.08812500000000001 0.11715
0 0.8597265625 0.24858069985358713 0.06562499999999993 0.153702
0 0.9269140625 0.5317172035139092 0.14375000000000004 0.34582999999999997
0 0.924921875 0.3603461537335286 0.05874999999999997 0.11715099999999998
0 0.915 0.24021073645680824 0.03187499999999999 0.08622299999999997
0 0.9496875 0.24647712298682284 0.04749999999999999 0.09372100000000003
0 0.9755859375 0.3452900556368961 0.04625000000000001 0.13777
