0 0.12637875112443778 0.3295703125 0.01055699999999999 0.026874999999999982
0 0.20327325187406298 0.3304296875 0.01535499999999999 0.03749999999999998
0 0.25467650224887556 0.330546875 0.018235 0.028749999999999998
0 0.2803495007496252 0.328671875 0.007677999999999968 0.028749999999999998
0 0.38392127136431786 0.503203125 0.17274499999999998 0.379375
0 0.3379315007496252 0.3276953125 0.007677000000000064 0.02562500000000001
0 0.34848750074962515 0.3245703125 0.00767800000000001 0.026874999999999982
0 0.5461675247376311 0.5041796875 0.19961600000000007 0.38250000000000006
0 0.7966022533733134 0.3560546875 0.028790999999999917 0.06999999999999995
0 0.8252125052473763 0.3590625 0.04222600000000007 0.04749999999999999
0 0.9310787541229386 0.3313671875 0.033590000000000036 0.05437500000000001
