0 0.9016015625 0.6438024166666667 0.09687500000000004 0.2966659999999999
0 0.06957031250000001 0.5736975833333333 0.026875000000000003 0.080834
0 0.1042578125 0.5965625 0.0725 0.07916699999999999
0 0.102734375 0.6153649166666666 0.04375 0.12416600000000007
0 0.2513671875 0.6643225833333334 0.209375 0.239167
0 0.3700390625 0.5824479166666666 0.019374999999999976 0.06000000000000005
0 0.4509375 0.6061458333333333 0.048750000000000016 0.18416699999999997
0 0.4732421875 0.6064586666666666 0.02312499999999995 0.11499999999999999
0 0.494140625 0.6116663333333334 0.051875000000000004 0.16916699999999998
0 0.6069140625 0.6095836666666666 0.04999999999999993 0.14833300000000005
0 0.6661328125 0.5941666666666666 0.04125000000000001 0.08583300000000005
0 0.7340234375 0.6050003333333334 0.030625000000000013 0.16833299999999993
0 0.775859375 0.6039065833333334 0.043749999999999956 0.17500000000000013
0 0.8619921875 0.5722399166666666 0.023125000000000062 0.09166600000000003
0 0.9690234375 0.6451559166666666 0.06062500000000004 0.28083400000000003
