0 0.76420510373444 0.696484375 0.33274299999999996 0.6056250000000001
0 0.3708110331950208 0.602734375 0.507965 0.7931250000000001
0 0.5352927621023513 0.673359375 0.038938 0.04437500000000005
0 0.5601238810511756 0.26847656249999996 0.021238999999999994 0.06625
0 0.5976266362378976 0.261484375 0.038053000000000066 0.07500000000000001
0 0.646686510373444 0.26421875 0.033627999999999984 0.023749999999999993
0 0.7459127621023514 0.290390625 0.038937999999999924 0.05124999999999996
0 0.7780463845089902 0.2855859375 0.031858000000000115 0.044999999999999984
0 0.9424379087136929 0.5665234375 0.11061899999999998 0.09187500000000004
0 0.9501794052558782 0.6995703125 0.09734500000000004 0.11937500000000001
0 0.985899132780083 0.1811328125 0.025663999999999992 0.04125000000000001
