0 0.7996484375 0.4629684729136164 0.061249999999999916 0.17260799999999996
0 0.102109375 0.7323127306002928 0.168125 0.17823700000000012
0 0.0696875 0.43476409224011714 0.015625 0.07129400000000001
0 0.1001953125 0.44647712298682285 0.05687500000000001 0.09474600000000002
0 0.1608984375 0.4497029941434846 0.030625000000000013 0.09193300000000006
0 0.216796875 0.7185575651537335 0.09000000000000002 0.24015000000000006
0 0.23015625 0.45281560761346995 0.04062499999999997 0.08255100000000003
0 0.2803125 0.4471165095168375 0.04812499999999997 0.10412799999999997
0 0.332109375 0.4439607364568082 0.043125000000000024 0.08724199999999996
0 0.4694921875 0.6265814055636896 0.14749999999999996 0.214822
0 0.4203515625 0.44718660761346996 0.034999999999999976 0.082552
0 0.489453125 0.4454949633967789 0.03562499999999996 0.06941800000000005
0 0.5290234375 0.44778283455344065 0.02937499999999993 0.06566600000000007
0 0.5352734375 0.6187423499267937 0.030625000000000013 0.07692299999999992
0 0.5614453125 0.4469590922401171 0.02562500000000001 0.07317100000000001
0 0.5825 0.4996677306002928 0.03312499999999996 0.17636000000000004
0 0.6071484375 0.4942230863836018 0.030625000000000013 0.16135099999999994
0 0.613671875 0.6315076383601756 0.028125000000000067 0.10788000000000013
0 0.831953125 0.5005096939970717 0.0675 0.24390200000000006
0 0.8928125 0.5132749824304539 0.078125 0.272983
0 0.9789453125 0.4797661537335285 0.025624999999999898 0.11726100000000002
