0 0.043923865300146414 0.3747265625 0.089118 0.09749999999999998
0 0.23229550951683745 0.36765625 0.10506499999999999 0.133125
0 0.26922228257686676 0.39171875 0.12101300000000001 0.05625000000000002
0 0.2635059633967789 0.344140625 0.06941900000000002 0.08375000000000005
0 0.3642237364568082 0.36 0.08724199999999996 0.12687500000000002
0 0.4102598345534407 0.35296875 0.06472799999999992 0.11812499999999998
0 0.45135147877013176 0.356953125 0.08161300000000005 0.13
0 0.7375748052708638 0.3529296875 0.5206379999999999 0.13125000000000003
0 0.5162638345534407 0.368984375 0.06660399999999995 0.07500000000000001
0 0.5655699633967789 0.365078125 0.06754200000000002 0.09937500000000005
0 0.6127725768667642 0.3650390625 0.05909900000000001 0.080625
0 0.804221178623719 0.4963671875 0.23358400000000007 0.4287500000000001
