0 0.07398437499999999 0.6419443742690059 0.07500000000000001 0.40785799999999994
0 0.009765625 0.6522227485380117 0.02 0.314313
0 0.1834765625 0.6455683976608187 0.12812500000000002 0.4013099999999999
0 0.2880859375 0.6289653508771931 0.10875000000000001 0.41347100000000003
0 0.392109375 0.6366224093567251 0.10625000000000001 0.3985040000000001
0 0.5058984375 0.6397204444444444 0.12312499999999998 0.39102000000000003
0 0.6119921875 0.6310104093567251 0.11687500000000006 0.400374
0 0.711328125 0.6245793859649124 0.09937499999999999 0.405987
0 0.7562109375 0.6938932982456141 0.04500000000000004 0.17680099999999996
0 0.8107421875 0.6204283742690059 0.11562499999999998 0.407858
0 0.9149609375 0.6052312339181286 0.13937500000000003 0.44434100000000004
0 0.8701171875 0.7175094385964912 0.02312499999999995 0.143124
0 0.9196484375 0.7759667192982457 0.09187499999999993 0.07109500000000002
