0 0.093828125 0.43526075000000003 0.036250000000000004 0.11833299999999995
0 0.128671875 0.42541633333333334 0.027499999999999983 0.10499999999999998
0 0.162578125 0.43130208333333336 0.036250000000000004 0.12916700000000003
0 0.1951953125 0.4348958333333333 0.02562500000000001 0.12166700000000004
0 0.230546875 0.41875 0.027499999999999997 0.06333299999999993
0 0.2559765625 0.40531216666666664 0.03437499999999999 0.10000000000000002
0 0.2775390625 0.41802116666666667 0.01937500000000003 0.06833299999999998
0 0.2951171875 0.42244825 0.021875000000000033 0.1033329999999999
0 0.326796875 0.41989583333333336 0.02812500000000001 0.12083299999999997
0 0.3425390625 0.3863541666666666 0.01937500000000003 0.07000000000000006
0 0.37234375 0.4262503333333334 0.024375000000000036 0.10499999999999998
0 0.3921875 0.37661491666666663 0.016874999999999973 0.06083299999999999
0 0.412109375 0.34026008333333335 0.04375000000000001 0.03583400000000003
0 0.5198828125 0.3598961666666667 0.011249999999999982 0.03833300000000003
0 0.534609375 0.3571354166666667 0.011874999999999969 0.045000000000000005
0 0.6358203125 0.4347916666666667 0.02562500000000001 0.11499999999999999
0 0.6603515625 0.4368225833333333 0.03437499999999993 0.11333400000000005
0 0.6930859375 0.3753128333333333 0.014375000000000027 0.05750000000000003
0 0.724296875 0.44161425 0.02750000000000008 0.10166700000000002
0 0.768515625 0.3816149166666667 0.020625000000000004 0.05999999999999998
