0 0.1271484375 0.4009838949824971 0.09249999999999999 0.4402100000000001
0 0.2026953125 0.4259372835472579 0.08937500000000001 0.41554599999999997
0 0.28621093750000004 0.42265789498249706 0.07625000000000001 0.4394620000000001
0 0.367890625 0.2948912532088681 0.08312499999999995 0.23318399999999995
0 0.445859375 0.4308259229871645 0.10625000000000001 0.45665200000000006
0 0.5528906250000001 0.49315409568261376 0.17749999999999994 0.889387
0 0.6418359375 0.4471384504084014 0.10750000000000004 0.43049400000000004
0 0.7107421875 0.42686181330221706 0.08437500000000009 0.5582959999999999
0 0.7546875 0.45016028588098017 0.109375 0.583707
0 0.8223828125 0.48187842473745623 0.073125 0.581465
0 0.8848046875 0.49970948074679117 0.10062500000000008 0.6158449999999999
