0 0.2471484375 0.535693294117647 0.155 0.37853100000000006
0 0.331171875 0.149906 0.02812500000000001 0.20150600000000005
0 0.36796875 0.16525664705882354 0.05624999999999997 0.239172
0 0.4120703125 0.17014470588235292 0.05812500000000004 0.22504800000000003
0 0.46234375 0.14468 0.02437499999999998 0.15065900000000002
0 0.5216015625 0.16642041176470587 0.09624999999999995 0.298493
0 0.570703125 0.142373 0.03562500000000002 0.20244800000000002
0 0.71578125 0.39697805882352943 0.2906249999999999 0.387948
0 0.606328125 0.1583694117647059 0.036250000000000004 0.248588
0 0.646875 0.1592475294117647 0.06312499999999999 0.270245
0 0.8293359375 0.13464835294117647 0.04500000000000004 0.264596
0 0.938046875 0.2991467058823529 0.12187500000000007 0.22598900000000002
