0 0.151484375 0.7348486187683284 0.16874999999999998 0.528143
0 0.2943359375 0.7298664457478006 0.10750000000000001 0.537524
0 0.355 0.6973722785923754 0.09375 0.461538
0 0.436484375 0.7934585923753666 0.075625 0.4108819999999999
0 0.483203125 0.7686672785923754 0.16124999999999995 0.46059999999999995
0 0.5515234375 0.7942780410557185 0.06125000000000003 0.40712999999999994
0 0.606953125 0.7771643489736072 0.09875 0.44090099999999993
0 0.6711328125 0.7438749648093842 0.073125 0.510319
0 0.72 0.7406512404692082 0.09499999999999997 0.5150089999999999
0 0.778203125 0.7303789002932551 0.06812499999999999 0.448405
0 0.818984375 0.6903292697947214 0.04375000000000007 0.08818099999999997
0 0.8705078125 0.6656480967741936 0.04125000000000001 0.099437
0 0.9500390625 0.7315586099706745 0.04999999999999993 0.15759899999999996
0 0.9762109375 0.7314568797653959 0.04562500000000003 0.24390299999999995
