0 0.133519875 0.522381 0.18506 0.5
0 0.2095065625 0.4835178287292818 0.12786000000000003 0.43618999999999997
0 0.2181228125 0.4925679834254144 0.13593599999999997 0.462857
0 0.27349287499999997 0.5140044475138121 0.183715 0.5466660000000001
0 0.453169875 0.5193901104972376 0.183714 0.593333
0 0.4370284375 0.5502231491712707 0.12314900000000001 0.3485720000000001
0 0.529313125 0.5491213314917127 0.09892300000000004 0.274286
0 0.627923 0.5264693977900553 0.15814300000000003 0.430476
0 0.6454448125 0.4904685359116022 0.135262 0.417143
0 0.7677900625 0.5346174917127072 0.14266499999999993 0.482857
0 0.8488561875 0.5262802596685083 0.08479099999999995 0.43999999999999995
0 0.9108330625 0.5334647348066298 0.08008100000000007 0.38190500000000005
0 0.8927795625 0.5370293480662984 0.03432000000000002 0.314286
