0 0.03890625 0.7035303440702783 0.070625 0.16979400000000003
0 0.1167578125 0.7123333382137628 0.10375000000000001 0.25985
0 0.1957421875 0.7629374612005856 0.084375 0.35272099999999995
0 0.2863671875 0.731620467057101 0.053749999999999964 0.26172600000000007
0 0.33484375 0.7292442767203514 0.05499999999999999 0.212008
0 0.3778515625 0.718381926793558 0.03437499999999999 0.13508399999999995
0 0.42703125 0.6567223806734993 0.04062500000000002 0.10225099999999997
0 0.4672265625 0.6671815768667643 0.03375 0.06097499999999997
0 0.5292578125 0.6481651229868228 0.041874999999999996 0.09568500000000005
0 0.5924609375 0.651733767203514 0.04500000000000004 0.10975599999999999
0 0.6595703125 0.7259483074670571 0.05687500000000001 0.23452200000000004
0 0.7184375 0.7292011171303074 0.0475000000000001 0.18667899999999998
0 0.7459375 0.7199074363103953 0.04749999999999999 0.23827399999999996
0 0.8048046875 0.7053804055636895 0.06937499999999996 0.214822
0 0.84171875 0.7274643133235725 0.05500000000000005 0.14634199999999994
0 0.8635546875 0.7235279575402634 0.03875000000000006 0.159475
0 0.933203125 0.7086340014641289 0.130625 0.47748599999999997
