0 0.1231640625 0.4290716867469879 0.08124999999999999 0.462874
0 0.0301171875 0.44906521686746986 0.053750000000000006 0.27868899999999996
0 0.07046875 0.4535832891566265 0.05500000000000001 0.28833200000000003
0 0.205859375 0.4237851084337349 0.075625 0.38958600000000004
0 0.266015625 0.41426115662650603 0.05124999999999999 0.395371
0 0.3061328125 0.42891003614457834 0.041874999999999996 0.379943
0 0.3529296875 0.45182369879518075 0.10000000000000003 0.589199
0 0.4016796875 0.4326257590361446 0.06875000000000003 0.47251599999999994
0 0.520625 0.4384533614457832 0.09499999999999997 0.547734
0 0.5809375 0.4706983373493976 0.078125 0.5438769999999999
0 0.6408203125 0.445895421686747 0.08812500000000001 0.677917
0 0.689453125 0.4848129518072289 0.16125 0.7454200000000001
0 0.7848046875 0.5287151325301205 0.13124999999999998 0.891996
0 0.88171875 0.5291254939759037 0.21250000000000002 0.938284
