0 0.0126953125 0.4926132410546139 0.02625 0.177322
0 0.3207421875 0.5635134576271186 0.05375000000000002 0.10373900000000005
0 0.326015625 0.4922201525423729 0.020625000000000004 0.03739499999999998
0 0.3432421875 0.5000490659133711 0.021874999999999978 0.06634500000000006
0 0.3998046875 0.4998152617702448 0.03875000000000001 0.08323199999999999
0 0.441328125 0.5435973709981168 0.03687499999999999 0.13389600000000002
0 0.539296875 0.6404421129943502 0.15249999999999997 0.39807
0 0.624765625 0.5333564576271187 0.05125000000000002 0.10373999999999999
0 0.644375 0.4776588267419963 0.03187499999999999 0.06272599999999998
0 0.756171875 0.7608101355932203 0.15312499999999996 0.4752719999999999
0 0.7041015625 0.5244700225988701 0.03500000000000003 0.08202600000000003
0 0.7448046875 0.5482137401129944 0.038125000000000075 0.09046999999999994
0 0.7368359375 0.5091081525423728 0.015000000000000013 0.03498199999999991
0 0.7745703125 0.5062275442561205 0.02562500000000001 0.07358299999999995
0 0.8195703125 0.4938695875706215 0.02562500000000001 0.05669500000000004
0 0.8382421875 0.4782749133709981 0.02312499999999995 0.03377500000000001
0 0.925390625 0.6327005254237288 0.14625 0.34137500000000004
