0 0.267890625 0.4721871666666666 0.020625000000000004 0.07000000000000013
0 0.275 0.5555729166666666 0.03312499999999996 0.09333299999999996
0 0.31875 0.5492708333333334 0.03250000000000003 0.08999999999999993
0 0.33796875 0.4310934166666667 0.024375000000000036 0.07583399999999996
0 0.409453125 0.6153121666666667 0.036250000000000004 0.10083400000000002
0 0.4400390625 0.20703158333333335 0.018125000000000002 0.08083299999999997
0 0.45984375 0.21036458333333333 0.023749999999999993 0.08083299999999997
0 0.4705859375 0.19526008333333333 0.014375000000000027 0.034999999999999996
0 0.6531640625 0.1964065833333333 0.018124999999999947 0.05000000000000001
0 0.714921875 0.19749966666666666 0.028749999999999942 0.085
