0 0.15625 0.5332803133235725 0.313125 0.14634199999999994
0 0.406640625 0.5245484172767203 0.020625000000000004 0.03470899999999994
0 0.57203125 0.5072063865300147 0.04062500000000002 0.009380999999999981
0 0.6228125 0.5039805153733529 0.01749999999999996 0.014070999999999945
0 0.6266796875 0.49189877306002927 0.007499999999999951 0.018761999999999963
0 0.6316796875 0.49336290190336746 0.006249999999999978 0.021575999999999974
0 0.6424609375 0.4878222210834553 0.015000000000000013 0.07504700000000004
0 0.6559375 0.48594622108345537 0.016875000000000084 0.07504699999999996
0 0.6933984375 0.4948270307467057 0.02937500000000004 0.02345299999999998
0 0.7077734375 0.4967040307467057 0.030625000000000013 0.02345200000000001
0 0.7820703125 0.5025076691068814 0.026874999999999982 0.13133199999999998
0 0.7995703125 0.5086186383601757 0.02562500000000001 0.106004
0 0.8059765625 0.4486335153733528 0.00374999999999992 0.013133000000000053
0 0.8157421875 0.49811528257686677 0.021874999999999978 0.12195099999999999
0 0.833125 0.5052785095168374 0.03125 0.10412700000000008
0 0.885703125 0.49882576720351396 0.036250000000000004 0.10881800000000001
