0 0.0464453125 0.5707291666666666 0.025624999999999995 0.03750000000000001
0 0.09425781250000001 0.5325520833333334 0.10499999999999998 0.06750000000000005
0 0.0584375 0.5694270833333334 0.016875 0.035833000000000004
0 0.0728125 0.58296875 0.0175 0.088333
0 0.165625 0.49989616666666664 0.03125 0.03750000000000009
0 0.20546875 0.4871878333333333 0.024375000000000008 0.027500000000000007
0 0.59328125 0.4974475833333334 0.008750000000000036 0.019166999999999934
0 0.6010546875 0.49671875000000004 0.006249999999999978 0.024166999999999977
0 0.7642578125 0.5155208333333333 0.010624999999999996 0.02750000000000008
0 0.775859375 0.51755175 0.011874999999999969 0.025833999999999985
0 0.850859375 0.5491663333333334 0.012500000000000067 0.04416699999999992
0 0.862265625 0.55234375 0.020625000000000004 0.05499999999999986
0 0.8994921875 0.56875 0.02312499999999995 0.0650000000000001
0 0.916875 0.5719274166666666 0.03125 0.07750000000000005
0 0.93921875 0.5866149166666667 0.024375000000000036 0.061666
0 0.9595703125 0.6076038333333332 0.026874999999999982 0.09083400000000008
0 0.98734375 0.5901565833333332 0.02375000000000005 0.11250000000000011
0 0.992109375 0.60432325 0.013125000000000053 0.07166600000000001
