0 0.51703125 0.897917 0.07187499999999997 0.18833300000000008
0 0.4990234375 0.4969791666666667 0.999375 0.8508330000000001
0 0.1887109375 0.967083 0.13874999999999998 0.06333400000000007
0 0.305390625 0.9722395833333334 0.05124999999999996 0.051666999999999984
0 0.5723046875 0.888542 0.07000000000000006 0.22000000000000006
0 0.6275 0.9182291666666668 0.0631250000000001 0.161667
0 0.6994140625 0.918958 0.04937499999999995 0.15833399999999997
0 0.79953125 0.83625 0.07187500000000002 0.18999999999999995
0 0.918125 0.7184378333333333 0.06437500000000007 0.21583300000000002
0 0.9616015625 0.6985416666666667 0.06500000000000006 0.17916699999999994
