0 0.0986328125 0.842083 0.19875 0.31333400000000006
0 0.4990234375 0.49723958333333335 0.999375 0.425
0 0.424140625 0.7847395833333334 0.27125000000000005 0.4266670000000001
0 0.44375 0.63484375 0.15749999999999997 0.18083299999999994
0 0.4348828125 0.12213541666666668 0.010624999999999996 0.044999999999999964
0 0.44953125 0.128958 0.008124999999999993 0.03166699999999998
0 0.467109375 0.127292 0.011875000000000024 0.03333299999999998
0 0.4842578125 0.11692708333333335 0.010000000000000009 0.035833000000000004
0 0.5255078125 0.12213541666666668 0.010624999999999996 0.044999999999999964
0 0.55578125 0.12619824999999998 0.008750000000000036 0.04
0 0.6569140625 0.7847395833333334 0.20625000000000004 0.4266670000000001
0 0.590859375 0.12374966666666666 0.013125000000000053 0.020834000000000002
0 0.614609375 0.12338575 0.012499999999999956 0.02416600000000002
0 0.688984375 0.122292 0.011874999999999969 0.03250000000000001
0 0.7298828125 0.12526008333333333 0.011249999999999982 0.034999999999999996
0 0.7580078125 0.12265591666666666 0.010624999999999996 0.029167000000000016
0 0.779609375 0.12953125000000001 0.013124999999999942 0.03999999999999998
0 0.8430078125 0.10432291666666667 0.010624999999999996 0.030833
0 0.8575390625 0.30765625 0.018124999999999947 0.07166699999999993
0 0.87703125 0.10406216666666668 0.009374999999999911 0.03833399999999998
0 0.8951953125 0.21750033333333332 0.02562500000000001 0.044166000000000004
0 0.9323828125 0.09276008333333334 0.010624999999999996 0.034167
