0 0.18573225 0.842088364806867 0.103108 0.25777799999999984
0 0.01953125 0.8131707525035765 0.039424 0.2200000000000001
0 0.123282 0.8142398340486409 0.03260099999999999 0.15888800000000006
0 0.4242154375 0.811587982832618 0.09249399999999997 0.22333300000000006
0 0.47943225 0.8497142103004293 0.07050800000000002 0.266666
0 0.63304025 0.8304769828326181 0.10159200000000002 0.2233329999999999
0 0.696906 0.8328664434907009 0.06444300000000003 0.23555500000000007
0 0.763919 0.7710303762517883 0.03184200000000004 0.10999999999999999
0 0.79505375 0.8072818311874105 0.08642899999999998 0.1955560000000001
0 0.88527375 0.809699904148784 0.08642899999999998 0.24888900000000008
0 0.95683575 0.8021986008583692 0.05534499999999998 0.19
