0 0.427578125 0.44789887847730603 0.19187500000000007 0.38367699999999993
0 0.0390234375 0.4643442825768667 0.030625 0.12101300000000009
0 0.0626953125 0.47242728843338216 0.026874999999999996 0.030956999999999957
0 0.0802734375 0.44508309224011705 0.030625 0.07317000000000004
0 0.090390625 0.4584004480234261 0.020625000000000004 0.058160999999999956
0 0.1271484375 0.4542096383601757 0.029999999999999985 0.10600399999999992
0 0.1451171875 0.4502992210834554 0.023125000000000007 0.07504699999999996
0 0.15890625 0.4266456442166911 0.008750000000000008 0.016884999999999956
0 0.2064453125 0.44629276720351396 0.026874999999999982 0.10975599999999991
0 0.218671875 0.45086950951683746 0.02812500000000001 0.104127
0 0.5234375 0.4247868653001464 0.01749999999999996 0.08817999999999994
0 0.542890625 0.42789947877013174 0.020625000000000004 0.08067499999999998
0 0.5640625 0.41408193265007326 0.015625 0.04408999999999993
0 0.6094140625 0.4281269941434846 0.08062500000000006 0.09193299999999997
0 0.653984375 0.4113380307467057 0.01187500000000008 0.02345200000000001
0 0.6867578125 0.4138544172767204 0.010624999999999996 0.032832999999999994
0 0.69640625 0.40904915959004395 0.008750000000000036 0.02720499999999997
0 0.7448046875 0.4164399019033675 0.007500000000000062 0.020638
0 0.8043359375 0.40904915959004395 0.01375000000000004 0.029081000000000006
0 0.9551953125 0.4541308228404099 0.08812500000000001 0.247655
0 0.9282421875 0.4080410614934114 0.021874999999999978 0.04784299999999997
0 0.9484375 0.41408193265007326 0.016874999999999973 0.04596599999999996
