0 0.00703125 0.5773961666666666 0.009375000000000001 0.03749999999999994
0 0.178359375 0.562292 0.011875000000000024 0.03249999999999997
0 0.225859375 0.5702600833333333 0.011874999999999997 0.034999999999999996
0 0.2536328125 0.5493229166666667 0.01125000000000001 0.030833000000000037
0 0.3205078125 0.5355208333333333 0.010624999999999996 0.02750000000000008
0 0.34703125 0.5284899166666667 0.00874999999999998 0.030833000000000037
0 0.3623046875 0.5393229166666668 0.007500000000000007 0.02916699999999987
0 0.5979296875 0.552292 0.006249999999999978 0.03249999999999997
0 0.68703125 0.5409899166666666 0.009375000000000022 0.029166000000000025
0 0.74828125 0.5543229166666667 0.009375000000000022 0.030833000000000037
0 0.75890625 0.5585940833333334 0.008750000000000036 0.034165999999999995
0 0.87234375 0.7332294999999999 0.025000000000000022 0.07833300000000006
