0 0.0185546875 0.85984375 0.038125 0.05499999999999986
0 0.039296874999999995 0.660208 0.028125 0.0949999999999999
0 0.12941406249999998 0.9302604166666666 0.018125000000000016 0.07583300000000011
0 0.189375 0.9182291666666668 0.06375 0.161667
0 0.1931640625 0.6608336666666667 0.019374999999999976 0.0858329999999999
0 0.2153125 0.6598440833333333 0.015625 0.098333
0 0.26187499999999997 0.6572399166666666 0.06312500000000001 0.09333299999999996
0 0.306875 0.6689586666666667 0.03249999999999997 0.11583300000000007
0 0.344375 0.6807288333333332 0.03125 0.12166700000000004
0 0.4059765625 0.6853124999999999 0.03374999999999995 0.1416669999999999
0 0.634453125 0.6952083333333333 0.0675 0.135833
0 0.72078125 0.74901075 0.07062499999999994 0.30666600000000016
0 0.8125 0.7419270833333332 0.06437499999999996 0.28583300000000006
