0 0.04296875 0.5247916666666667 0.0875 0.11499999999999999
0 0.2157421875 0.5376038333333334 0.023125000000000007 0.089167
0 0.3584765625 0.5134899166666668 0.09687499999999999 0.15499999999999994
0 0.4315234375 0.5138020833333333 0.030625000000000013 0.12916699999999995
0 0.4587890625 0.5238545 0.019374999999999976 0.11166600000000004
0 0.4759375 0.536875 0.015625 0.09583300000000006
0 0.5117968749999999 0.5201041666666667 0.02812500000000001 0.13083300000000006
0 0.54375 0.66067675 0.0631250000000001 0.18083399999999994
0 0.6305859375 0.6575524166666668 0.04625000000000001 0.23249999999999993
0 0.822734375 0.6305725833333333 0.29437499999999994 0.3016670000000001
0 0.8647265625 0.5174996666666667 0.03374999999999995 0.08416700000000003
0 0.9048828125 0.5019274166666666 0.04125000000000001 0.07583300000000004
