0 0.0644529375 0.046875 0.108399 0.09505199999999998
0 0.053711375 0.6354165 0.043945000000000005 0.1119789999999999
0 0.06347625 0.5208333333333334 0.040039000000000005 0.10546900000000003
0 0.2343746875 0.5664065833333334 0.06835999999999998 0.11458299999999995
0 0.24023475 0.4908858333333333 0.056640000000000024 0.09114500000000003
0 0.27441375 0.5234371666666666 0.05566399999999999 0.10026100000000009
0 0.3789066875 0.5989585833333334 0.06933499999999998 0.11328099999999997
0 0.5371096875 0.53645875 0.31933600000000006 0.18229099999999998
0 0.43359325 0.6406246666666666 0.04004000000000002 0.11458400000000009
0 0.5634766875 0.7109379166666666 0.03906199999999993 0.12369799999999993
0 0.586914125 0.445313 0.06738300000000008 0.09505199999999998
0 0.761718375 0.5611980833333333 0.04394600000000004 0.09765600000000012
0 0.846679375 0.62500025 0.04394600000000004 0.10286399999999991
