0 0.0152734375 0.4211111111111111 0.030625 0.22333299999999992
0 0.041874999999999996 0.4228472222222222 0.033125 0.227778
0 0.075 0.410556 0.033125 0.252222
0 0.0968359375 0.4124995555555555 0.04625 0.23888899999999996
0 0.1224609375 0.4198608888888889 0.044999999999999984 0.21666700000000005
0 0.14363281249999998 0.4159027777777778 0.041249999999999995 0.214444
0 0.184453125 0.4159027777777778 0.03562500000000002 0.214444
0 0.217578125 0.3961802222222222 0.03624999999999998 0.22777799999999995
0 0.243359375 0.4188191111111111 0.04375000000000001 0.19222300000000006
0 0.2642578125 0.4156253333333333 0.04124999999999998 0.19888900000000007
0 0.2975390625 0.41118033333333337 0.04999999999999999 0.20111100000000004
0 0.3411328125 0.4275698888888889 0.04249999999999998 0.18444399999999994
0 0.3621484375 0.4225697777777777 0.02937500000000004 0.21444400000000005
0 0.3907421875 0.42680533333333337 0.05375000000000002 0.23222200000000004
0 0.4323828125 0.41791633333333333 0.041874999999999996 0.22999999999999993
0 0.47484375 0.4240974444444444 0.05499999999999994 0.23444399999999999
0 0.513125 0.44340233333333334 0.033125000000000016 0.20000000000000007
0 0.5490625 0.4488191111111111 0.04874999999999996 0.193334
0 0.580234375 0.4454168888888889 0.04375000000000007 0.21666600000000003
0 0.6324609375 0.4384722222222222 0.04625000000000001 0.25777799999999995
0 0.6796875 0.45312466666666673 0.04874999999999996 0.24111099999999994
0 0.6956640625 0.45520811111111115 0.018124999999999947 0.06777800000000002
0 0.7174609375 0.4656943333333333 0.04562500000000003 0.23000000000000004
0 0.7640625 0.48381900000000005 0.04875000000000007 0.22
0 0.7980859375 0.48770788888888883 0.04500000000000004 0.24666700000000003
0 0.84265625 0.4795832222222222 0.03937500000000005 0.25777799999999995
0 0.8759375 0.4998606666666666 0.04749999999999999 0.2711120000000001
0 0.94484375 0.5108334444444443 0.05500000000000005 0.26666700000000004
0 0.9876171875 0.5283329999999999 0.022499999999999964 0.25111100000000003
