0 0.0078125 0.8334375 0.015625 0.04833299999999996
0 0.064375 0.80765625 0.0325 0.07250000000000008
0 0.0932421875 0.8820833333333332 0.05437499999999999 0.23166700000000015
0 0.2091015625 0.9090107499999999 0.06562499999999999 0.18000000000000016
0 0.2253515625 0.8498958333333334 0.035 0.1208329999999999
0 0.366875 0.8640100833333334 0.033125000000000016 0.09833399999999992
0 0.4419140625 0.4475520833333333 0.17562500000000003 0.19166700000000003
0 0.4235546875 0.8668225833333333 0.03749999999999998 0.11333400000000005
0 0.4662109375 0.86776075 0.04562500000000003 0.11833299999999995
0 0.50890625 0.882292 0.07125000000000004 0.15833300000000014
0 0.5651171875000001 0.4494788333333333 0.14750000000000002 0.18416699999999997
0 0.5716015625 0.9068746666666666 0.06499999999999995 0.17916700000000008
0 0.5834375 0.8059899166666668 0.016874999999999973 0.030833000000000037
0 0.6160546875 0.9097395833333334 0.06874999999999998 0.176667
0 0.6407421875 0.8898437500000002 0.05312499999999998 0.1808329999999998
0 0.6910546875 0.9141663333333333 0.03875000000000006 0.16833400000000007
0 0.7255078125 0.9121354166666666 0.04125000000000001 0.1716670000000001
0 0.7624609375 0.90098925 0.04500000000000004 0.19583400000000006
