0 0.13968750000000002 0.8238887777777778 0.04875 0.308889
0 0.1364453125 0.5265273333333333 0.02687500000000001 0.10555599999999998
0 0.1601171875 0.5331943333333333 0.02312499999999998 0.10555600000000008
0 0.2973828125 0.8957635555555554 0.10500000000000001 0.20555600000000002
0 0.2959375 0.4775698888888889 0.078125 0.18666599999999997
0 0.469453125 0.686528111111111 0.03687499999999999 0.16000000000000003
0 0.4688671875 0.8906948888888889 0.021874999999999978 0.09111100000000011
0 0.4876953125 0.22868011111111108 0.05687500000000001 0.12999999999999998
0 0.4790625 0.6920141111111111 0.017500000000000016 0.12888900000000003
0 0.522421875 0.2074998888888889 0.06 0.154445
0 0.5907421875 0.6777081111111111 0.023125000000000062 0.19111100000000006
0 0.6371875 0.5022915555555555 0.07937499999999997 0.1433329999999999
0 0.70375 0.9128474444444445 0.09375 0.1711109999999999
0 0.7202734375 0.5377085555555555 0.06187500000000001 0.08000000000000007
0 0.719453125 0.23840266666666665 0.03562500000000002 0.11777800000000001
0 0.7451953125 0.7078475555555556 0.05687500000000001 0.14333300000000004
0 0.782421875 0.9309031111111111 0.05999999999999994 0.1300000000000001
0 0.822734375 0.22354177777777778 0.13687499999999997 0.15222200000000002
0 0.8336328125 0.8716666666666666 0.04125000000000001 0.08444400000000002
0 0.8725 0.8733337777777778 0.03312499999999996 0.05777700000000014
0 0.9014453125 0.8516666666666668 0.02562500000000001 0.08666699999999988
0 0.9659765625 0.8295137777777778 0.06562500000000004 0.3377779999999999
