0 0.1145703125 0.7114826573938506 0.08812500000000001 0.3133209999999999
0 0.0269921875 0.7005933689604685 0.054375 0.2823649999999999
0 0.168203125 0.6727317613469985 0.036250000000000004 0.201688
0 0.2232421875 0.6470168286969253 0.023125000000000007 0.15572300000000008
0 0.2746484375 0.6740115344070278 0.030625000000000013 0.21669799999999997
0 0.316640625 0.6584581844802343 0.020625000000000004 0.14071300000000003
0 0.3761328125 0.5662976691068814 0.04124999999999995 0.13039400000000007
0 0.41109375 0.5587926691068814 0.024375000000000036 0.13039399999999998
0 0.451640625 0.559248699853587 0.02124999999999999 0.15384699999999998
0 0.4688671875 0.5541468286969253 0.023125000000000007 0.15572200000000003
0 0.5013671875 0.5661574729136164 0.022500000000000075 0.17073200000000002
0 0.5277734375 0.5562503440702782 0.029999999999999916 0.16791799999999993
0 0.5645703125 0.5602750190336749 0.02562500000000001 0.20544099999999996
0 0.59828125 0.5435032767203514 0.040000000000000036 0.21200799999999992
0 0.6309765625 0.5511225344070277 0.03500000000000003 0.21669800000000006
0 0.6707421875 0.5506405651537336 0.053749999999999964 0.24014999999999997
0 0.7079296875 0.6256511229868228 0.07000000000000006 0.09474699999999998
0 0.707890625 0.5060945344070279 0.05249999999999999 0.21763599999999994
0 0.828671875 0.5253998843338213 0.05875000000000008 0.29455899999999996
0 0.941328125 0.5252155285505125 0.09875 0.3076920000000001
