0 0.2909375 0.5903089405940595 0.01749999999999996 0.12044399999999995
0 0.3245703125 0.5779327029702971 0.02562500000000001 0.09508799999999998
0 0.38140625 0.616200792079208 0.04062500000000002 0.167988
0 0.433125 0.607047188118812 0.03250000000000003 0.12519799999999986
0 0.5088671874999999 0.6428856435643564 0.05437500000000001 0.21473899999999996
0 0.53953125 0.7149249702970298 0.07187500000000002 0.309826
0 0.5605859375 0.6143140297029702 0.04500000000000004 0.19255200000000008
0 0.6012109375 0.6325846435643564 0.04625000000000001 0.21473799999999993
0 0.6471875 0.6303129108910891 0.04874999999999996 0.18066600000000002
0 0.67828125 0.6068356534653465 0.04062500000000002 0.19492899999999994
0 0.7667578125 0.6767014950495049 0.073125 0.259905
0 0.8574609375 0.6248115247524753 0.04500000000000004 0.20126800000000003
0 0.8988671875 0.6639252475247525 0.08562499999999995 0.2559430000000001
0 0.9158203125 0.541838099009901 0.026875000000000093 0.05309000000000009
0 0.955859375 0.5986625247524753 0.04312500000000008 0.20285300000000003
