0 0.15265625 0.49869825000000007 0.10250000000000001 0.41583299999999995
0 0.02140625 0.36213541666666665 0.008749999999999997 0.04583300000000001
0 0.29890625000000004 0.5801041666666666 0.28937499999999994 0.6325
0 0.441875 0.6621354166666666 0.406875 0.6716670000000001
0 0.521484375 0.3630208333333333 0.012499999999999956 0.02750000000000008
0 0.5400390625 0.4130211666666666 0.050000000000000044 0.06916600000000006
0 0.5690234375 0.4063541666666666 0.06062500000000004 0.06916699999999998
0 0.6255859375 0.37661458333333336 0.013749999999999929 0.020832999999999952
0 0.6291796875 0.37624966666666665 0.007500000000000062 0.020833999999999946
0 0.6439453125 0.4101044999999999 0.026249999999999996 0.0475000000000001
0 0.6398046875 0.370625 0.006249999999999978 0.03333299999999998
0 0.66625 0.4084375 0.03125 0.04749999999999995
0 0.723125 0.40687466666666666 0.03125 0.05333400000000007
0 0.7616015625 0.4114065833333333 0.03375000000000006 0.05000000000000012
0 0.7840625 0.4117190833333333 0.04749999999999999 0.06583300000000003
0 0.8796875 0.4198961666666667 0.016875000000000084 0.03833300000000003
0 0.900859375 0.4191663333333333 0.013124999999999942 0.043333999999999984
0 0.906015625 0.41901075 0.020625000000000004 0.05666600000000003
0 0.9397265625 0.43036425 0.03375000000000006 0.03916700000000003
0 0.9549609375 0.4238024166666667 0.015000000000000013 0.045000000000000005
0 0.9659375 0.4230725833333333 0.016874999999999973 0.05166700000000005
0 0.9755859375 0.4293746666666667 0.015000000000000013 0.05333399999999999
0 0.9903125 0.4286458333333334 0.016874999999999973 0.05833299999999989
