0 0.0068359375 0.10421531918008785 0.014375 0.05347100000000001
0 0.029453125 0.09551886530014642 0.035625000000000004 0.090056
0 0.0259375 0.036103030746705705 0.015625000000000003 0.02345200000000001
0 0.0462890625 0.044475932650073206 0.018125000000000002 0.04409
0 0.080234375 0.036514901903367494 0.013124999999999998 0.021576000000000005
0 0.1484375 0.03797903074670571 0.015625 0.026267000000000006
0 0.178203125 0.75272321522694 0.06812500000000002 0.16416499999999995
0 0.170234375 0.025486417276720356 0.012500000000000011 0.032833
0 0.206015625 0.02361041727672035 0.020625000000000004 0.034709000000000004
0 0.2184375 0.017569546120058566 0.016249999999999987 0.037523
0 0.28625 0.11265831918008785 0.03187499999999999 0.055346999999999986
0 0.3228125 0.869615503660322 0.078125 0.1941840000000001
0 0.350625 0.4709986017569546 0.06374999999999997 0.17542199999999997
0 0.36328125 0.6104759882869693 0.07187500000000002 0.18198899999999996
0 0.4124609375 0.4862802767203514 0.04625000000000001 0.21106899999999998
0 0.4400390625 0.7530208286969253 0.08187499999999998 0.15572199999999994
0 0.4237109375 0.03505077306002928 0.015000000000000013 0.017824
0 0.4829296875 0.5078121171303074 0.06937499999999996 0.18480300000000005
0 0.4960546875 0.3793911537335285 0.07 0.11726000000000002
0 0.5458984375 0.4371143440702781 0.06125000000000003 0.16979300000000003
0 0.5834375 0.058433674963396784 0.016874999999999973 0.038461
0 0.6040625 0.035691159590043924 0.016250000000000098 0.029081
0 0.6490625 0.5953699516837482 0.078125 0.25046900000000005
0 0.6217578125 0.028186159590043922 0.010000000000000009 0.027205
0 0.6259375 0.056144803806735 0.01749999999999996 0.042214
0 0.6369140625 0.03111441727672035 0.01937499999999992 0.034710000000000005
0 0.6449609375 0.008784773060029283 0.014374999999999916 0.018762
0 0.6537890625 0.04324031918008785 0.018749999999999933 0.05347
0 0.695 0.14919144216691066 0.03312500000000007 0.14821800000000002
0 0.726171875 0.0994110614934114 0.028124999999999956 0.04690400000000001
0 0.7502734375 0.1391528345534407 0.02937500000000004 0.065666
0 0.7632421875 0.08293793265007321 0.023125000000000062 0.045966
0 0.7669921875 0.10263693265007319 0.021874999999999978 0.04596700000000001
0 0.78734375 0.0838058345534407 0.024375000000000036 0.064728
0 0.7975 0.14770909224011713 0.03312499999999996 0.071295
0 0.8090625 0.2006280248901903 0.04749999999999999 0.11538500000000002
0 0.856015625 0.6459827920937042 0.08250000000000002 0.22326499999999994
0 0.8876171875 0.13480460761347 0.023125000000000062 0.08442700000000002
0 0.8926171875 0.03861941727672035 0.02187500000000009 0.032833
0 0.89609375 0.068339803806735 0.024374999999999925 0.04221399999999999
0 0.9411328125 0.6369877247437774 0.10375000000000001 0.2692309999999999
0 0.9118359375 0.03756715959004392 0.013749999999999929 0.027205
0 0.98609375 0.29555938067349924 0.025000000000000022 0.10225100000000001
