0 0.09828125 0.6508643982300886 0.13374999999999998 0.584514
0 0.14054687500000002 0.5553539292035399 0.05875000000000001 0.36449399999999993
0 0.2048828125 0.6482824631268437 0.10375000000000001 0.503305
0 0.208359375 0.38289623008849555 0.043125 0.07271000000000005
0 0.252265625 0.6059144955752213 0.083125 0.46081199999999994
0 0.3046875 0.5709764955752212 0.04749999999999999 0.46081199999999994
0 0.339140625 0.5852655280235988 0.05125000000000002 0.420208
0 0.39359375 0.6933531415929204 0.08687499999999998 0.2747879999999999
0 0.39078125 0.47765024778761056 0.07187499999999997 0.23229499999999997
0 0.4548828125 0.5056820265486724 0.10500000000000004 0.23984900000000006
0 0.46953125 0.6796565516224189 0.10249999999999998 0.30028399999999994
0 0.5416796875000001 0.7003680353982301 0.10125 0.3210579999999999
0 0.540546875 0.4642426991150442 0.09062500000000007 0.2936730000000001
0 0.6103125 0.5211507640117994 0.078125 0.209631
0 0.6324609375 0.6851431828908554 0.10750000000000004 0.315392
0 0.65734375 0.426846796460177 0.05625000000000002 0.16902800000000007
0 0.6920703125 0.6674984041297934 0.08812500000000001 0.30406000000000005
0 0.6951171875 0.5045586578171092 0.08562500000000006 0.255902
0 0.7735546875 0.685618772861357 0.09999999999999998 0.2898969999999999
0 0.776875 0.4900431002949853 0.09499999999999997 0.236072
0 0.8568359375 0.5145315840707964 0.10750000000000004 0.25684600000000013
0 0.8887109375 0.7102794454277286 0.10750000000000004 0.34372
0 0.9059375 0.4738650678466077 0.078125 0.27856499999999995
