0 0.5942509663526244 0.6665518125 0.18070700000000003 0.32413800000000004
0 0.08075370121130551 0.7147056875 0.163043 0.349754
0 0.19866628667563932 0.7963406875 0.224184 0.381281
0 0.4436275410497982 0.6592416875 0.14130499999999993 0.19507299999999994
0 0.47637769582772543 0.4950383125 0.11277100000000002 0.12019699999999994
0 0.5187527954239569 0.486145 0.05706499999999999 0.12512300000000004
0 0.5891234858681023 0.4873985625 0.116848 0.06601000000000001
0 0.5948145854643337 0.3266348125 0.0625 0.10541900000000004
0 0.5975315854643337 0.4194185625 0.0625 0.06601000000000001
0 0.6600315854643337 0.435242625 0.06385899999999996 0.05221700000000001
0 0.7235578559892328 0.5586096875 0.13451100000000005 0.22561599999999998
0 0.7560892261103634 0.608795625 0.14945699999999987 0.23940900000000004
0 0.8000027954239569 0.344290875 0.05842400000000003 0.12118200000000001
