0 0.897917 0.3001953125 0.12604100000000015 0.21328099999999997
0 0.08333333333333333 0.5498044375 0.167708 0.12499999999999994
0 0.06588508333333333 0.951952625 0.03437500000000001 0.051563000000000025
0 0.07499966666666667 0.987890625 0.022916999999999983 0.021093999999999946
0 0.11380208333333335 0.9783198125 0.03437500000000001 0.04140699999999997
0 0.164583 0.8033205625 0.126042 0.16015600000000008
0 0.1838545 0.568359375 0.015625 0.012499999999999956
0 0.20442741666666667 0.973046625 0.04583299999999998 0.051562999999999914
0 0.19947916666666665 0.5728518125 0.006250000000000015 0.010156000000000054
0 0.22187533333333334 0.703906 0.011457999999999968 0.03125
0 0.22369825 0.6218745 0.008332999999999998 0.015625
0 0.23463541666666665 0.6146489375 0.014583000000000013 0.01484299999999994
0 0.2500003333333333 0.5687505 0.011457999999999968 0.017186999999999952
0 0.2992190833333333 0.6884768125 0.09895799999999995 0.07343699999999997
0 0.27916633333333335 0.589452625 0.01145899999999996 0.019531999999999994
0 0.3726565833333333 0.7716799375 0.1770830000000001 0.13906200000000002
0 0.30807325 0.90703125 0.04062499999999999 0.07109399999999999
0 0.29583333333333334 0.5869140625 0.011457999999999968 0.018750000000000044
0 0.32369825 0.5789065 0.009374999999999986 0.015625
0 0.3708333333333333 0.617577875 0.07291700000000005 0.060156999999999905
0 0.45625033333333337 0.3318356875 0.23125000000000004 0.06875000000000003
0 0.3557295 0.8716796875 0.017707999999999984 0.06874999999999998
0 0.38307325 0.977734375 0.04166600000000006 0.042968999999999924
0 0.3833336666666667 0.886328125 0.022915999999999936 0.06718800000000003
0 0.38749966666666663 0.678125 0.022917000000000076 0.03281200000000006
0 0.3960937500000001 0.870702875 0.02499999999999991 0.060157000000000016
0 0.4000000000000001 0.96406225 0.03229199999999999 0.03906299999999996
0 0.4664065833333333 0.6482416875 0.0208330000000001 0.03828200000000004
0 0.7304690833333334 0.566015875 0.535416 0.7164060000000001
0 0.5304684166666668 0.6619135625 0.013541999999999868 0.03437599999999996
0 0.5703125 0.7462895625 0.08020799999999999 0.12890599999999997
0 0.5617190833333333 0.861327625 0.03437499999999997 0.08281299999999991
0 0.5559895833333334 0.658203375 0.020832999999999952 0.042968999999999924
0 0.56744825 0.8314450625 0.008333000000000071 0.018749999999999933
0 0.6312496666666666 0.864453375 0.022917000000000076 0.07421900000000003
0 0.6354166666666666 0.850390125 0.022916999999999927 0.06718800000000003
