0 0.3222656875 0.57291625 0.07031199999999999 0.321615
0 0.1123044375 0.6249998333333333 0.09374999999999999 0.3072919999999999
0 0.4726563125 0.3958335 0.026366999999999974 0.08072899999999998
0 0.5458985 0.4179690833333334 0.017578000000000094 0.06770799999999995
0 0.637695 0.6119794166666667 0.032227000000000006 0.14062499999999992
0 0.690429375 0.6106774166666668 0.04394600000000004 0.13802099999999987
0 0.714843375 0.5039066666666666 0.01269600000000004 0.054687000000000076
0 0.7412110625 0.5859378333333334 0.050780999999999965 0.12109299999999996
0 0.8808594375 0.4283856666666666 0.029297000000000017 0.08463500000000002
0 0.9052738125 0.4856770833333333 0.042967999999999895 0.13020799999999996
0 0.9130860625 0.4700520000000001 0.019530999999999965 0.125
0 0.9453126875 0.5208335000000001 0.038086000000000064 0.20442699999999991
0 0.9648440625 0.4804689166666667 0.019530999999999965 0.12499999999999993
0 0.9814455625 0.4505211666666667 0.03417899999999996 0.101562
0 0.984374875 0.5169268333333333 0.028320000000000012 0.08984399999999997
