0 0.3373044375 0.3435297647058823 0.09296900000000002 0.461176
0 0.0791015625 0.8023526470588235 0.160156 0.39058900000000013
0 0.2166013125 0.24411764705882352 0.150782 0.489412
0 0.45078125 0.4323530588235294 0.03984399999999999 0.33764700000000003
0 0.705858875 0.525588705882353 0.12265700000000002 0.17647
0 0.748046875 0.8261768235294118 0.153906 0.34470600000000007
0 0.811327875 0.4185290588235294 0.12109399999999992 0.38588300000000003
0 0.8365234375 0.8555880588235295 0.09296899999999997 0.285883
0 0.920703125 0.8220590000000001 0.06796900000000006 0.351765
0 0.97812525 0.7635292941176471 0.04062500000000002 0.3776470000000002
