0 0.7095703125 0.7475696666666667 0.057499999999999996 0.24111100000000008
0 0.1247265625 0.7591671111111111 0.09687499999999999 0.3488879999999999
0 0.214609375 0.7052776666666666 0.04375000000000001 0.21000000000000016
0 0.3002734375 0.6621523333333333 0.029374999999999984 0.13666699999999998
0 0.3805859375 0.6425694444444444 0.014374999999999971 0.047778
0 0.4325390625 0.6843745555555556 0.019374999999999976 0.08222299999999994
0 0.5196093749999999 0.7154171111111112 0.04375000000000001 0.16000000000000003
0 0.5652734375 0.6933335555555555 0.02937499999999993 0.11222200000000004
0 0.5850390625 0.6947912222222222 0.018124999999999947 0.10111199999999994
0 0.60359375 0.7064581111111111 0.024374999999999925 0.13
