0 0.0217578125 0.6538200614934114 0.010624999999999999 0.049719000000000006
0 0.1146484375 0.6698813191800879 0.03 0.05534700000000003
0 0.1326171875 0.667593448023426 0.023124999999999993 0.057223000000000065
0 0.1376171875 0.673221448023426 0.021875000000000006 0.057224000000000115
0 0.417890625 0.7311731537335285 0.05124999999999996 0.11913700000000006
0 0.64921875 0.83274060761347 0.08750000000000002 0.08442799999999995
0 0.6465625 0.8174329941434846 0.04874999999999996 0.09099400000000003
0 0.713515625 0.8197650248901903 0.05125000000000002 0.11538499999999999
0 0.7548046875 0.8303826383601757 0.06875000000000009 0.10600300000000012
0 0.798515625 0.8243417672035139 0.0525000000000001 0.10975599999999983
