0 0.091796875 0.7041596470588236 0.184375 0.5891209999999999
0 0.0240625 0.41865056209150325 0.04875 0.16067
0 0.0959375 0.409867045751634 0.04875 0.13974899999999998
0 0.1276953125 0.4074653921568627 0.026874999999999996 0.10292899999999998
0 0.1426171875 0.40595044444444445 0.023125000000000007 0.08953999999999995
0 0.188984375 0.3953348758169935 0.04374999999999998 0.08284499999999997
0 0.2741015625 0.41306096078431376 0.03375 0.112134
0 0.2930859375 0.48045528104575164 0.04625000000000001 0.281171
0 0.3208203125 0.43152066666666666 0.026875000000000038 0.134728
0 0.3548046875 0.4890857124183007 0.06937500000000002 0.271967
0 0.421015625 0.5222853464052287 0.08374999999999999 0.364017
0 0.45390625 0.5551778104575164 0.13374999999999998 0.3974899999999999
0 0.480234375 0.3922990130718954 0.10562499999999997 0.09874500000000005
0 0.5728515625 0.3895315490196079 0.03437499999999993 0.06527199999999996
0 0.6060546875 0.5840950326797385 0.10124999999999995 0.444351
0 0.637890625 0.3562722745098039 0.020625000000000004 0.03263600000000001
0 0.6646484375 0.3641700849673203 0.02937499999999993 0.02928799999999995
0 0.73671875 0.48014314379084966 0.05625000000000002 0.26527199999999995
0 0.8054296875 0.49039290196078433 0.06937499999999996 0.27698799999999996
0 0.837578125 0.40171177124183005 0.03562500000000002 0.10962400000000003
0 0.870859375 0.5291930718954249 0.07499999999999996 0.332217
0 0.9440625 0.5135445686274509 0.10999999999999999 0.408369
0 0.97953125 0.4982310718954248 0.03937500000000005 0.332217
