0 0.365234375 0.47618641666666667 0.731944 0.20185200000000006
0 0.0683375625 0.18469358333333333 0.127083 0.11388899999999998
0 0.32196225 0.23185741666666668 0.447222 0.16944499999999996
0 0.27092025 0.5923031666666666 0.040278000000000036 0.037963000000000115
0 0.303949875 0.5525175833333332 0.028471999999999997 0.05000000000000012
0 0.3262373125 0.58527225 0.056943999999999995 0.039814999999999934
0 0.3629986875 0.5469615833333333 0.03888900000000001 0.05185200000000001
0 0.4345266875 0.5306138333333333 0.03888900000000001 0.027777000000000013
0 0.464931 0.56345475 0.032638 0.055556000000000015
0 0.5036673125 0.5567420833333334 0.02638899999999994 0.034258999999999894
0 0.581379875 0.30564225 0.05972299999999997 0.03981500000000001
0 0.78029525 0.717361 0.384722 0.5629629999999999
