0 0.0362109375 0.5253748604992657 0.013749999999999998 0.04793199999999997
0 0.118515625 0.5419381483113068 0.020000000000000004 0.07706800000000004
0 0.2980859375 0.6054342980910425 0.295 0.17575200000000002
0 0.1662890625 0.5205580029368576 0.01874999999999999 0.04229300000000001
0 0.1892578125 0.5182674317180617 0.011249999999999982 0.046052000000000044
0 0.4620703125 0.6217082907488987 0.025624999999999953 0.07142899999999999
0 0.5099609375 0.6387420088105727 0.04624999999999996 0.125
0 0.56140625 0.6353935800293686 0.03937500000000005 0.12312
0 0.615859375 0.6530147254038179 0.04437500000000005 0.157895
0 0.615390625 0.5634972892804698 0.020625000000000004 0.051692000000000064
0 0.6346484375 0.6245261512481645 0.030625000000000013 0.11748200000000002
0 0.679765625 0.6220620029368576 0.019999999999999907 0.041352999999999966
0 0.7041015625 0.6608864375917768 0.03500000000000003 0.12781999999999996
0 0.707890625 0.5775364302496329 0.02124999999999999 0.02443700000000007
0 0.7293359375 0.635512577092511 0.013749999999999929 0.08082699999999998
0 0.7305859375 0.5760680014684287 0.01375000000000004 0.022557000000000063
0 0.749140625 0.6481978678414098 0.05125000000000002 0.15225599999999997
0 0.848671875 0.5931005800293686 0.028750000000000053 0.12123999999999999
0 0.896484375 0.6395652907488987 0.04312499999999997 0.07048899999999994
0 0.957890625 0.7010034449339207 0.08250000000000002 0.23120299999999996
