0 0.52203125 0.6186455 0.040000000000000036 0.141667
0 0.009765625 0.5209895833333333 0.02125 0.11333299999999998
0 0.0185546875 0.92973925 0.03875 0.13333399999999992
0 0.0374609375 0.9481770833333334 0.04625 0.09833299999999993
0 0.03046875 0.52578125 0.023750000000000004 0.10333300000000005
0 0.1270703125 0.9361979166666666 0.057499999999999996 0.12333299999999998
0 0.170625 0.5604163333333334 0.0325 0.10666699999999991
0 0.1830078125 0.54192675 0.04124999999999998 0.11833399999999994
0 0.1987890625 0.5013545 0.01874999999999999 0.11166599999999997
0 0.25921875 0.43265658333333334 0.023749999999999993 0.11333299999999998
0 0.3078515625 0.5639586666666666 0.03375 0.11499999999999999
0 0.3173046875 0.5956774166666666 0.03875000000000001 0.13833300000000004
0 0.6869921875 0.3563017499999999 0.022499999999999964 0.08666700000000009
0 0.9437890625 0.5875 0.018749999999999933 0.12666699999999995
