0 0.1012890625 0.6405304304538799 0.175625 0.32926800000000006
0 0.17203125 0.7908701669106881 0.289375 0.414634
0 0.1858984375 0.5449250322108345 0.124375 0.501876
0 0.28824218749999997 0.43010081698389463 0.084375 0.33864900000000003
0 0.405234375 0.79128203806735 0.07437500000000002 0.41275799999999985
0 0.471171875 0.7181464802342606 0.12249999999999994 0.5590999999999999
0 0.570546875 0.35645656515373353 0.08999999999999997 0.24014999999999997
0 0.6266015625 0.7178047071742313 0.16000000000000003 0.540338
0 0.8007421875 0.5261648184480234 0.396875 0.815197
0 0.63609375 0.3900691478770132 0.05625000000000002 0.20825500000000002
0 0.7239453125 0.3961187364568081 0.026874999999999982 0.08630300000000006
