0 0.14894531249999998 0.5024475833333333 0.15187499999999998 0.52
0 0.349765625 0.461458 0.08374999999999999 0.2825
0 0.4315625 0.4497395833333333 0.04812499999999997 0.17499999999999996
0 0.477421875 0.4271875 0.028749999999999998 0.11000000000000003
0 0.5057421875 0.42906249999999996 0.02312499999999995 0.07916699999999999
0 0.7065625 0.4399996666666666 0.016874999999999973 0.08583400000000004
0 0.734765625 0.4430205 0.020625000000000004 0.11166700000000003
0 0.7768359375 0.44786425 0.04499999999999993 0.16500000000000004
0 0.866328125 0.48390625 0.0675 0.2583330000000001
0 0.9716796875 0.5081770833333333 0.03749999999999998 0.09833299999999993
