0 0.4990234375 0.4810379241516966 0.999375 0.964194
0 0.129296875 0.716220125748503 0.24625 0.563938
0 0.1788671875 0.3264722854291417 0.21 0.644501
0 0.28226562499999996 0.6818866866267465 0.14625000000000002 0.346547
0 0.427421875 0.47904191616766467 0.215625 0.959079
0 0.372578125 0.3899489101796407 0.06687500000000002 0.45780100000000007
0 0.5039843749999999 0.499001996007984 0.324375 0.998721
0 0.6991796875 0.48902195608782434 0.25749999999999995 0.97954
0 0.898984375 0.49101796407185627 0.20000000000000007 0.984655
0 0.9605859375 0.44611529341317363 0.07687500000000003 0.649617
