0 0.158359375 0.06640658333333334 0.011874999999999997 0.049999999999999996
0 0.1795703125 0.6195315833333334 0.02687500000000001 0.08250000000000002
0 0.1884765625 0.06312466666666666 0.03375 0.115
0 0.24671875 0.54130175 0.025000000000000022 0.08750000000000006
0 0.2440625 0.43401074999999995 0.016875 0.0558330000000001
0 0.2998828125 0.39499966666666664 0.04125000000000001 0.08499999999999996
0 0.296484375 0.56484375 0.013124999999999998 0.0558330000000001
0 0.3803125 0.5885940833333333 0.04812500000000003 0.16
0 0.493359375 0.4522395833333333 0.04375000000000001 0.05166700000000005
0 0.49 0.5664065833333334 0.03312499999999996 0.05166599999999999
0 0.57515625 0.45817675 0.039999999999999925 0.055000000000000014
0 0.5775 0.56734375 0.03125 0.05666699999999988
0 0.6101171875 0.3180725833333333 0.023125000000000062 0.050000000000000044
0 0.6219921875 0.32156216666666665 0.023125000000000062 0.038334000000000014
0 0.6337109375 0.30953125 0.015000000000000013 0.03916700000000003
0 0.6419140625 0.30286425 0.018124999999999947 0.040834
0 0.6808203125 0.3035940833333333 0.05812499999999998 0.035833000000000004
0 0.8175 0.36015591666666663 0.03249999999999997 0.030834000000000028
0 0.8349609375 0.21328158333333333 0.014375000000000027 0.018333000000000006
0 0.8371875 0.2834899166666667 0.015625 0.03083299999999996
0 0.8490625 0.23057258333333333 0.016249999999999987 0.04999999999999997
0 0.8601953125 0.27348991666666667 0.026874999999999982 0.03083299999999996
0 0.8701171875 0.257083 0.021874999999999978 0.0625
