0 0.690625 0.744052329113924 0.12624999999999997 0.4812559999999999
0 0.16402343749999998 0.6645762784810126 0.091875 0.25329299999999993
0 0.2671875 0.6478095443037974 0.079375 0.19959400000000002
0 0.35421875 0.6133050379746836 0.08749999999999997 0.17223899999999992
0 0.4201953125 0.5986208101265823 0.05687500000000001 0.14690999999999993
0 0.4804296875 0.580577417721519 0.07 0.1306989999999999
0 0.5276171875 0.5726660253164557 0.053750000000000075 0.11448899999999994
0 0.5817578125 0.5676690759493671 0.04249999999999998 0.09422499999999993
0 0.6342578125 0.5449353544303797 0.04125000000000001 0.09726500000000007
0 0.6721484375 0.5525401265822786 0.030625000000000013 0.07092199999999989
0 0.748203125 0.5476561898734178 0.03562500000000002 0.10537
0 0.832734375 0.5477252405063291 0.043749999999999956 0.085106
0 0.8592578125 0.612041924050633 0.07250000000000001 0.16008099999999995
0 0.95546875 0.5354981898734178 0.05625000000000002 0.10739599999999994
