0 0.0576171875 0.6441620855457227 0.11625 0.43815
0 0.032695312500000004 0.4482859351032448 0.026875 0.08309699999999999
0 0.1551171875 0.46528293510324487 0.023125000000000007 0.08404099999999994
0 0.1619140625 0.5181629351032448 0.019374999999999976 0.08309699999999999
0 0.1769921875 0.4688805663716814 0.021874999999999978 0.09915000000000002
0 0.3212890625 0.5371494277286136 0.080625 0.184135
0 0.3099609375 0.5183884601769911 0.04500000000000004 0.141643
0 0.3825 0.6430632566371681 0.15625 0.3116150000000001
0 0.4062109375 0.44643491150442477 0.04625000000000001 0.20396599999999995
0 0.46078125 0.5478408289085546 0.040000000000000036 0.12747900000000004
0 0.5134765625 0.5824119115044247 0.06562499999999999 0.20491000000000004
0 0.6003515625 0.5726265339233039 0.034375000000000044 0.13975400000000002
0 0.6438671875 0.9694775988200591 0.08562499999999995 0.05760199999999988
0 0.6496484375 0.5698652300884955 0.030625000000000013 0.07176499999999994
0 0.6684375 0.5578772713864307 0.016874999999999973 0.11048199999999998
0 0.7648828125 0.9690645250737463 0.135 0.05948999999999994
0 0.8037890625 0.9154568702064897 0.17437499999999995 0.16619499999999998
0 0.7824609375 0.8527751327433629 0.10750000000000004 0.19546699999999995
0 0.786171875 0.7281998289085545 0.09125000000000005 0.129367
0 0.7578125 0.5709260825958702 0.016874999999999973 0.07932000000000006
0 0.788515625 0.6831167138643068 0.05249999999999999 0.09253999999999991
0 0.7852734375 0.6397340501474925 0.030625000000000013 0.11803500000000003
0 0.7982421875 0.5705201887905604 0.023125000000000062 0.03305099999999997
0 0.8387890625 0.6746926666666666 0.08125000000000004 0.336167
0 0.8926953125 0.6001990825958702 0.02562500000000001 0.07743100000000001
0 0.9183984375 0.6686391327433628 0.029999999999999916 0.19546700000000003
0 0.9144140625 0.6072856725663716 0.018749999999999933 0.05476800000000007
