0 0.0107421875 0.23158502489019034 0.023125 0.11538499999999999
0 0.02109375 0.23638928257686675 0.024375 0.12101300000000001
0 0.0815234375 0.22254579795021964 0.029375 0.133209
0 0.0980078125 0.22671066910688142 0.041874999999999996 0.129456
0 0.2117578125 0.3009693689604685 0.073125 0.281426
0 0.28375 0.555928578330893 0.15749999999999997 0.538461
0 0.3378125 0.2355655402635432 0.04749999999999999 0.128518
0 0.388046875 0.23767005563689603 0.02812500000000001 0.13789800000000002
0 0.4474609375 0.5680352591508052 0.13999999999999996 0.48592899999999994
0 0.5827734375 0.24243015373352853 0.02937500000000004 0.117261
0 0.625078125 0.23767005563689603 0.036250000000000004 0.13789800000000002
0 0.6419140625 0.10819583455344069 0.01937499999999992 0.065666
0 0.6614453125 0.24764628257686677 0.025624999999999898 0.12288999999999997
0 0.6991796875 0.2420182825768668 0.03874999999999995 0.121013
0 0.6977734375 0.23849379795021963 0.030625000000000013 0.13414600000000002
0 0.7363671875 0.22929715373352857 0.02187500000000009 0.11913699999999999
0 0.7926953125 0.4651438726207906 0.12062499999999998 0.47467200000000004
0 0.9383203125 0.2715024363103953 0.057499999999999996 0.23827399999999999
