0 0.046875 0.8096637188872622 0.09375 0.36017499999999986
0 0.4990234375 0.28257722840409955 0.999023 0.4612
0 0.0390628125 0.49780356515373353 0.07421799999999999 0.241581
0 0.0937498125 0.7847730380673498 0.166016 0.4128839999999999
0 0.1103515625 0.48023440556368957 0.06542999999999999 0.21376299999999998
0 0.3232425625 0.5139087554904832 0.06640600000000002 0.289898
0 0.441405875 0.8155199765739385 0.18359399999999998 0.36456800000000006
0 0.4824219375 0.480234467057101 0.07714799999999994 0.26354299999999997
0 0.5332028125 0.7906291361639823 0.16699299999999995 0.39092299999999996
0 0.57031225 0.48901859590043917 0.07031300000000007 0.263544
0 0.612305 0.4670574363103953 0.0625 0.2371889999999999
0 0.8173825 0.8286969458272327 0.171875 0.339678
