0 0.5135375625 0.7424743125 0.09640600000000005 0.3382360000000001
0 0.088963125 0.72408625 0.129085 0.38398699999999997
0 0.1237679375 0.549466375 0.045752 0.10620899999999994
0 0.170738875 0.7441466875 0.091503 0.32026199999999994
0 0.16424125 0.56393 0.07189499999999999 0.06372499999999992
0 0.207721 0.56584475 0.063725 0.08660100000000004
0 0.249169875 0.7490870625 0.091504 0.300654
0 0.2576781875 0.582823 0.08496799999999999 0.09477100000000005
0 0.331865625 0.742531875 0.08333299999999999 0.3088240000000001
0 0.3279785625 0.56221925 0.065359 0.10294100000000006
0 0.3381016875 0.59398025 0.068627 0.07189500000000004
0 0.4099775 0.6118966875 0.080065 0.09967300000000001
0 0.4164943125 0.746157375 0.08823500000000001 0.294118
0 0.4495701875 0.573695625 0.053921 0.08333299999999999
0 0.490719125 0.5978865 0.06699400000000005 0.08006500000000005
0 0.5149291874999999 0.5779018125 0.05392199999999997 0.10457500000000008
0 0.5668596875 0.6356906875 0.0702609999999999 0.13235299999999994
0 0.59234625 0.546875 0.07189500000000004 0.09477100000000005
0 0.614187125 0.739263875 0.09804000000000002 0.308824
0 0.649573625 0.624986875 0.052288 0.0898699999999999
0 0.67639425 0.5916504375 0.040849000000000024 0.09313700000000003
0 0.7053911875 0.737949 0.08496700000000001 0.31372600000000006
0 0.7253556875 0.571385 0.06862800000000002 0.09477099999999994
0 0.808759375 0.7713379375 0.19934700000000005 0.45261399999999996
0 0.7378278125 0.622714625 0.04248400000000008 0.08333400000000002
0 0.9148795 0.750102 0.07843100000000003 0.28267999999999993
0 0.9639186875 0.6502825625 0.068627 0.189542
