0 0.07734375 0.6068364375 0.056249999999999994 0.12343699999999991
0 0.1134765625 0.5021484375 0.034375 0.09218699999999996
0 0.121875 0.3837885625 0.032811999999999994 0.06562600000000002
0 0.2267573125 0.376563 0.026563000000000003 0.0625
0 0.4373041875 0.415234375 0.021876000000000007 0.07500000000000001
0 0.4718755 0.530859375 0.046875 0.10624999999999996
0 0.601953125 0.4869140625 0.035938000000000025 0.08124999999999993
0 0.6173828125 0.5943354375 0.042188 0.12343800000000005
0 0.6283203125 0.3962885625 0.026561999999999975 0.06562600000000002
0 0.6748041875 0.4250005 0.021876000000000007 0.078125
0 0.8501948125 0.4982421875 0.042188 0.08437500000000003
