0 0.0029296875 0.3248237364568082 0.0075 0.087242
0 0.06640625 0.8247372035139092 0.134375 0.3470919999999999
0 0.0426953125 0.4415067306002928 0.058124999999999996 0.17729800000000007
0 0.0379296875 0.3577008960468521 0.037500000000000006 0.11350799999999998
0 0.077265625 0.4043686632503661 0.0525 0.22232699999999994
0 0.087265625 0.31588054612005856 0.020000000000000004 0.036586000000000035
0 0.1925 0.7367510629575402 0.21875 0.52439
0 0.1133984375 0.42837273060029285 0.03 0.17636099999999988
0 0.121796875 0.3183969326500732 0.02812500000000001 0.04596699999999997
0 0.14406249999999998 0.4104095344070278 0.04875 0.21763600000000002
0 0.1540625 0.29478751537335285 0.015625 0.013133000000000011
0 0.1775 0.33950918448023426 0.031875000000000014 0.14071299999999995
0 0.206484375 0.3892454055636896 0.043125 0.21388400000000002
0 0.2308203125 0.35872621522694 0.02562499999999998 0.16604199999999994
0 0.2489453125 0.3684058286969253 0.025625000000000037 0.157598
0 0.2719140625 0.3309347057101025 0.019374999999999976 0.062851
0 0.29046875 0.4583139150805271 0.05625000000000002 0.3189490000000001
0 0.3288671875 0.32782209224011716 0.023125000000000007 0.07035599999999995
0 0.365546875 0.4626362035139092 0.06 0.346154
0 0.468984375 0.45426330161054174 0.07437499999999997 0.3264540000000001
0 0.529375 0.3238415768667643 0.03187499999999999 0.06097599999999998
0 0.558359375 0.4323455285505125 0.04312499999999997 0.3076920000000001
0 0.6076953125 0.4530266881405564 0.08937499999999998 0.334897
0 0.6376953125 0.3080078345534407 0.02562500000000001 0.06472800000000001
0 0.66375 0.4077529516837482 0.03312500000000007 0.249531
0 0.6807421875 0.42408688433382136 0.053749999999999964 0.293621
0 0.7156640625 0.23374141727672035 0.018124999999999947 0.03470899999999998
0 0.7227734375 0.31177805563689603 0.02937500000000004 0.138837
0 0.7679296875 0.4339930131771596 0.06937499999999996 0.296436
0 0.7480078125 0.29794328843338214 0.011249999999999982 0.03095700000000004
0 0.750234375 0.3297240307467057 0.012499999999999956 0.025328999999999977
0 0.756484375 0.3033437730600293 0.012500000000000067 0.019700000000000023
0 0.7906640625 0.415625663250366 0.04937500000000006 0.22045000000000003
0 0.836171875 0.4069551478770132 0.028124999999999956 0.209193
0 0.8652734375 0.39567220937042463 0.06187500000000001 0.25515899999999997
0 0.8902734375 0.47043881698389456 0.09250000000000003 0.336773
0 0.8905859375 0.2779456749633968 0.014374999999999916 0.038461000000000016
0 0.94640625 0.3970220805270863 0.07187500000000002 0.2542210000000001
0 0.9894140625 0.5467119267935578 0.018750000000000044 0.13696099999999997
