0 0.2072260625 0.7890625 0.08124999999999999 0.361458
0 0.3041015625 0.8104166666666668 0.09765600000000002 0.304167
0 0.3744138125 0.736458 0.041406 0.15625
0 0.444921625 0.7783854166666666 0.050781999999999994 0.10729200000000017
0 0.5033205625 0.8526041666666666 0.09687499999999993 0.19479200000000008
0 0.4751955625 0.7653642499999999 0.03359400000000001 0.07083400000000022
0 0.5302736875 0.7895833333333334 0.03906199999999993 0.13645799999999988
0 0.667578125 0.7450520833333334 0.035938000000000025 0.09895799999999995
0 0.771094 0.8981774166666666 0.15625 0.20104100000000003
0 0.730859375 0.7541670000000001 0.042969000000000035 0.09583299999999983
0 0.7841794375 0.6880208333333334 0.029688000000000048 0.05833299999999997
0 0.8658198125 0.6984371666666668 0.04140700000000008 0.09999999999999994
0 0.890234125 0.7932288333333334 0.06718800000000003 0.15312499999999987
