0 0.7896484375 0.7211979166666667 0.06187500000000001 0.12250000000000005
0 0.044921875 0.3571878333333333 0.090625 0.2775
0 0.4990234375 0.8501045 0.999375 0.29750000000000004
0 0.191640625 0.33786425 0.23875000000000002 0.290834
0 0.3691796875 0.3584895833333333 0.10062499999999996 0.23916700000000005
0 0.583359375 0.6483854166666666 0.26187499999999997 0.23416700000000001
0 0.5184765625000001 0.36760383333333335 0.1275 0.21500000000000005
0 0.5447265625 0.5048437499999999 0.03500000000000003 0.05666699999999995
0 0.7425 0.38526075 0.313125 0.2441660000000001
0 0.9161328125 0.533333 0.16625 0.12750000000000003
