0 0.2134765625 0.5673833125000001 0.12812500000000002 0.27656200000000003
0 0.29765575 0.5740234375 0.08593800000000001 0.24999999999999994
0 0.3568359375 0.5740234375 0.10781200000000002 0.185938
0 0.43828125 0.53203075 0.10312499999999997 0.36875100000000005
0 0.56875 0.56640625 0.06406200000000006 0.16562500000000002
0 0.582422375 0.5322270625000001 0.07499999999999996 0.20625
0 0.674609375 0.5640625 0.07500000000000007 0.17343799999999998
0 0.791796875 0.478125 0.09062500000000007 0.09531299999999998
0 0.919140625 0.57109325 0.08281299999999991 0.19531299999999996
0 0.982813 0.574608875 0.03125 0.21562599999999998
