0 0.8632815 0.7147059411764706 0.20410099999999998 0.567647
0 0.0693359375 0.7485294117647059 0.139648 0.49852900000000006
0 0.0830078125 0.5602939411764706 0.166992 0.31764699999999996
0 0.15527356250000002 0.5044121764705882 0.16015600000000002 0.35882299999999995
0 0.27539075 0.7514702352941177 0.33788999999999997 0.492647
0 0.2705074375 0.5058819999999999 0.12402400000000002 0.3
0 0.40722625 0.488235 0.133789 0.25
0 0.39062525 0.20000011764705883 0.041015000000000024 0.12205900000000001
0 0.491211375 0.5205884705882353 0.137695 0.282353
0 0.61816425 0.5647057058823529 0.16601500000000002 0.32352999999999993
0 0.7382815 0.6352944117647059 0.17285099999999998 0.44852899999999996
