0 0.14070312499999998 0.5020836666666667 0.036875000000000005 0.14666600000000005
0 0.2933203125 0.4699479166666667 0.026874999999999982 0.05999999999999998
0 0.316171875 0.5221878333333333 0.02812500000000001 0.15333299999999994
0 0.345 0.5063538333333334 0.03125 0.151667
0 0.4117578125 0.5127083333333333 0.041874999999999996 0.135833
0 0.4577734375 0.4948434166666667 0.030000000000000027 0.13833399999999996
0 0.5119921875 0.5195315833333334 0.021874999999999978 0.08250000000000002
0 0.5365234375 0.5025000000000001 0.030000000000000027 0.125833
0 0.56109375 0.49859375 0.024375000000000036 0.11833299999999995
0 0.6170703125 0.49520800000000004 0.026249999999999996 0.0949999999999999
0 0.6554296875 0.47828125 0.03749999999999998 0.10333300000000005
0 0.6993359375 0.5193746666666667 0.04500000000000004 0.1775
0 0.7551171875 0.4921871666666666 0.05312499999999998 0.06916700000000005
