0 0.2730078125 0.5319274166666667 0.19874999999999998 0.576666
0 0.03515625 0.9626562499999999 0.070625 0.07166700000000015
0 0.10421875 0.9522399166666666 0.05562500000000001 0.0925000000000001
0 0.2256640625 0.967083 0.04999999999999996 0.06333400000000007
0 0.2580078125 0.967083 0.04125000000000001 0.06333400000000007
0 0.32625 0.9846878333333332 0.03250000000000003 0.027500000000000153
0 0.4311328125 0.6653645833333334 0.166875 0.3325
0 0.4580859375 0.9646871666666668 0.16999999999999998 0.06833399999999996
0 0.5536328125 0.7029166666666667 0.0737500000000001 0.27333300000000005
0 0.5812109375 0.9718746666666668 0.04562500000000003 0.05333399999999999
0 0.980546875 0.9674479166666666 0.028749999999999942 0.06166700000000006
