0 0.0078125 0.3930016204379562 0.0175 0.08776899999999997
0 0.027421875 0.4222880802919708 0.028125000000000004 0.05975699999999997
0 0.0640625 0.39529243065693426 0.048749999999999995 0.132586
0 0.14125 0.4208358613138686 0.125625 0.26423899999999995
0 0.2609765625 0.397314496350365 0.03437499999999999 0.07096200000000004
0 0.508515625 0.45285724087591245 0.30125 0.577965
0 0.380546875 0.4036287445255474 0.02749999999999997 0.107376
0 0.454921875 0.4019461386861314 0.02812500000000001 0.14005599999999999
0 0.539765625 0.38191632846715334 0.05249999999999999 0.09430400000000001
0 0.65984375 0.4215541386861314 0.05500000000000005 0.138189
0 0.733203125 0.41910926277372257 0.03562500000000002 0.15686200000000003
0 0.9171875 0.418324299270073 0.07999999999999996 0.25676899999999997
