0 0.0830078125 0.4806770833333333 0.1675 0.22166700000000006
0 0.09375 0.65630175 0.18875 0.33833399999999997
0 0.2048828125 0.4857291666666667 0.135 0.16333299999999995
0 0.230390625 0.3972399166666667 0.05124999999999999 0.09333299999999996
0 0.259140625 0.40244825 0.05124999999999996 0.10333299999999997
0 0.456171875 0.78869825 0.33999999999999997 0.4166659999999999
0 0.3513671875 0.5140621666666667 0.11624999999999996 0.16166699999999992
0 0.3668359375 0.4031770833333333 0.07625000000000004 0.098333
0 0.46109375 0.6073955 0.18124999999999997 0.32833400000000007
0 0.44484375 0.36661458333333335 0.05499999999999999 0.14500000000000002
0 0.4534375 0.4226038333333333 0.04749999999999999 0.09000000000000008
0 0.586796875 0.6540100833333332 0.18374999999999997 0.22333400000000006
0 0.708046875 0.5540628333333334 0.12250000000000005 0.24666599999999997
0 0.7926171875 0.7859895833333334 0.24124999999999996 0.3633330000000001
0 0.7482421875 0.512083 0.08499999999999996 0.19000000000000003
0 0.8266796875 0.4712496666666666 0.07000000000000006 0.1466670000000001
0 0.8976171875 0.68276075 0.11625000000000008 0.24333299999999994
0 0.8934375 0.4566145833333333 0.04749999999999999 0.14500000000000002
0 0.909296875 0.4721350833333333 0.05999999999999994 0.12999999999999998
