0 0.044921875 0.5627844552129222 0.090625 0.375352
0 0.4990234375 0.550410778267254 0.999375 0.8965190000000001
0 0.2211328125 0.7472808928046989 0.323125 0.501411
0 0.1128515625 0.31000102936857565 0.0975 0.41392300000000004
0 0.1585546875 0.464651161527166 0.13124999999999998 0.26340499999999994
0 0.168125 0.2610627298091043 0.06312500000000001 0.22013200000000002
0 0.30570312499999996 0.7545771776798826 0.22437500000000002 0.4882410000000001
0 0.34109375 0.49603873421439054 0.08750000000000002 0.279398
0 0.403828125 0.2858204434654919 0.130625 0.209783
0 0.4372265625 0.6279690293685756 0.12812499999999993 0.412983
0 0.549296875 0.7599924625550661 0.24624999999999997 0.47695200000000004
0 0.7082421875 0.7576978913362702 0.27312499999999995 0.480715
0 0.6352734375 0.44677858149779737 0.09187500000000004 0.14205000000000004
0 0.822109375 0.7170644552129222 0.23062499999999997 0.37347099999999994
0 0.8230859375 0.2752885873715125 0.07687499999999992 0.22389399999999995
0 0.906796875 0.6979748810572688 0.18437500000000007 0.33490099999999995
0 0.899453125 0.4482470102790015 0.0675 0.145813
0 0.9310546875 0.3083974434654919 0.10125000000000006 0.20884300000000003
0 0.95484375 0.650111738619677 0.08750000000000002 0.34336800000000006
