0 0.2955859375 0.8317658766519823 0.07750000000000001 0.27375400000000005
0 0.4384765625 0.6527007635829662 0.8775 0.691439
0 0.7228125 0.5794688604992658 0.01750000000000007 0.04797700000000004
0 0.81609375 0.5698770044052863 0.024375000000000036 0.06302999999999999
0 0.8910546875 0.6348338634361234 0.038124999999999964 0.088429
0 0.908984375 0.5492051439060205 0.012500000000000067 0.01599200000000002
0 0.93453125 0.6580990088105726 0.03937499999999994 0.1260590000000001
0 0.92578125 0.5525545726872247 0.009375000000000022 0.017873999999999904
0 0.9340625 0.5565472878120411 0.016249999999999987 0.03104400000000008
0 0.9365625 0.5892884317180617 0.01750000000000007 0.044214999999999983
0 0.939609375 0.6140461453744493 0.013125000000000053 0.036689
0 0.947421875 0.6329070044052864 0.028125000000000067 0.06397000000000004
0 0.953515625 0.5595531439060206 0.020625000000000004 0.016932999999999962
0 0.9694140625 0.5525545726872247 0.01937500000000003 0.017873999999999904
0 0.98765625 0.5469105726872246 0.008750000000000036 0.017873999999999987
