0 0.5383203125 0.5629684166666666 0.05687500000000001 0.1716670000000001
0 0.0439453125 0.6078125 0.089375 0.141667
0 0.27058593750000004 0.5513545000000001 0.04500000000000001 0.11166599999999997
0 0.2931640625 0.5580205 0.05062500000000003 0.11000000000000003
0 0.4228125 0.5608333333333333 0.04750000000000004 0.16750000000000007
0 0.477734375 0.56286425 0.04375000000000001 0.16416700000000004
0 0.5726171875 0.5195315833333334 0.02312499999999995 0.08250000000000002
0 0.6109375 0.5087503333333333 0.016874999999999973 0.10500000000000005
0 0.8720703125 0.4920315833333333 0.02562500000000001 0.08249999999999995
0 0.8792578125 0.4353125 0.010624999999999996 0.017499999999999998
0 0.9728125 0.48218716666666667 0.016875000000000084 0.06916699999999991
