0 0.1916796875 0.5023320307467057 0.0062500000000000056 0.023451999999999928
0 0.2384375 0.5382776442166911 0.015625 0.01688500000000004
0 0.25234375 0.5863481595900439 0.024375000000000008 0.02907999999999995
0 0.2775390625 0.5364016442166911 0.01937500000000003 0.016884999999999956
0 0.277734375 0.5551626442166911 0.012500000000000011 0.015947999999999952
0 0.3105859375 0.5491227730600293 0.013749999999999984 0.017823000000000016
0 0.3345703125 0.566648159590044 0.026874999999999982 0.027204
0 0.3748046875 0.5882241595900439 0.038124999999999964 0.027204
0 0.4452734375 0.5923880307467058 0.030625000000000013 0.025328999999999935
0 0.5319921875 0.5430819019033675 0.021874999999999978 0.020638000000000083
0 0.6074609375 0.8746482767203514 0.10750000000000004 0.21200700000000003
0 0.61328125 0.7167334421669107 0.07187500000000002 0.14915600000000012
