0 0.423828125 0.5849981313868613 0.0675 0.28011199999999997
0 0.1240234375 0.8608492773722629 0.249375 0.27544300000000005
0 0.2876171875 0.783869496350365 0.05375000000000002 0.07282900000000005
0 0.30875 0.9581840583941607 0.06312499999999999 0.08029800000000005
0 0.33890625 0.8919057226277373 0.10249999999999998 0.12605
0 0.4090625 0.9559089124087591 0.109375 0.08403300000000011
0 0.430078125 0.8561206204379562 0.06812500000000005 0.08963600000000002
0 0.5105859374999999 0.7950734963503648 0.07687499999999997 0.07282900000000005
0 0.5176953125 0.8361721605839416 0.08937499999999998 0.11858099999999998
0 0.5273046875 0.9429035985401459 0.07 0.1101770000000001
0 0.5328515625 0.9721223722627736 0.034375000000000044 0.0532210000000001
0 0.57671875 0.9550936204379563 0.05500000000000005 0.08776800000000001
0 0.6097265625 0.9673356642335765 0.06562499999999993 0.04948600000000004
0 0.69703125 0.5897034890510949 0.07187500000000002 0.21288499999999996
0 0.8355859375 0.8192914452554745 0.326875 0.2521009999999999
0 0.778828125 0.5350443284671532 0.0675 0.09430399999999997
0 0.837421875 0.9429035985401459 0.09125000000000005 0.1101770000000001
0 0.8526171875 0.5435660364963504 0.053749999999999964 0.09990699999999995
0 0.8918359375 0.9671649343065694 0.04500000000000004 0.06255800000000011
0 0.915 0.5417500583941605 0.0625 0.08029900000000001
0 0.93421875 0.9555007664233576 0.08625000000000005 0.08590100000000013
0 0.933671875 0.9060814525547445 0.05999999999999994 0.11111100000000003
0 0.9545703125 0.8626045985401459 0.08812500000000001 0.10831000000000005
0 0.9740625 0.544025204379562 0.04874999999999996 0.07656399999999995
