0 0.264609375 0.2305208333333333 0.013124999999999998 0.027500000000000007
0 0.2852734375 0.24468716666666665 0.030625000000000013 0.06833400000000005
0 0.3294140625 0.23260383333333334 0.05062500000000003 0.09083400000000001
0 0.4230859375 0.230208 0.04562499999999997 0.09583400000000002
0 0.4775 0.24062533333333333 0.03187500000000004 0.07500000000000002
0 0.665703125 0.49734341666666665 0.1306250000000001 0.64
0 0.775546875 0.47338575 0.15250000000000008 0.65
0 0.777109375 0.21682291666666667 0.011874999999999969 0.02916699999999998
0 0.7836328125 0.21921875 0.010624999999999996 0.025833000000000033
0 0.8511328125 0.23786458333333335 0.04250000000000009 0.08250000000000002
0 0.9159375 0.238958 0.015625 0.03249999999999997
0 0.9494140625 0.2230211666666667 0.01937499999999992 0.06833299999999998
