0 0.7381640625 0.658671875 0.08187500000000003 0.21562499999999996
0 0.0980859375 0.8296875 0.076875 0.11124999999999996
0 0.297421875 0.6134375 0.06 0.203125
0 0.307109375 0.80234375 0.044375 0.05499999999999994
0 0.359375 0.80015625 0.06312499999999999 0.07187500000000002
0 0.388046875 0.6488671875 0.06 0.17937499999999995
0 0.580859375 0.8296484375 0.07500000000000007 0.09187500000000004
0 0.6451171875 0.8887890625 0.08562499999999995 0.11250000000000004
0 0.68359375 0.54171875 0.05625000000000002 0.11749999999999994
0 0.7605859375 0.9058203125 0.04625000000000001 0.05812500000000009
