0 0.350625 0.7300574853801169 0.03187499999999999 0.12921399999999986
0 0.3558984375 0.6709706959064328 0.030625000000000013 0.07677899999999993
0 0.5259375 0.6758327543859649 0.016250000000000098 0.06367100000000003
0 0.53578125 0.6708557192982456 0.009375000000000022 0.07303400000000003
0 0.5819140625 0.6793976959064327 0.01937500000000003 0.07677900000000001
0 0.5980859375 0.6737796959064327 0.013749999999999929 0.07865099999999998
0 0.6249609375 0.6752416842105263 0.015000000000000013 0.08052400000000001
0 0.7459765625 0.7171956257309942 0.034375000000000044 0.09550600000000006
0 0.824296875 0.7056146959064328 0.028124999999999956 0.07677900000000001
0 0.851171875 0.7047936725146199 0.028124999999999956 0.08239700000000003
