0 0.14913793749999998 0.8171356825396826 0.10934400000000001 0.11515100000000004
0 0.281188 0.8211398095238095 0.12524800000000003 0.11919199999999999
0 0.4193415625 0.814015 0.12723600000000002 0.12525299999999995
0 0.4628344375 0.4813492063492064 0.155069 0.16363599999999995
0 0.6060103125 0.49761882539682534 0.15109399999999995 0.15151500000000007
0 0.611208 0.8161436190476191 0.12524800000000003 0.11313100000000005
0 0.6919865625 0.5182174285714286 0.09741599999999995 0.10909100000000001
0 0.7281910625 0.5417932222222224 0.049702000000000024 0.07070699999999992
0 0.7653701875 0.8171356825396826 0.115309 0.11515100000000004
0 0.788600375 0.5366884126984126 0.07554700000000003 0.07676799999999999
0 0.8927118125 0.8171356825396826 0.10536800000000002 0.11515100000000004
0 0.895782 0.5417932222222224 0.09542700000000004 0.07070699999999992
0 0.9747469375 0.6339650000000001 0.045726000000000044 0.37575700000000006
