0 0.028636115044247786 0.19226383333333333 0.036718999999999995 0.12099300000000002
0 0.03355253588987217 0.31654750000000004 0.046093999999999996 0.17373300000000003
0 0.06584009341199606 0.41214325 0.06328099999999999 0.22854199999999994
0 0.08398424090462142 0.19115041666666666 0.05781200000000001 0.16959700000000003
0 0.11039823008849557 0.4581430833333333 0.071094 0.223372
0 0.14283379842674535 0.312985 0.07578099999999999 0.18924500000000002
0 0.16869520845624386 0.5684055 0.098438 0.329887
0 0.15096995673549657 0.1810775 0.055467999999999996 0.173733
0 0.19322403933136675 0.63263925 0.13281199999999999 0.29162299999999997
0 0.24478603933136678 0.7193128333333334 0.133594 0.309204
0 0.21324053588987216 0.14369816666666665 0.046094 0.131334
0 0.22798979842674533 0.4255499166666667 0.07578099999999997 0.21716599999999997
0 0.22687183087512292 0.2162039166666667 0.035155999999999986 0.092037
0 0.2528146509341199 0.4962136666666666 0.08203100000000002 0.23991700000000002
0 0.3281372910521141 0.8710281666666666 0.17656299999999997 0.22543900000000017
0 0.2730462409046215 0.30559091666666666 0.05781300000000002 0.21716700000000003
0 0.3039198092428712 0.28781850000000003 0.0625 0.235781
0 0.31861479842674534 0.57679625 0.075781 0.29162299999999997
0 0.3603034926253687 0.6547363333333333 0.10078100000000001 0.324716
0 0.3636451042281219 0.30375266666666667 0.04921800000000001 0.20889400000000002
0 0.4066402409046214 0.3373808333333333 0.05859400000000007 0.214064
0 0.5072727118977385 0.8204644166666667 0.18515599999999993 0.32678400000000013
0 0.4928066617502458 0.40375349999999993 0.06718800000000005 0.2657700000000001
0 0.5471172300884956 0.4678695 0.07187499999999995 0.267839
0 0.65672065093412 0.42305875 0.08125000000000002 0.2430190000000001
0 0.7464427767944937 0.6151339166666666 0.10234399999999999 0.31023799999999996
0 0.730104377581121 0.42612716666666667 0.0656249999999999 0.16339199999999998
0 0.8445033451327434 0.6047555833333332 0.10703199999999988 0.30196400000000007
0 0.9051043775811208 0.5370051666666668 0.06562500000000013 0.22440499999999997
0 0.9182102300884957 0.379977 0.07109399999999999 0.127197
0 0.9700431150442477 0.3787916666666667 0.036718000000000035 0.08479799999999993
