0 0.6709375 0.5199183333333334 0.078125 0.21875
0 0.26796875 0.6131459047619048 0.11812500000000001 0.21112800000000004
0 0.344765625 0.5641696190476191 0.051875000000000004 0.2400909999999999
0 0.3694921875 0.42951495238095233 0.053749999999999964 0.15625
0 0.3998046875 0.38126476190476183 0.03812500000000002 0.12576200000000007
0 0.70765625 0.4160355238095238 0.03937500000000005 0.14786500000000005
0 0.7379296875 0.3803064761904762 0.038124999999999964 0.15472500000000003
0 0.73484375 0.3078109047619048 0.024375000000000036 0.11127999999999996
0 0.8147265625 0.43565623809523807 0.03375000000000006 0.178354
0 0.864609375 0.45548061904761905 0.07499999999999996 0.13948199999999997
