0 0.0224609375 0.2741762401171303 0.045 0.2804879999999999
0 0.0575 0.17715959004392387 0.095 0.355535
0 0.0953125 0.17247730746705708 0.04875 0.23545999999999997
0 0.1328125 0.19595524597364564 0.04749999999999999 0.188556
0 0.4936328125 0.18154247291361642 0.073125 0.17260799999999998
0 0.5798046875 0.19760373060029282 0.03874999999999995 0.17636
0 0.6237109375 0.23083138067349923 0.07687500000000003 0.10131300000000001
0 0.7183984375 0.20756273645680823 0.030625000000000013 0.08536599999999998
0 0.7658984375 0.19378934992679356 0.030625000000000013 0.076923
0 0.8771484375 0.09467690190336749 0.02937499999999993 0.021576000000000005
0 0.9065234375 0.10744219033674964 0.02937500000000004 0.05253200000000002
0 0.9296484375 0.11160606149341142 0.030625000000000013 0.048781000000000005
0 0.9575390625 0.3331455475841874 0.08187500000000003 0.515009
0 0.95390625 0.25360833821376283 0.07187500000000002 0.257974
