0 0.0772265625 0.3285420805270864 0.065625 0.25234500000000004
0 0.1358984375 0.4276632459736457 0.06125 0.18855500000000003
0 0.143984375 0.3011614421669107 0.074375 0.148218
0 0.2209375 0.5930302035139092 0.17312499999999997 0.34802999999999995
0 0.2177734375 0.2969706325036603 0.06125 0.19887500000000005
0 0.2143359375 0.25368715373352857 0.04625000000000001 0.11913700000000002
0 0.27253906250000004 0.4840797247437774 0.08062499999999997 0.26735500000000006
0 0.2774609375 0.2997232518301611 0.04625000000000001 0.099437
0 0.44234375 0.7188829033674964 0.30624999999999997 0.49812400000000007
0 0.3503515625 0.3122523074670571 0.065 0.23452200000000004
0 0.480234375 0.3361603382137628 0.043749999999999956 0.25891200000000003
0 0.5184375 0.3386507862371889 0.04749999999999999 0.31519699999999995
0 0.5930859375 0.4097614304538799 0.07687499999999992 0.33020599999999994
0 0.6103515625 0.2710982825768668 0.034375000000000044 0.12101399999999998
0 0.6455078125 0.32350930746705714 0.04125000000000001 0.23452199999999995
0 0.6486328125 0.25638689604685216 0.04125000000000001 0.113509
0 0.6762109375 0.37461362079062954 0.07687499999999992 0.37898699999999996
0 0.730234375 0.3791980805270864 0.043749999999999956 0.25328399999999995
0 0.773828125 0.3753577613469986 0.06687500000000002 0.20075099999999996
