0 0.0576171875 0.6880969411764706 0.11625 0.4670430000000001
0 0.0681640625 0.4011273529411765 0.1125 0.26459499999999997
0 0.210390625 0.6378609411764706 0.30125 0.6158199999999999
0 0.1103515625 0.29821629411764705 0.06625 0.177966
0 0.17453125 0.2848009411764706 0.070625 0.16666700000000004
0 0.28609375000000004 0.6018164705882353 0.21124999999999997 0.48305099999999995
0 0.2237109375 0.2720313529411765 0.07812499999999997 0.163842
0 0.28792968750000003 0.31463670588235293 0.1 0.176083
0 0.3784375 0.2613655294117647 0.11000000000000004 0.21845599999999998
0 0.38625 0.33504488235294116 0.09562500000000002 0.23163799999999998
0 0.47703125 0.5733245294117647 0.22812500000000002 0.517891
0 0.4266015625 0.2201784705882353 0.06625000000000003 0.183616
0 0.5128125 0.28650388235294116 0.109375 0.18173299999999995
0 0.6505859375 0.271798 0.10749999999999993 0.152543
0 0.689921875 0.21936423529411764 0.059374999999999956 0.143126
0 0.7923046875 0.34708364705882355 0.09999999999999998 0.33898300000000003
0 0.846640625 0.20731388235294118 0.05249999999999999 0.081921
0 0.896484375 0.3257973529411765 0.07437499999999997 0.26459499999999997
0 0.923828125 0.3516231764705882 0.09812500000000002 0.3069680000000001
0 0.9740625 0.45820623529411764 0.04874999999999996 0.2919019999999999
