0 0.954375 0.6726357247437774 0.06437500000000007 0.267354
0 0.1712890625 0.5107049326500732 0.01874999999999999 0.04596600000000004
0 0.1914453125 0.5035417057101025 0.02562500000000001 0.06378999999999994
0 0.2120703125 0.4908829575402635 0.02562500000000001 0.159475
0 0.26472656250000004 0.5035417057101025 0.03437499999999996 0.06378999999999994
0 0.3126171875 0.5094683191800878 0.023125000000000007 0.055348
0 0.418359375 0.6962009824304539 0.07437500000000002 0.27486
0 0.425625 0.29632252855051244 0.06375000000000003 0.30956900000000004
0 0.4291015625 0.37632269985358713 0.06625000000000003 0.15384599999999996
0 0.498046875 0.6829547247437774 0.05874999999999997 0.26735400000000015
0 0.5259765625 0.6376098901903368 0.03500000000000003 0.203565
0 0.577109375 0.6229686017569546 0.07437499999999997 0.17542300000000002
0 0.5939453125 0.7191720131771596 0.05687500000000001 0.296435
0 0.648359375 0.7936045651537333 0.10625000000000007 0.24014999999999997
0 0.634375 0.7083441054172768 0.0625 0.3667919999999999
0 0.689609375 0.5948784787701318 0.01187500000000008 0.08161399999999994
0 0.7101171875 0.6003231229868229 0.021874999999999978 0.0947469999999999
0 0.7939453125 0.6181902825768668 0.026874999999999982 0.12288999999999993
0 0.8482421875 0.6024276383601757 0.02312499999999995 0.10600300000000012
0 0.865 0.6328056325036604 0.03187499999999999 0.19793599999999992
0 0.8939453125 0.5236977364568083 0.02562500000000001 0.08630399999999998
0 0.922734375 0.5061281903367497 0.011874999999999969 0.05159499999999995
0 0.9469921875 0.5062424480234261 0.021874999999999978 0.058160999999999956
0 0.9546484375 0.35706050951683743 0.030625000000000013 0.10412799999999997
0 0.9825 0.5075222210834553 0.03249999999999997 0.07504699999999996
0 0.9903125 0.6411343748169839 0.016874999999999973 0.19230799999999998
