0 0.173515625 0.7113157364568082 0.05124999999999999 0.08630300000000002
0 0.1683203125 0.7423158960468522 0.026874999999999982 0.11163199999999987
0 0.2024609375 0.7372571844802343 0.04500000000000001 0.142589
0 0.2245703125 0.7433681537335286 0.02562499999999998 0.1191369999999999
0 0.25179687500000003 0.7084306383601757 0.05999999999999997 0.106004
0 0.2791015625 0.7890979209370425 0.065 0.22701700000000002
0 0.3469140625 0.7718000497803806 0.04999999999999999 0.23077000000000006
0 0.386171875 0.7876779516837481 0.06 0.25046899999999994
0 0.4204296875 0.7529948901903368 0.03812500000000002 0.203565
0 0.4446484375 0.7443944729136164 0.029374999999999984 0.17073100000000005
0 0.474453125 0.7190914114202049 0.03687500000000005 0.12476599999999997
