0 0.03984325 0.47343716666666663 0.039063 0.1937500000000001
0 0.05546825 0.3453128333333333 0.039063 0.058333000000000045
0 0.0623041875 0.4700524166666667 0.053125000000000006 0.233333
0 0.07363331249999999 0.352083 0.026561999999999995 0.06458400000000004
0 0.2779296875 0.654167 0.38125 0.6875
0 0.1060541875 0.3906246666666666 0.021876000000000007 0.11666700000000003
0 0.3662109375 0.4242184166666667 0.10781200000000002 0.170834
0 0.46640625 0.49973925 0.10312500000000002 0.258334
0 0.5201171875 0.3697913333333333 0.021874999999999978 0.075
0 0.5431645625 0.4052086666666666 0.034375000000000044 0.11666600000000009
0 0.558203125 0.379167 0.035938000000000025 0.06458299999999999
0 0.8037109375 0.43723925 0.38906300000000005 0.19583399999999998
