0 0.142578125 0.516726429844098 0.03562499999999999 0.09129800000000003
0 0.1725 0.557543144766147 0.033125000000000016 0.134094
0 0.3035546875 0.5161006013363029 0.03875000000000001 0.09700399999999997
0 0.3526953125 0.5276869443207126 0.025624999999999953 0.10413699999999998
0 0.5091015624999999 0.5378472873051224 0.03437499999999999 0.11412300000000009
0 0.535859375 0.5376729443207127 0.04437499999999994 0.10556299999999992
0 0.673203125 0.532417429844098 0.03687499999999999 0.09272499999999999
0 0.7220703125 0.5161006013363029 0.026874999999999982 0.09700399999999997
0 0.8251171875 0.5584451158129177 0.053750000000000075 0.10841599999999996
0 0.899453125 0.5292157438752784 0.036250000000000004 0.07560600000000005
