0 0.05269075 0.44851070473083193 0.08750000000000001 0.5359630000000001
0 0.1873483125 0.42414355628058725 0.24583300000000002 0.851508
0 0.282639 0.43723931484502443 0.0625 0.37122999999999995
0 0.4644749375 0.44111499021207184 0.20138899999999993 0.549884
0 0.4912981875 0.4184661060358891 0.022221999999999964 0.06496500000000004
0 0.494748375 0.4254271060358891 0.012499999999999956 0.06264499999999996
0 0.5427734375 0.4448889934747145 0.061111000000000026 0.36658900000000005
0 0.6985029375 0.4244844632952692 0.015276999999999985 0.055684000000000025
0 0.7026689375 0.4249913915171289 0.015278000000000014 0.076566
0 0.7254560625 0.430321070146819 0.018054999999999932 0.07192499999999999
0 0.7990234375 0.41899562805872753 0.12361099999999992 0.8306270000000001
0 0.7494795 0.4186478564437194 0.01666600000000007 0.039442999999999964
0 0.822959625 0.522904564437194 0.08333400000000002 0.3944320000000001
0 0.887282875 0.43941931973898857 0.02777799999999997 0.09512800000000002
0 0.89835025 0.435649748776509 0.009723000000000037 0.06960600000000003
0 0.951432625 0.43847767699836876 0.02083299999999999 0.088167
0 0.99418425 0.48582331973898857 0.008333000000000035 0.09512800000000002
