0 0.078125 0.6861554436310395 0.156875 0.6247659999999999
0 0.098359375 0.541287289897511 0.168125 0.507504
0 0.118203125 0.4803718843338214 0.06749999999999999 0.294559
0 0.195078125 0.5635814919472913 0.09875 0.37711000000000006
0 0.270625 0.5784780204978038 0.18874999999999997 0.6848030000000002
0 0.2913671875 0.23742331918008788 0.021874999999999978 0.055348
0 0.319609375 0.21214898243045385 0.07500000000000001 0.27298300000000003
0 0.3455078125 0.517230345534407 0.07250000000000001 0.644465
0 0.4446875 0.4934278550512445 0.14125 0.7467170000000001
0 0.40421875 0.2025309633967789 0.02437499999999998 0.06847999999999997
0 0.4802734375 0.2374415402635432 0.06124999999999997 0.126642
0 0.5403515624999999 0.5039129897510981 0.09749999999999998 0.661351
0 0.556875 0.2102547613469985 0.09499999999999997 0.19981300000000002
0 0.6329296875 0.491147701317716 0.10124999999999995 0.6303939999999999
0 0.67671875 0.5448030571010248 0.11874999999999991 0.6172610000000001
0 0.7042578125 0.2624901478770132 0.07250000000000001 0.20825499999999997
0 0.73 0.1724418653001464 0.06374999999999997 0.09005599999999997
0 0.788671875 0.47485892825768666 0.15374999999999994 0.6135079999999999
0 0.7553125 0.21627741142020496 0.07999999999999996 0.12476600000000003
0 0.8087109375 0.5132498301610541 0.10875000000000001 0.635085
0 0.8469921875 0.23865121522694 0.08562499999999995 0.166042
0 0.9087890625 0.21691779795021962 0.08124999999999993 0.133208
0 0.9234375 0.5327654743777452 0.11062499999999997 0.6472800000000001
