0 0.0995703125 0.58984375 0.058124999999999996 0.055000000000000014
0 0.1706640625 0.5891149166666666 0.05000000000000002 0.06000000000000005
0 0.2149609375 0.6101041666666668 0.07624999999999998 0.13083299999999998
0 0.340703125 0.6115104166666666 0.0675 0.26499999999999996
0 0.5702734375 0.6194791666666667 0.06187500000000001 0.224167
0 0.724296875 0.5947916666666666 0.05937500000000007 0.24083300000000016
0 0.7575 0.5997916666666666 0.0631250000000001 0.240833
0 0.768515625 0.6096350833333334 0.05249999999999999 0.253334
0 0.7924609375 0.616875 0.04625000000000001 0.22000000000000006
0 0.816953125 0.5958333333333333 0.036250000000000004 0.16916700000000007
0 0.838984375 0.6092190833333334 0.04437499999999994 0.19166599999999998
0 0.8727734375 0.6259378333333334 0.06062499999999993 0.21416599999999994
0 0.864375 0.53765625 0.03125 0.07250000000000001
0 0.9326953125 0.6038538333333334 0.026874999999999982 0.15333399999999994
0 0.9658203125 0.595625 0.026249999999999996 0.1566670000000001
0 0.9787890625 0.5971354166666666 0.01937500000000003 0.04583300000000001
