0 0.5284588345534407 0.612578125 0.06566599999999999 0.09875
0 0.03074670571010249 0.62125 0.062852 0.09562500000000007
0 0.08170131918008784 0.595703125 0.053471000000000005 0.06687500000000002
0 0.12462580380673499 0.5899609375 0.04315199999999999 0.04625000000000001
0 0.3572543689604685 0.8440234375 0.282364 0.28
0 0.2932964480234261 0.60078125 0.05628600000000002 0.03937499999999994
0 0.3180733806734993 0.6224609375 0.10037499999999996 0.04625000000000001
0 0.2813559019033675 0.573046875 0.022514000000000034 0.028750000000000053
0 0.3877458345534407 0.5998046875 0.06660400000000004 0.03749999999999998
0 0.4334573806734992 0.64578125 0.10225200000000002 0.10250000000000004
0 0.43627238067349927 0.627421875 0.10225099999999997 0.05999999999999994
0 0.43366767496339675 0.5723046875 0.04033800000000002 0.038125000000000075
0 0.4619940307467057 0.563203125 0.025329000000000018 0.03562500000000002
0 0.47212967496339675 0.6067578125 0.04033700000000005 0.0412499999999999
0 0.6473067247437774 0.833125 0.26735499999999995 0.31437499999999996
0 0.5847438345534407 0.664765625 0.06660400000000004 0.08374999999999999
0 0.6568625768667643 0.6242578125 0.06097499999999997 0.07374999999999998
0 0.695596251830161 0.6401953125 0.097561 0.05812500000000009
0 0.7134451903367497 0.5908984375 0.05159499999999995 0.06187500000000001
0 0.7500484114202051 0.674453125 0.12570399999999987 0.09937499999999999
0 0.7620418345534407 0.6213671875 0.06660399999999995 0.05437500000000006
0 0.9025003806734994 0.6377734375 0.10225200000000002 0.09187499999999993
0 0.8850009326500733 0.6026171875 0.04596699999999993 0.05312499999999998
0 0.9873230307467057 0.57203125 0.023451999999999928 0.03937500000000005
0 0.9900227730600293 0.650859375 0.017823999999999906 0.04437499999999994
