0 0.6291376875 0.47738372093023257 0.06890799999999997 0.3225
0 0.14814731250000002 0.44313953488372093 0.089075 0.24249999999999997
0 0.1881435 0.406656976744186 0.047899 0.1325
0 0.1891663125 0.20921511627906977 0.026889999999999997 0.09625
0 0.22843325 0.3324127906976744 0.07142899999999999 0.17875000000000002
0 0.2086525 0.19738372093023257 0.016807000000000016 0.07000000000000002
0 0.25275918750000004 0.2179360465116279 0.022688999999999987 0.115
0 0.317873875 0.20569767441860468 0.027731000000000006 0.08249999999999999
0 0.3470568125 0.34863372093023254 0.07226900000000003 0.19625
0 0.4124886875 0.7694476744186046 0.13277299999999997 0.45749999999999996
0 0.4223458125 0.5592441860465116 0.10420200000000002 0.20375000000000001
0 0.4183051875 0.1601453488372093 0.021849000000000007 0.03874999999999999
0 0.48469 0.6121220930232559 0.09411799999999998 0.3537499999999999
0 0.528751625 0.26247093023255813 0.051261 0.145
0 0.5558480625 0.24915697674418608 0.019328000000000012 0.13125
0 0.61894075 0.2543604651162791 0.05546200000000001 0.13499999999999998
0 0.62264275 0.15284883720930234 0.024370000000000003 0.042499999999999975
0 0.629388375 0.17119186046511628 0.012604999999999977 0.03625
0 0.6505103125 0.19799418604651162 0.026890999999999998 0.07875000000000001
0 0.6454909375 0.22694767441860464 0.014286000000000021 0.08250000000000003
0 0.6841243125 0.19363372093023257 0.02688999999999997 0.07125000000000002
0 0.7054044375 0.15302325581395348 0.031092999999999926 0.06125
0 0.7230750625 0.14697674418604653 0.01764699999999997 0.06499999999999997
0 0.7600264375 0.18802325581395352 0.030252000000000057 0.06125
0 0.8888931875 0.1218313953488372 0.021849000000000007 0.027500000000000024
0 0.8894610625 0.08723837209302325 0.019328000000000012 0.0325
0 0.9128545 0.14116279069767443 0.016807000000000016 0.053750000000000006
0 0.9297970625 0.13366279069767442 0.0193279999999999 0.053750000000000006
