0 0.3868359375 0.5841654522760646 0.10875000000000001 0.33364699999999986
0 0.0151953125 0.4650480044052864 0.025625000000000002 0.06202999999999993
0 0.0381640625 0.45917428928046994 0.019375000000000003 0.05263099999999996
0 0.1165234375 0.5906865932452277 0.09312500000000001 0.30827099999999996
0 0.2043359375 0.5546221600587372 0.046249999999999986 0.24154099999999998
0 0.2938671875 0.42075600734214397 0.05437500000000001 0.10338300000000003
0 0.3909375 0.349147872246696 0.048750000000000016 0.214286
0 0.45515625 0.36025115565345084 0.040000000000000036 0.18139100000000002
0 0.4878515625 0.36653544199706317 0.034999999999999976 0.1907899999999999
0 0.5572265625 0.35901744199706315 0.03437499999999993 0.19078899999999996
