0 0.8089453125 0.5318880688140556 0.12 0.43339599999999995
0 0.1259765625 0.4818367994143485 0.2525 0.611633
0 0.0826953125 0.9074630556368961 0.0575 0.13789899999999986
0 0.3137890625 0.48591335139092245 0.14375 0.5544089999999999
0 0.27644531250000004 0.9175804787701317 0.05687499999999998 0.08067500000000007
0 0.458359375 0.5061913572474378 0.16812499999999997 0.46529099999999995
0 0.62109375 0.5523139882869693 0.08687500000000004 0.18292699999999992
0 0.6599609375 0.9854470307467058 0.014375000000000027 0.02532799999999988
0 0.7991015625 0.9656068345534407 0.03375000000000006 0.06566599999999999
0 0.881015625 0.5065677862371889 0.11375000000000002 0.31519700000000006
