0 0.4990234375 0.6112496666666667 0.999375 0.7733340000000001
0 0.220234375 0.54421875 0.011874999999999997 0.025832999999999995
0 0.23765625 0.5087496666666667 0.008124999999999993 0.022499999999999964
0 0.2629296875 0.5057815833333333 0.007500000000000007 0.02083299999999988
0 0.286484375 0.4991145833333333 0.012500000000000011 0.020000000000000018
0 0.320859375 0.4945836666666667 0.011875000000000024 0.022499999999999964
0 0.3500390625 0.6034899166666666 0.019374999999999976 0.030000000000000027
0 0.35265625 0.4903125 0.008124999999999993 0.017499999999999998
0 0.35515625 0.5191145833333334 0.008124999999999993 0.02083300000000003
0 0.375078125 0.4903125 0.004375000000000018 0.015832999999999986
0 0.385703125 0.4803125 0.0050000000000000044 0.017499999999999998
0 0.39953125 0.4819795 0.00874999999999998 0.017499999999999998
0 0.4042578125 0.5366145833333333 0.011250000000000038 0.020832999999999952
0 0.4253125 0.7959375 0.015625 0.048333000000000105
0 0.4279296875 0.4803125 0.006250000000000033 0.017499999999999998
0 0.5211328125 0.935 0.16749999999999998 0.125
0 0.4505078125 0.4782815833333333 0.010624999999999996 0.02083300000000003
0 0.465703125 0.4723434166666667 0.0050000000000000044 0.013334000000000032
0 0.46765625 0.5024475833333334 0.008124999999999993 0.018333999999999923
0 0.4910546875 0.4703125000000001 0.00687500000000002 0.016666999999999987
0 0.5111328125 0.5157815833333333 0.010624999999999996 0.02083300000000003
0 0.5280078125 0.4962496666666667 0.010624999999999996 0.020833999999999946
0 0.596484375 0.588125 0.012500000000000067 0.03249999999999997
0 0.63828125 0.62171875 0.008749999999999925 0.025832999999999995
0 0.67453125 0.5371878333333334 0.008749999999999925 0.02749999999999993
0 0.8198828125 0.6315621666666668 0.010625000000000107 0.038333999999999945
