0 0.1875 0.7502509882869692 0.37625 0.18292699999999992
0 0.4444921875 0.7148833806734993 0.021874999999999978 0.10225200000000002
0 0.4695703125 0.7084306383601757 0.026875000000000038 0.10787999999999996
0 0.486015625 0.6839523191800878 0.020625000000000004 0.05347099999999999
0 0.489609375 0.7317953191800878 0.011874999999999969 0.05440900000000013
0 0.506875 0.7349510922401171 0.03250000000000003 0.07317099999999993
0 0.5234375 0.7050905095168375 0.015625 0.10412799999999997
0 0.71390625 0.7950073133235726 0.07125000000000004 0.145403
0 0.74859375 0.8169692459736457 0.08687500000000004 0.18855499999999994
0 0.77515625 0.7445164480234261 0.03937500000000005 0.05628499999999992
0 0.926640625 0.7411935402635432 0.020625000000000004 0.12758000000000005
0 0.9621875 0.7258168286969253 0.04749999999999999 0.15759800000000007
