0 0.1408203125 0.671458 0.056874999999999995 0.15666699999999997
0 0.1208203125 0.2834375 0.02562500000000001 0.048333000000000036
0 0.180625 0.28067675 0.03125 0.055000000000000084
0 0.1998828125 0.2884375 0.04249999999999998 0.04833299999999996
0 0.2427734375 0.2821354166666667 0.03 0.046667000000000014
0 0.2614453125 0.28567675 0.026250000000000023 0.05499999999999997
0 0.3012109375 0.6466145833333333 0.044999999999999984 0.1450000000000001
0 0.381875 0.2875003333333333 0.03249999999999997 0.04333299999999999
0 0.380234375 0.27098991666666666 0.012500000000000011 0.029166000000000025
0 0.414921875 0.2810416666666667 0.027500000000000024 0.05333300000000004
0 0.434140625 0.2851045 0.020625000000000004 0.048332999999999994
0 0.473515625 0.6315628333333333 0.05125000000000002 0.12083300000000004
0 0.476796875 0.2885940833333333 0.028749999999999998 0.03500000000000003
0 0.4889453125 0.24473958333333334 0.025624999999999953 0.051666999999999984
0 0.5824609375 0.6310413333333332 0.045624999999999916 0.135834
0 0.6464453125 0.2941663333333333 0.02562500000000001 0.043333999999999984
0 0.6565234375 0.25296875 0.02937500000000004 0.08749999999999998
0 0.6846484375 0.29848991666666663 0.029999999999999916 0.029165999999999987
0 0.7186328125 0.25317675 0.041874999999999996 0.05666699999999995
0 0.75125 0.29703125 0.03249999999999997 0.03916699999999995
0 0.8828515625 0.3016663333333333 0.03375000000000006 0.04249999999999998
0 0.9209375 0.2964065833333333 0.04875000000000007 0.05000000000000001
0 0.920078125 0.534167 0.036250000000000004 0.125833
0 0.9715234375 0.29833333333333334 0.030625000000000013 0.04416699999999999
