0 0.0244140625 0.79723925 0.050625 0.134167
0 0.1134765625 0.7953649166666666 0.06624999999999999 0.12416600000000007
0 0.1776171875 0.8115621666666666 0.084375 0.161667
0 0.3695703125 0.65703125 0.026874999999999982 0.03999999999999996
0 0.3890625 0.7415104166666667 0.01687500000000003 0.13916700000000004
0 0.406328125 0.7492711666666666 0.036250000000000004 0.13083299999999998
0 0.4380078125 0.765625 0.04125000000000001 0.15666699999999997
0 0.4750390625 0.7436979166666666 0.049375 0.12416700000000007
0 0.5107421875 0.7905725833333334 0.05437499999999995 0.17583400000000005
0 0.60625 0.8076565833333333 0.06437500000000007 0.1133329999999999
0 0.630234375 0.7596354166666668 0.043749999999999956 0.04499999999999993
0 0.6232421875 0.7175003333333333 0.021874999999999978 0.044166000000000004
0 0.6319921875 0.7165621666666667 0.023125000000000062 0.03749999999999994
0 0.6726953125 0.7351562499999998 0.026249999999999996 0.07250000000000008
0 0.6723046875 0.7085413333333334 0.006249999999999978 0.011666999999999947
0 0.712578125 0.7125 0.036250000000000004 0.12583299999999994
0 0.7287890625 0.87609375 0.050000000000000044 0.24416700000000002
0 0.751171875 0.7622395833333334 0.02749999999999997 0.05166699999999983
0 0.753671875 0.799583 0.028750000000000053 0.06416700000000002
0 0.8109765625 0.7613538333333333 0.03374999999999995 0.15166700000000008
0 0.8536328125 0.78609375 0.04249999999999998 0.11833299999999995
0 0.8444140625 0.7288024166666668 0.018125000000000058 0.04499999999999993
0 0.9401953125 0.9033850833333332 0.08937499999999998 0.19083400000000017
0 0.9451171875 0.7739586666666667 0.053750000000000075 0.115833
0 0.96921875 0.75036425 0.024375000000000036 0.0391670000000001
0 0.9960546875 0.7551559166666667 0.006249999999999978 0.029167000000000016
