0 0.0862109375 0.8270944971098265 0.076875 0.2858470000000001
0 0.10890625 0.5910381560693642 0.04062500000000001 0.20629
0 0.145234375 0.6400615433526012 0.04375000000000001 0.252544
0 0.199296875 0.7583052023121387 0.05875 0.17483800000000005
0 0.2196484375 0.8525971965317919 0.09187500000000001 0.24051799999999995
0 0.21390625 0.528488901734104 0.03937500000000002 0.132285
0 0.25179687500000003 0.6084498150289017 0.05999999999999997 0.1276590000000001
0 0.2653125 0.815529190751445 0.07937499999999997 0.307123
0 0.2971875 0.6361915895953757 0.04749999999999999 0.22016599999999992
0 0.350078125 0.834380323699422 0.06812499999999999 0.279371
0 0.3693359375 0.6437671560693642 0.04562500000000003 0.20536499999999988
0 0.3801953125 0.4996419479768786 0.057499999999999996 0.10083199999999996
0 0.3917578125 0.8654934161849712 0.073125 0.2164659999999999
0 0.3958984375 0.690999936416185 0.06062500000000004 0.23126700000000008
0 0.3999609375 0.5424846878612717 0.04625000000000001 0.09158200000000002
0 0.4096875 0.48714502890173417 0.048750000000000016 0.170213
0 0.4449609375 0.8418407167630058 0.07687500000000003 0.259945
0 0.4435546875 0.6113287630057804 0.03812500000000002 0.22571699999999995
0 0.46875 0.634570936416185 0.06437499999999996 0.23311700000000005
0 0.45828125 0.49617690751445087 0.040000000000000036 0.06475500000000005
0 0.4687109375 0.46714977456647394 0.04500000000000004 0.09435700000000011
0 0.481015625 0.6525518497109827 0.05250000000000005 0.2294179999999999
0 0.5012109375 0.45084329479768787 0.04625000000000001 0.11193299999999998
0 0.5255859375 0.8605776763005781 0.07687499999999997 0.22386699999999987
0 0.5130078124999999 0.40193508092485547 0.04124999999999995 0.07215500000000001
0 0.533515625 0.5058876011560693 0.05124999999999991 0.08880600000000001
0 0.5368359375 0.6032331098265896 0.04625000000000001 0.23774299999999995
0 0.560234375 0.6108690693641619 0.04375000000000007 0.20444099999999996
0 0.5684375 0.6630175895953757 0.04749999999999999 0.222017
0 0.5696875 0.3785173410404625 0.04874999999999996 0.07955599999999992
0 0.5919140625 0.8133280578034683 0.08187500000000003 0.3376510000000001
0 0.6245703125 0.5151217630057804 0.05687500000000001 0.22571699999999995
0 0.6391015625 0.493976774566474 0.06499999999999995 0.09250699999999998
0 0.643515625 0.5931778959537573 0.05125000000000002 0.19704
0 0.6455859375 0.6761385433526012 0.04625000000000001 0.25346899999999994
0 0.69453125 0.7039954913294798 0.07062499999999994 0.3506009999999999
0 0.7696875 0.7930318381502891 0.04749999999999999 0.3626269999999999
