0 0.01953125 0.5385934166666666 0.039375 0.20166700000000004
0 0.0778515625 0.53171875 0.035 0.15000000000000005
0 0.108125 0.5343229166666666 0.031875 0.15500000000000003
0 0.12691406249999998 0.52838575 0.019375000000000017 0.15000000000000005
0 0.152421875 0.56765625 0.028749999999999998 0.195833
0 0.1747265625 0.6028125 0.06625 0.26666700000000004
0 0.2476171875 0.5932815833333334 0.05312499999999998 0.27083299999999993
0 0.3221875 0.5516666666666666 0.046875 0.20999999999999996
0 0.3521875 0.530833 0.01687500000000003 0.12666699999999995
0 0.374921875 0.5253649166666666 0.02812500000000001 0.124166
0 0.4027734375 0.5360413333333334 0.030000000000000027 0.13749999999999987
0 0.428125 0.5412496666666667 0.03125 0.14583399999999994
0 0.4515625 0.53223925 0.015625 0.13333399999999998
0 0.4712109375 0.548125 0.04500000000000004 0.15666700000000003
0 0.518203125 0.5448961666666666 0.036250000000000004 0.1625
0 0.546640625 0.53411425 0.020625000000000004 0.10166699999999995
0 0.5830078125 0.549792 0.04125000000000001 0.15666600000000006
0 0.6359765625 0.540833 0.03500000000000003 0.12749999999999995
0 0.658671875 0.53078125 0.028749999999999942 0.10333299999999997
0 0.680546875 0.5239059166666666 0.02749999999999997 0.09333400000000003
0 0.7095703125 0.548125 0.026874999999999982 0.15833300000000006
0 0.7427734375 0.5505208333333332 0.030625000000000013 0.15166700000000008
0 0.7752734375 0.5596878333333334 0.030000000000000027 0.15333299999999994
0 0.8080859375 0.5608333333333333 0.04499999999999993 0.16750000000000007
0 0.8308984375 0.5491663333333333 0.029999999999999916 0.16666699999999998
0 0.87453125 0.557917 0.040000000000000036 0.1875
0 0.8976953125 0.559583 0.02562500000000001 0.189167
0 0.928203125 0.56182325 0.0675 0.1975
0 0.9563671875 0.56848925 0.05312499999999998 0.196667
