0 0.1957421875 0.30226544947735196 0.11562499999999998 0.12151699999999999
0 0.223125 0.45729889198606266 0.033125000000000016 0.150501
0 0.2570703125 0.26826116724738674 0.02562500000000001 0.09141600000000004
0 0.2758984375 0.48983609059233457 0.02937500000000004 0.13489400000000001
0 0.29484375 0.2523020836236934 0.02437499999999998 0.04570799999999999
0 0.3095703125 0.45827357142857145 0.02562500000000001 0.14381300000000002
0 0.3096875 0.2378100836236934 0.015625 0.045707999999999964
0 0.3303125 0.2398997630662021 0.016874999999999973 0.04013399999999998
0 0.3488671875 0.4816845714285714 0.023125000000000007 0.14604300000000003
0 0.387734375 0.5171513728222996 0.043749999999999956 0.162765
0 0.394140625 0.1827676864111498 0.019999999999999962 0.08249700000000003
0 0.4244921875 0.18353516724738678 0.021874999999999978 0.09141499999999998
0 0.4423046875 0.5480188536585365 0.03875000000000001 0.17391299999999996
0 0.4709765625 0.5843210139372822 0.03375 0.175028
0 0.5044140625 0.5987461358885018 0.050000000000000044 0.20066899999999993
0 0.5031640625 0.21286768641114984 0.01937500000000003 0.08138299999999997
0 0.5421875 0.629541174216028 0.04749999999999999 0.1806019999999999
0 0.54328125 0.4085934111498258 0.039999999999999925 0.14158399999999996
0 0.5538671875 0.2736958466898955 0.023125000000000062 0.084727
0 0.570703125 0.3828130905923345 0.036250000000000004 0.132664
0 0.5762890625 0.2655443275261324 0.01937500000000003 0.09587500000000003
0 0.5987109375 0.2932750069686411 0.015000000000000013 0.08918600000000002
0 0.614140625 0.29376284668989544 0.020625000000000004 0.084727
0 0.6300390625 0.30268184668989545 0.01937500000000003 0.08695600000000006
0 0.6446484375 0.31522448780487805 0.030625000000000013 0.10033399999999998
0 0.6681640625 0.31968348780487804 0.01937499999999992 0.10033399999999998
0 0.695625 0.3281146480836237 0.03187499999999999 0.102564
0 0.721640625 0.3511781289198606 0.020625000000000004 0.11259799999999998
0 0.751640625 0.35960928919860624 0.020000000000000018 0.11705700000000005
0 0.7858984375 0.3763322891986063 0.02937500000000004 0.11817099999999998
0 0.80734375 0.39591144947735185 0.024374999999999925 0.11928599999999998
0 0.8394921875 0.7231871742160279 0.05437500000000006 0.1806019999999999
0 0.8489453125 0.41402809059233453 0.026874999999999982 0.13266499999999995
0 0.923046875 0.6177098292682927 0.15249999999999997 0.36789299999999997
0 0.9777734375 0.39214748780487807 0.030625000000000013 0.10033400000000003
