0 0.09496093750000001 0.7797167298091042 0.076875 0.2180450000000001
0 0.16734375 0.6714501762114539 0.08750000000000001 0.46898499999999993
0 0.223203125 0.6769123201174743 0.09875 0.48214299999999993
0 0.27859375 0.6651170073421439 0.024375000000000036 0.10432300000000003
0 0.31734375 0.7047000279001469 0.05499999999999999 0.39097699999999985
0 0.3808984375 0.7273150264317181 0.12437499999999996 0.372181
0 0.3998828125 0.6400347209985316 0.04249999999999998 0.09586499999999999
0 0.4333203125 0.6416800058737151 0.026874999999999982 0.08458600000000002
0 0.4411328125 0.7302607209985316 0.04249999999999998 0.09492499999999995
0 0.451171875 0.8134940102790015 0.06 0.1456769999999999
0 0.4553125 0.6867330073421438 0.04749999999999999 0.1043240000000001
0 0.4633984375 0.6352178634361234 0.02937500000000004 0.09022599999999996
0 0.4774609375 0.6364537165932452 0.013749999999999984 0.033833999999999996
0 0.4897265625 0.7352534346549192 0.03437499999999993 0.0874059999999999
0 0.51859375 0.8094412966226138 0.08687499999999998 0.15413499999999983
0 0.4973828125 0.6523705785609398 0.04124999999999995 0.10244300000000002
0 0.593203125 0.7024084566813509 0.22437500000000005 0.39473699999999995
0 0.524140625 0.6968361527165933 0.02124999999999999 0.13815700000000003
0 0.55296875 0.6922540102790015 0.05499999999999994 0.14567600000000008
0 0.584296875 0.7054698693098385 0.028124999999999956 0.17105199999999995
0 0.6103125 0.8060940073421439 0.04749999999999999 0.10432399999999993
0 0.7278125 0.6645763230543319 0.26750000000000007 0.524436
0 0.6571484375 0.2910002878120411 0.030000000000000027 0.031015000000000008
0 0.6610546875 0.3789302980910426 0.03750000000000009 0.17481199999999997
0 0.6820703125 0.2853612878120411 0.025624999999999898 0.031015000000000008
0 0.688671875 0.7263260044052864 0.028124999999999956 0.06390999999999994
0 0.7446484375 0.390443013215859 0.06062500000000004 0.18515099999999998
0 0.8710546875 0.27742843759177677 0.25625 0.126879
0 0.808203125 0.3591954375917768 0.09875 0.12687899999999994
0 0.829765625 0.7344902907488987 0.05125000000000002 0.07142899999999991
0 0.9071875 0.7284397195301028 0.04749999999999999 0.07518800000000003
0 0.925546875 0.577183718061674 0.059374999999999956 0.055451000000000014
0 0.931015625 0.3408078693098385 0.05249999999999999 0.17105299999999998
0 0.9635546875 0.7330218619676946 0.03875000000000006 0.06954899999999999
0 0.9791796875 0.7915821571218796 0.03875000000000006 0.20018800000000003
