0 0.5458984375 0.6785441171303075 0.12437500000000001 0.18667899999999982
0 0.5601953125 0.41574763836017575 0.05812499999999998 0.10600399999999996
0 0.5633984375 0.34905631918008784 0.06062500000000004 0.054408999999999964
0 0.600078125 0.42185860761347 0.0675 0.08442799999999995
0 0.6712890625 0.8705275651537335 0.17562500000000003 0.24202600000000002
0 0.658359375 0.5136686325036602 0.13812500000000005 0.19793600000000008
0 0.6913671875 0.7973565651537334 0.17937499999999995 0.242027
0 0.6743359375 0.691562859443631 0.10750000000000004 0.180113
0 0.8156640625 0.6600019150805271 0.23687499999999995 0.31895
0 0.778203125 0.9561557364568082 0.09875 0.08536600000000001
0 0.9166796875 0.9099093440702781 0.16375000000000006 0.16791700000000004
