0 0.30082031249999996 0.7002171173020527 0.15125000000000002 0.29924900000000004
0 0.4725390625 0.7176854633431085 0.17437500000000006 0.28424000000000005
0 0.4904296875 0.17572158357771261 0.006250000000000033 0.040338000000000034
0 0.500703125 0.17572158357771261 0.0050000000000000044 0.040338000000000034
0 0.51390625 0.1719695835777126 0.009375000000000022 0.04033799999999999
0 0.536484375 0.19741613489736073 0.011874999999999969 0.045028000000000006
0 0.5755078125 0.1959498592375367 0.011249999999999982 0.042213999999999995
0 0.6080078125 0.19881892961876835 0.010624999999999996 0.023452999999999998
0 0.61765625 0.19987548093841645 0.008750000000000036 0.027204999999999976
0 0.6879296875 0.6754005718475073 0.13187499999999996 0.2110689999999999
0 0.6417578125 0.1934270322580645 0.010624999999999996 0.03471000000000001
