0 0.0126953125 0.5690356398243045 0.025625 0.583489
0 0.097109375 0.6105997496339678 0.106875 0.38273900000000005
0 0.1565625 0.5877871361639825 0.048750000000000016 0.3911820000000001
0 0.24296875 0.5552881918008785 0.14875 0.5290809999999999
0 0.4674609375 0.5712880688140557 0.10874999999999996 0.433395
0 0.4705078125 0.7229586691068814 0.07249999999999995 0.13133200000000006
0 0.551640625 0.575575701317716 0.176875 0.63227
0 0.649609375 0.5901815475841874 0.10624999999999996 0.5131329999999998
0 0.687734375 0.5981243572474377 0.07437499999999997 0.46341400000000005
0 0.732578125 0.6129317803806735 0.06812499999999999 0.40525300000000003
0 0.78703125 0.6243549150805271 0.07187500000000002 0.31801100000000004
