0 0.8050390625 0.7837594233576644 0.08187500000000003 0.27264199999999983
0 0.09078125 0.7896715547445256 0.04000000000000001 0.14939399999999997
0 0.0805078125 0.6513865401459854 0.010000000000000009 0.03081199999999993
0 0.0946875 0.6544769781021897 0.015625 0.021474999999999998
0 0.2502734375 0.7976163868613139 0.061874999999999986 0.17460299999999998
0 0.3154296875 0.7811498467153286 0.03875000000000001 0.14379099999999997
0 0.3796484375 0.6949967664233577 0.029374999999999984 0.08590100000000005
0 0.428984375 0.7403406204379561 0.043125000000000024 0.08776900000000006
0 0.4203125 0.6701792481751825 0.017500000000000016 0.03641500000000001
0 0.4276953125 0.6942855182481752 0.02562500000000001 0.05135399999999997
0 0.4434375 0.6716391021897811 0.017500000000000016 0.040149000000000025
0 0.4575 0.7043337664233577 0.03312499999999996 0.08590099999999996
0 0.5391015625 0.7467579124087591 0.034375000000000044 0.08216700000000003
0 0.5434375 0.792902394160584 0.01749999999999996 0.03268000000000003
0 0.6096484375 0.864775700729927 0.09187500000000004 0.14752599999999993
0 0.682734375 0.8348310145985401 0.07437499999999997 0.12231499999999992
0 0.7078125 0.7700125328467153 0.1100000000000001 0.16993400000000006
0 0.744609375 0.8619226788321168 0.10624999999999996 0.168068
0 0.8574609375 0.7710799051094891 0.04625000000000001 0.22222200000000006
0 0.852734375 0.5840408321167884 0.012499999999999956 0.026143999999999987
