0 0.04552845528455285 0.1930859375 0.092708 0.108125
0 0.042022357723577236 0.3744140625 0.073958 0.08187500000000003
0 0.2630338699186992 0.649375 0.376041 0.5018750000000001
0 0.3305389512195122 0.786015625 0.392708 0.36375
0 0.45833366666666664 0.356328125 0.134375 0.16062500000000002
0 0.7788871951219513 0.592421875 0.4395830000000001 0.6525
0 0.6587906504065041 0.2487109375 0.13125 0.20187499999999997
0 0.833155487804878 0.1969921875 0.1 0.085625
0 0.84781537398374 0.25406249999999997 0.07708299999999992 0.07812500000000003
0 0.942200536585366 0.3306640625 0.11041600000000001 0.143125
0 0.9547764227642277 0.194921875 0.0864580000000001 0.12125
