0 0.7715625 0.37241364705882357 0.07874999999999999 0.239171
0 0.0693359375 0.42533264705882357 0.139375 0.438794
0 0.117421875 0.6504018235294118 0.215 0.345574
0 0.23 0.588277 0.12562500000000001 0.25235399999999997
0 0.3328125 0.5400216470588235 0.140625 0.241055
0 0.502421875 0.5864764117647059 0.18499999999999994 0.39924699999999996
0 0.51609375 0.46777117647058825 0.055625000000000036 0.15819299999999997
0 0.6236328125 0.38412505882352943 0.073125 0.235405
0 0.6481640625 0.5387612352941176 0.08187499999999992 0.34369100000000014
0 0.85390625 0.6457851764705882 0.29000000000000004 0.7062139999999999
0 0.754140625 0.4670741176470588 0.083125 0.12241000000000012
