0 0.5056640625 0.45781283333333334 0.080625 0.308333
0 0.0582421875 0.5140104166666667 0.085 0.26416700000000004
0 0.0933984375 0.5148437499999999 0.09250000000000001 0.306667
0 0.14351562499999998 0.5006774166666667 0.05187500000000002 0.26499999999999996
0 0.2952734375 0.6320833333333333 0.218125 0.7316670000000002
0 0.2237109375 0.3595833333333333 0.044999999999999984 0.10666700000000003
0 0.3834375 0.463125 0.10999999999999999 0.2825
0 0.460390625 0.454375 0.05125000000000002 0.22083300000000006
0 0.63421875 0.59411425 0.17999999999999994 0.6024999999999999
0 0.77640625 0.5392711666666666 0.13437500000000002 0.5075
0 0.90078125 0.6001045 0.19625000000000004 0.7975
