0 0.1628125 0.583419187760779 0.141875 0.323241
0 0.0400390625 0.5035893699582754 0.081875 0.430989
0 0.1499609375 0.41223677607788595 0.139375 0.268032
0 0.3093359375 0.5936043671766342 0.20124999999999998 0.32146
0 0.29886718749999996 0.5082467496522949 0.17937500000000003 0.23864600000000002
0 0.30964843750000004 0.34991164673157166 0.12437499999999999 0.22439899999999996
0 0.5030078124999999 0.5999480083449235 0.19875000000000004 0.326803
0 0.501328125 0.3795515730180807 0.130625 0.349956
0 0.757734375 0.4993045897079277 0.48187500000000005 0.99911
0 0.5820703125 0.5700533171070932 0.11937500000000001 0.368655
0 0.93984375 0.3116049054242003 0.11812500000000004 0.312555
