0 0.767734375 0.7508384978038066 0.07562500000000005 0.28517800000000015
0 0.033203125 0.810709363103953 0.0675 0.37429699999999994
0 0.1053125 0.7553451420204979 0.07999999999999999 0.300187
0 0.1287109375 0.7137091478770131 0.045 0.20919300000000002
0 0.1812109375 0.7143495344070279 0.044999999999999984 0.21669800000000006
0 0.222890625 0.7456655285505125 0.05249999999999999 0.30956900000000004
0 0.2790234375 0.7522325285505124 0.06125 0.307692
0 0.3508203125 0.6544776691068814 0.026874999999999982 0.13133199999999998
0 0.3668359375 0.7471997554904831 0.04625000000000001 0.2917450000000001
0 0.4312109375 0.6988575651537334 0.04625000000000001 0.24015000000000006
0 0.45671875 0.7191537920937042 0.05499999999999999 0.22514100000000006
0 0.5016406250000001 0.685224374816984 0.05124999999999996 0.19043199999999996
0 0.561171875 0.7433594363103954 0.06000000000000005 0.23827400000000004
0 0.551796875 0.6233190922401172 0.028125000000000067 0.07129499999999998
0 0.573125 0.6208468653001464 0.03187499999999999 0.08818000000000002
0 0.6128125 0.6900727920937042 0.04749999999999999 0.22326500000000002
0 0.655 0.6938517306002928 0.03312499999999996 0.17635999999999996
