0 0.593046875 0.7050428707782672 0.06000000000000005 0.19285100000000005
0 0.2509765625 0.2816694317180617 0.5025 0.04515499999999999
0 0.3671875 0.8455101644640235 0.734375 0.304797
0 0.24015625 0.4741058604992658 0.4775 0.04891899999999996
0 0.257265625 0.11944986049926579 0.48937499999999995 0.04985900000000001
0 0.1600390625 0.6655574302496329 0.019375000000000003 0.025399999999999975
0 0.2603125 0.6624367165932452 0.016874999999999973 0.032926000000000046
0 0.3321875 0.6605557165932452 0.015625 0.03480700000000003
0 0.3637890625 0.6624367165932452 0.018125000000000002 0.03480700000000003
0 0.41046875 0.6601421453744494 0.02437499999999998 0.036689
0 0.5546484375 0.7220690088105726 0.02937499999999993 0.12511800000000006
0 0.579140625 0.4701141453744493 0.020625000000000004 0.03668900000000008
0 0.6015625 0.47605685903083705 0.01749999999999996 0.028221999999999983
0 0.635703125 0.6993771512481645 0.03562500000000002 0.11947300000000007
0 0.6280078125 0.6658561439060205 0.011249999999999982 0.015050999999999995
0 0.6384375 0.4737622878120411 0.016874999999999973 0.030104000000000034
0 0.6637109375 0.6521090161527165 0.04562500000000003 0.22671699999999997
0 0.6712890625 0.4764694302496329 0.018125000000000058 0.024460000000000013
0 0.71171875 0.7031618707782672 0.05500000000000005 0.19096900000000008
0 0.73 0.7055023010279001 0.06374999999999997 0.216368
0 0.7669140625 0.7057078766519824 0.08187499999999992 0.2737530000000001
0 0.8949609375 0.6990987371512482 0.13937499999999992 0.32173099999999993
0 0.968671875 0.7380364493392071 0.06000000000000005 0.29350900000000013
