0 0.00390625 0.423958 0.008125 0.03249999999999997
0 0.0068359375 0.6482291666666667 0.014375 0.038332999999999874
0 0.4990234375 0.874167 0.999375 0.25
0 0.0242578125 0.4195312500000001 0.010624999999999999 0.0408329999999999
0 0.0404296875 0.41671875 0.006249999999999999 0.025832999999999995
0 0.0535546875 0.4140621666666666 0.0075 0.03833400000000009
0 0.166953125 0.5594791666666666 0.22374999999999998 0.22583299999999995
0 0.06593750000000001 0.7380725833333334 0.016874999999999994 0.04999999999999997
0 0.0623046875 0.4154166666666667 0.006875000000000006 0.022499999999999964
0 0.0766796875 0.4101559166666666 0.0062500000000000056 0.0300000000000001
0 0.100234375 0.6140621666666667 0.013124999999999998 0.038334000000000014
0 0.1035546875 0.45609408333333334 0.006874999999999992 0.034165999999999995
0 0.1066796875 0.4038538333333333 0.0062500000000000056 0.027500000000000007
0 0.12015625 0.45203124999999994 0.00937499999999998 0.03916700000000003
0 0.1324609375 0.65203125 0.015000000000000013 0.03916699999999995
0 0.1486328125 0.44250033333333333 0.01125000000000001 0.04333299999999999
0 0.265390625 0.43234375 0.20875 0.055000000000000014
0 0.1712109375 0.6875003333333334 0.015000000000000013 0.04333299999999992
0 0.2099609375 0.7289065833333334 0.013750000000000012 0.05000000000000012
0 0.2361328125 0.4741663333333333 0.010624999999999996 0.04250000000000006
0 0.2473046875 0.4804684166666666 0.007500000000000007 0.045000000000000075
0 0.262734375 0.45921875 0.013124999999999998 0.024166999999999977
0 0.3261328125 0.5265628333333333 0.135625 0.12166599999999998
0 0.28578125 0.45369825 0.008750000000000036 0.03916599999999996
0 0.304140625 0.6436458333333334 0.020625000000000004 0.05833299999999997
0 0.3016796875 0.44703125 0.007500000000000007 0.04083300000000004
0 0.3198828125 0.44703125 0.010624999999999996 0.04083300000000004
0 0.3380078125 0.4444270833333333 0.010624999999999996 0.03416699999999998
0 0.3443359375 0.647917 0.014999999999999958 0.06333300000000008
0 0.3536328125 0.4444270833333333 0.010624999999999996 0.035833000000000004
0 0.3687109375 0.44286425 0.014374999999999971 0.03999999999999996
0 0.378984375 0.40588575 0.013124999999999998 0.024165999999999983
0 0.3865625 0.6499479166666666 0.01687500000000003 0.06000000000000005
0 0.3848828125 0.4427600833333334 0.010000000000000009 0.03416699999999998
0 0.39140625 0.4101559166666666 0.008124999999999993 0.0300000000000001
0 0.3985546875 0.43953125 0.007500000000000007 0.040000000000000036
0 0.40453125 0.5739065833333333 0.00874999999999998 0.050000000000000044
0 0.41234375 0.8483850833333334 0.023749999999999993 0.06583399999999988
0 0.4092578125 0.406458 0.010624999999999996 0.03250000000000005
0 0.4181640625 0.6521871666666667 0.01937500000000003 0.06916699999999998
0 0.41453125 0.43786425 0.008124999999999993 0.03999999999999996
0 0.423359375 0.580417 0.012500000000000011 0.0641660000000001
0 0.4229296875 0.41145799999999993 0.007500000000000007 0.031667000000000035
0 0.4361328125 0.4377086666666667 0.010624999999999996 0.053333
0 0.453984375 0.5860416666666667 0.013124999999999998 0.053333
0 0.4594140625 0.65848925 0.019374999999999976 0.07083399999999991
0 0.4586328125 0.43953125 0.011250000000000038 0.040000000000000036
0 0.4591796875 0.4088538333333333 0.006250000000000033 0.02750000000000008
0 0.4799609375 0.5000003333333334 0.014999999999999958 0.044166000000000004
0 0.47828125 0.4062496666666666 0.008750000000000036 0.020834000000000092
0 0.48203125 0.43822916666666667 0.00874999999999998 0.03833299999999995
0 0.5032421874999999 0.66125 0.021875000000000033 0.0625
0 0.4986328125 0.5934375 0.010000000000000009 0.048333000000000036
0 0.4979296875 0.41109408333333336 0.006249999999999978 0.034999999999999996
0 0.5066796875 0.43953125 0.0068749999999999645 0.040000000000000036
0 0.51828125 0.40682291666666665 0.008749999999999925 0.029167000000000016
0 0.5217578125 0.44609408333333334 0.011249999999999982 0.034165999999999995
0 0.526484375 0.59067675 0.013124999999999942 0.055000000000000084
0 0.536953125 0.45369825 0.0050000000000000044 0.03916599999999996
0 0.5450390625 0.6677604166666667 0.01937500000000003 0.07583299999999997
0 0.54640625 0.45369825 0.008125000000000049 0.03916599999999996
0 0.549609375 0.4116663333333333 0.01187500000000008 0.041666999999999975
0 0.557734375 0.58901075 0.012499999999999956 0.05666599999999996
0 0.5592578125 0.46203125000000006 0.010000000000000009 0.03999999999999996
0 0.567734375 0.4169270833333334 0.013124999999999942 0.03416699999999998
0 0.57515625 0.4616663333333333 0.008749999999999925 0.041667000000000044
0 0.5790625 0.6691149166666667 0.016874999999999973 0.06166599999999992
0 0.5773828125 0.5869788333333333 0.011249999999999982 0.05833399999999996
0 0.63078125 0.43182325000000005 0.10312500000000002 0.070833
0 0.5911328125 0.4533333333333333 0.010624999999999996 0.04249999999999998
0 0.5987109375 0.5827086666666667 0.013749999999999929 0.053333
0 0.602734375 0.66375 0.013124999999999942 0.0650000000000001
0 0.60453125 0.45479200000000003 0.008125000000000049 0.03249999999999997
0 0.620859375 0.5772395833333334 0.013125000000000053 0.050000000000000044
0 0.6191796875 0.45276008333333334 0.006250000000000089 0.03416699999999998
0 0.629609375 0.657917 0.013124999999999942 0.06416600000000001
0 0.6360546875 0.45203124999999994 0.007499999999999951 0.04083300000000004
0 0.6398046875 0.5689065833333333 0.007500000000000062 0.04999999999999997
0 0.645234375 0.4494270833333333 0.013124999999999942 0.03416700000000006
0 0.6521875 0.6525520833333333 0.016874999999999973 0.06583300000000003
0 0.659609375 0.56817675 0.011874999999999969 0.055000000000000014
0 0.796484375 0.5407291666666667 0.26312499999999994 0.16333299999999995
0 0.6749609375 0.64734375 0.01375000000000004 0.05666700000000002
0 0.681484375 0.5609375 0.011874999999999969 0.048333000000000105
0 0.6841015625 0.4312496666666667 0.0031250000000000444 0.022499999999999964
0 0.69140625 0.41411458333333334 0.008750000000000036 0.02083300000000003
0 0.6943359375 0.63875 0.014375000000000027 0.0625
0 0.6966796875 0.5659375 0.007500000000000062 0.048333000000000105
0 0.7142578125 0.4379166666666667 0.010000000000000009 0.022500000000000037
0 0.7148046875 0.4232815833333334 0.007499999999999951 0.020000000000000018
0 0.7212109375 0.6366149166666667 0.014375000000000027 0.06166599999999992
0 0.7418359375 0.6317190833333334 0.014375000000000027 0.06583300000000003
0 0.7584375 0.4312496666666667 0.015625 0.020833999999999946
0 0.7605078125 0.6274479166666667 0.010624999999999996 0.06083299999999999
0 0.7840625 0.62317675 0.016874999999999973 0.05666700000000002
0 0.8031640625 0.6207809166666668 0.018124999999999947 0.061666999999999916
0 0.8225390625 0.6082809166666666 0.01937500000000003 0.060834000000000055
0 0.843984375 0.6102086666666667 0.013124999999999942 0.05333299999999993
0 0.8834375 0.5988024166666667 0.015625 0.04666599999999995
0 0.900859375 0.59901075 0.013124999999999942 0.05666600000000003
0 0.9403125 0.50421875 0.015625 0.025832999999999995
0 0.9690625 0.4918229166666666 0.016874999999999973 0.029167000000000016
