0 0.26451835777496835 0.661171875 0.22087400000000001 0.15375000000000005
0 0.19533989759797726 0.26296875 0.08009699999999999 0.211875
0 0.2776652477876106 0.798359375 0.230583 0.13812500000000005
0 0.24504511504424778 0.2464453125 0.03721700000000001 0.15187499999999998
0 0.2815551201011378 0.2622265625 0.08171599999999998 0.19062500000000002
0 0.3343454500632111 0.213359375 0.05097100000000007 0.07562500000000003
0 0.36377578508217445 0.2698828125 0.06634300000000005 0.198125
0 0.6801203451327433 0.76171875 0.10679600000000002 0.15000000000000002
0 0.745555580278129 0.265859375 0.22330099999999997 0.23062499999999997
0 0.7107118975979774 0.802578125 0.08009699999999997 0.06812499999999999
0 0.8011255676359039 0.7687890625 0.11084099999999993 0.14375000000000004
