0 0.7663671875 0.8034724117647059 0.08499999999999996 0.3484
0 0.01953125 0.35291635294117646 0.040625 0.06403000000000005
0 0.084296875 0.3414362941176471 0.09 0.07721299999999996
0 0.0872265625 0.8535700588235294 0.09625 0.2881349999999999
0 0.133046875 0.860457294117647 0.06000000000000001 0.27683599999999986
0 0.1815625 0.8861891176470589 0.11125000000000002 0.2231629999999999
0 0.1636328125 0.6152983529411764 0.04125000000000001 0.214689
0 0.1842578125 0.7625736470588235 0.04249999999999998 0.09039500000000006
0 0.21703125 0.8522156470588236 0.07187499999999997 0.29095999999999994
0 0.270859375 0.31854205882352943 0.169375 0.08756999999999998
0 0.3030078125 0.8639909411764707 0.10375000000000001 0.2674199999999999
0 0.3153125 0.7476238235294118 0.048750000000000016 0.09510399999999986
0 0.345234375 0.8018449411764705 0.04375000000000001 0.2664780000000001
0 0.3707421875 0.6467546470588236 0.05375000000000002 0.08851199999999998
0 0.3633203125 0.29105499999999995 0.025624999999999953 0.10263600000000006
0 0.3940625 0.8440901764705883 0.07937500000000003 0.30790899999999993
0 0.3963671875 0.29488488235294114 0.023125000000000007 0.08097900000000004
0 0.4233984375 0.28434682352941176 0.029374999999999984 0.09510400000000002
0 0.45015625 0.8095348235294119 0.070625 0.34557499999999997
0 0.49890625 0.8535700588235294 0.07062500000000005 0.2881349999999999
0 0.4988671875 0.6072589411764706 0.05375000000000002 0.11581899999999996
0 0.5173046875 0.7485959411764705 0.06999999999999995 0.21751399999999999
0 0.5294140625 0.23958076470588235 0.08187500000000003 0.260829
0 0.665234375 0.24436423529411763 0.13812499999999994 0.193032
0 0.6851953125 0.5930071764705883 0.05687500000000001 0.15725
0 0.700859375 0.7355708235294118 0.07562500000000005 0.2956689999999999
0 0.8005078125 0.6736677647058823 0.04249999999999998 0.2608290000000001
0 0.8737890625 0.6747365294117647 0.050000000000000044 0.21939800000000004
