0 0.142265625 0.7228635294117647 0.145 0.36782699999999996
0 0.24890625 0.6612718823529411 0.07187500000000002 0.23142100000000002
0 0.360859375 0.617338705882353 0.044375 0.17403599999999997
0 0.4719140625 0.5285842352941176 0.018125000000000002 0.042332999999999954
0 0.4912890625 0.5881538823529413 0.019374999999999976 0.08090299999999995
0 0.5074609375 0.5813958235294118 0.01375000000000004 0.09501400000000004
0 0.575703125 0.5698684705882354 0.036250000000000004 0.08278499999999997
0 0.6017578125 0.5496916470588236 0.011249999999999982 0.03856999999999999
0 0.666484375 0.5563958235294117 0.011874999999999969 0.045154999999999994
0 0.7109375 0.6115102352941176 0.04749999999999999 0.143932
0 0.7755859375 0.6232749411764705 0.0462499999999999 0.16556900000000002
0 0.8365625 0.6305625882352942 0.04749999999999999 0.15428099999999995
0 0.916015625 0.6276981176470589 0.083125 0.222013
0 0.9791796875 0.6261622352941176 0.03875000000000006 0.19284999999999997
