0 0.8737109375 0.5943993475699558 0.17125 0.7999999999999999
0 0.017578125 0.45863235935198826 0.035625 0.08113199999999995
0 0.1044140625 0.6195199072164949 0.143125 0.66132
0 0.199453125 0.5139049646539028 0.06812499999999999 0.15660400000000008
0 0.2208984375 0.5640204727540501 0.06125000000000003 0.164151
0 0.2563671875 0.4878564241531665 0.053125000000000006 0.12924599999999992
0 0.311171875 0.52612217820324 0.09062500000000001 0.13113200000000003
0 0.4775390625 0.7438796966126657 0.36250000000000004 0.5084909999999999
0 0.355703125 0.491861440353461 0.06687500000000002 0.1396219999999999
0 0.4390234375 0.5413107511045655 0.09312500000000001 0.18301900000000002
0 0.46671875 0.5504041428571428 0.05624999999999997 0.287736
0 0.7194140625 0.5458654565537555 0.14437500000000003 0.150943
0 0.965390625 0.5742878807069219 0.05125000000000002 0.27735899999999997
