0 0.0546875 0.4409129882697947 0.110069 0.1727690000000001
0 0.152892625 0.3141150967741936 0.300813 0.09765199999999993
0 0.14898725 0.33202016715542526 0.04065000000000002 0.07887299999999998
0 0.25355249999999996 0.520077284457478 0.14071200000000003 0.3755869999999999
0 0.2049978125 0.3180002375366569 0.04190100000000002 0.05821600000000002
0 0.257103125 0.30796741055718474 0.036897999999999986 0.04976500000000004
0 0.2799676875 0.2870647184750733 0.03814899999999999 0.08262899999999997
0 0.2823154375 0.3094336862170088 0.030644000000000005 0.05164300000000001
0 0.3453743125 0.47279621994134896 0.12007499999999999 0.3136150000000001
0 0.3273434375 0.3150676862170088 0.030644999999999978 0.05258200000000002
0 0.3786254375 0.32322251319648093 0.030644999999999978 0.06009399999999999
0 0.3934811875 0.30984541055718473 0.021888999999999992 0.049765
0 0.4146680625 0.30861023753665684 0.019386999999999988 0.05727700000000005
0 0.442142 0.309664788856305 0.033145000000000036 0.06385000000000002
0 0.4668064375 0.3142442375366569 0.029393000000000002 0.056338
0 0.485919 0.3199287184750733 0.03189500000000001 0.08450699999999998
0 0.5350075 0.29380475073313783 0.048780000000000046 0.11643199999999995
0 0.5900084375 0.3201093401759531 0.030644000000000005 0.06948399999999998
0 0.78313325 0.27633858357771257 0.03939999999999999 0.04037600000000003
0 0.8955350625 0.46317511730205274 0.20637899999999998 0.30140799999999995
