0 0.07942708333333333 0.5751956874999999 0.160156 0.22656199999999999
0 0.22135416666666666 0.5488281875000001 0.06901000000000002 0.21093699999999999
0 0.40494800000000003 0.73535175 0.40885400000000005 0.36816400000000005
0 0.265625 0.506836375 0.033853999999999974 0.07617099999999999
0 0.34114533333333336 0.5068355 0.041666999999999975 0.079102
0 0.45572875 0.5410155 0.055989999999999984 0.14257799999999998
0 0.5794272500000001 0.5224611875 0.259114 0.367187
0 0.7200519166666668 0.5527338749999999 0.029947999999999936 0.15332099999999999
0 0.75911425 0.5751958125000001 0.10286499999999998 0.22949199999999997
0 0.91276075 0.52636675 0.05598899999999999 0.14843799999999996
