0 0.6374345625 0.265839322515213 0.16000000000000003 0.463668
0 0.1513671875 0.7985321663286004 0.304167 0.392734
0 0.2717705 0.48526392494929005 0.2975 0.461938
0 0.46078125 0.5184937079107506 0.226667 0.48962000000000006
0 0.45838575 0.9164775050709939 0.14916599999999997 0.16090000000000007
0 0.46244825 0.8522254929006086 0.10166600000000003 0.1816609999999999
0 0.4767578125 0.3719126734279919 0.10416700000000007 0.214533
0 0.5365888750000001 0.8448868539553753 0.090833 0.24567499999999998
0 0.6239189375 0.8969694807302232 0.07666699999999993 0.19896199999999994
0 0.7065498125 0.9104526977687627 0.13583299999999998 0.17300999999999997
0 0.7067841875 0.7985924929006085 0.11666599999999994 0.18166
0 0.8294921875 0.8901687221095335 0.08416699999999999 0.13148699999999997
0 0.8121748125 0.9089013245436105 0.04249999999999998 0.12629700000000005
