0 0.018320312499999998 0.8207756961325966 0.025625000000000002 0.1255520000000001
0 0.0344921875 0.4685973425414365 0.021875 0.13527799999999995
0 0.0451953125 0.14902355801104972 0.025625000000000002 0.137931
0 0.0771484375 0.8273514806629835 0.029375 0.12290000000000001
0 0.088828125 0.47523061878453043 0.035625000000000004 0.1122899999999999
0 0.09453125 0.13559363535911603 0.04000000000000001 0.150309
0 0.14484375 0.8068485580110497 0.056249999999999994 0.13793099999999997
0 0.1488671875 0.45887134254143647 0.05374999999999999 0.13439399999999996
0 0.2159765625 0.1305130497237569 0.06562500000000002 0.11759499999999999
0 0.240234375 0.12830532596685082 0.044375 0.09549099999999999
0 0.2376953125 0.4820373701657458 0.02562499999999998 0.03271400000000007
0 0.240625 0.8198387569060773 0.03312499999999999 0.10167999999999996
0 0.28046875 0.4558936022099448 0.05625000000000002 0.07427099999999999
0 0.2908984375 0.7979546187845304 0.029374999999999984 0.11228999999999999
0 0.3154296875 0.7872871270718231 0.03812500000000002 0.1308570000000001
0 0.316953125 0.43389448066298336 0.03562500000000002 0.12290000000000001
0 0.51984375 0.47937426519337023 0.024374999999999925 0.12113199999999992
0 0.5460546875 0.8275713425414365 0.06937500000000008 0.13351000000000002
0 0.52875 0.19190883425414368 0.03187499999999999 0.11582600000000003
0 0.573046875 0.4861179723756906 0.028125000000000067 0.10433299999999997
0 0.5907421875 0.1815176961325967 0.053750000000000075 0.12643699999999997
0 0.642421875 0.47036534254143647 0.05999999999999994 0.13350999999999996
0 0.698125 0.19135867955801103 0.06437499999999996 0.08664899999999999
0 0.685 0.8186774033149171 0.03249999999999997 0.10875299999999999
0 0.7130078125 0.80800991160221 0.04125000000000001 0.12908899999999995
0 0.7226171875 0.1800845414364641 0.053749999999999964 0.09814300000000002
0 0.733203125 0.4886605414364641 0.036250000000000004 0.09902799999999995
0 0.7398828125 0.8239824033149171 0.04249999999999998 0.10875299999999999
0 0.7517578125 0.15195291160220994 0.041874999999999996 0.12908999999999998
0 0.7946484375 0.46677640331491715 0.030625000000000013 0.1087529999999999
0 0.8160546875 0.4496425580110497 0.03875000000000006 0.13616300000000003
0 0.853671875 0.79032591160221 0.028125000000000067 0.12820600000000001
