0 0.90421875 0.6763848396501457 0.08625000000000005 0.3544779999999999
0 0.0367578125 0.5535881195335276 0.04125 0.13992500000000005
0 0.13078125000000002 0.5517221195335277 0.039999999999999994 0.13992499999999997
0 0.4553125 0.6388922390670554 0.57875 0.274253
0 0.226015625 0.3113383265306122 0.02124999999999999 0.08209
0 0.293671875 0.3436965043731779 0.028749999999999998 0.09141800000000001
0 0.3044921875 0.46612979300291546 0.022499999999999964 0.05783600000000001
0 0.350625 0.21986079300291544 0.03249999999999997 0.05783600000000001
0 0.379765625 0.46612979300291546 0.02124999999999999 0.05783600000000001
0 0.408671875 0.12267242274052477 0.02749999999999997 0.070895
0 0.437421875 0.4721946005830904 0.02749999999999997 0.08022399999999998
0 0.449921875 0.29448779300291544 0.02749999999999997 0.05783599999999997
0 0.46953125 0.08803997084548106 0.03999999999999998 0.065299
0 0.5197265625 0.08297031195335276 0.065 0.11567199999999998
0 0.5061718749999999 0.2860348746355685 0.028749999999999998 0.07835899999999997
0 0.647578125 0.24020942274052476 0.036250000000000004 0.07089500000000001
0 0.6638671875 0.3186269562682216 0.053750000000000075 0.097015
