0 0.21765658333333335 0.4571484375 0.11333300000000002 0.31125
0 0.23234375 0.6666796875 0.05666699999999999 0.16375000000000006
0 0.4371878333333334 0.3912890625 0.40333299999999994 0.45625
0 0.2850003333333333 0.6601171875 0.04333300000000003 0.11624999999999996
0 0.3205729166666667 0.326796875 0.09166699999999998 0.15375
0 0.3690625 0.6784375 0.08 0.14125
0 0.4161975833333333 0.674453125 0.08166700000000009 0.161875
0 0.44265625 0.680390625 0.07250000000000001 0.14500000000000002
0 0.48755208333333333 0.6744921875 0.06666700000000003 0.17937500000000006
0 0.532083 0.6854296875 0.06333400000000007 0.16249999999999998
0 0.5893746666666666 0.3752734375 0.17750000000000007 0.31125
0 0.5860934166666666 0.6805859375 0.07749999999999997 0.17125
0 0.637083 0.685390625 0.06333400000000007 0.1775
0 0.706458 0.42609375 0.1574999999999999 0.36874999999999997
