0 0.0078125 0.7265791903367496 0.015625 0.05065600000000001
0 0.033203125 0.9254013133235724 0.068125 0.145403
0 0.0249609375 0.7393704172767204 0.014375000000000002 0.032832999999999994
0 0.0610546875 0.7169696749633968 0.0075 0.03846199999999999
0 0.067734375 0.7078171903367496 0.012499999999999997 0.05159500000000012
0 0.100625 0.7236940922401172 0.031875 0.07129500000000007
0 0.1750390625 0.7113157364568082 0.11187500000000002 0.08536500000000012
0 0.6165625 0.7906945285505124 0.765625 0.307692
0 0.7130078125 0.777823699853587 0.041874999999999996 0.1538460000000001
0 0.9744140625 0.913275411420205 0.04937500000000006 0.12476599999999989
