0 0.017578125 0.5925906076134699 0.03625 0.08442800000000003
0 0.0322265625 0.5248383133235724 0.065625 0.14634100000000005
0 0.166171875 0.5337892210834553 0.1525 0.07504699999999996
0 0.2808203125 0.4945476383601757 0.150625 0.10694199999999998
0 0.34734375 0.6941752825768668 0.27375 0.1228900000000001
0 0.3884375 0.4119514787701317 0.11125000000000002 0.080676
0 0.4303125 0.5105647364568082 0.10999999999999999 0.0853660000000001
0 0.6254296875 0.602540896046852 0.22499999999999998 0.11163300000000008
0 0.5656640625 0.46295025183016103 0.08187500000000003 0.09849899999999998
0 0.6773828125 0.38827196339677894 0.07374999999999998 0.06754200000000002
0 0.758359375 0.58039560761347 0.16875000000000007 0.08255100000000011
0 0.829453125 0.5238119941434847 0.12937500000000002 0.09193199999999992
0 0.8190234375 0.41442370571010245 0.09312500000000001 0.06191400000000008
0 0.8469140625 0.44437260761346997 0.14312499999999995 0.082552
