0 0.0396484375 0.32130886343612336 0.029375 0.08834599999999995
0 0.09203125 0.3341131512481645 0.04000000000000001 0.11748099999999999
0 0.15328125 0.32260043612334804 0.03999999999999998 0.107143
0 0.1858203125 0.31566986343612335 0.02687500000000001 0.08834499999999997
0 0.209296875 0.3315857254038179 0.05875 0.15601500000000004
0 0.2466015625 0.3108530058737151 0.03437500000000002 0.08458599999999998
0 0.2766796875 0.35414386490455213 0.03875000000000001 0.10996200000000003
0 0.2837109375 0.30010457415565345 0.014375000000000027 0.03853400000000002
0 0.3012890625 0.3005161453744494 0.018125000000000002 0.036654000000000006
0 0.31984375 0.301807718061674 0.023749999999999993 0.05545099999999997
0 0.3476953125 0.3030414317180617 0.026874999999999982 0.044172999999999976
0 0.3794140625 0.2957571468428781 0.01937500000000003 0.05733099999999998
0 0.3987890625 0.29240871806167407 0.01874999999999999 0.055451999999999994
0 0.4515625 0.29094028928046994 0.016250000000000042 0.05169199999999994
0 0.46953125 0.2932318604992658 0.00874999999999998 0.049812000000000016
0 0.5040625000000001 0.2889434317180617 0.01687500000000003 0.04511299999999998
0 0.691875 0.414589718061674 0.03312499999999996 0.05545099999999993
0 0.7265625 0.39931586343612335 0.01749999999999996 0.08834599999999995
0 0.7618359375 0.3989020132158591 0.07687500000000003 0.18514999999999998
0 0.8885546875 0.39778287812041113 0.10124999999999995 0.295113
0 0.8651171875 0.28277600293685756 0.02312499999999995 0.04229299999999997
0 0.910703125 0.3860354478707782 0.09875 0.27161599999999997
0 0.976484375 0.37323116005873713 0.04437500000000005 0.243421
