0 0.8229687499999999 0.7079296875 0.08666699999999998 0.13250000000000006
0 0.23307291666666666 0.6327343750000001 0.4675 0.731875
0 0.27703125 0.45515625 0.04083300000000004 0.10249999999999998
0 0.30817675 0.4419921875 0.05666700000000006 0.14812499999999995
0 0.4169270833333334 0.436171875 0.15916699999999998 0.15375000000000005
0 0.3833336666666667 0.7091796875 0.08499999999999996 0.16249999999999998
0 0.5579684166666666 0.3665234375 0.045000000000000005 0.09250000000000003
0 0.555625 0.271875 0.031666999999999966 0.09562499999999999
0 0.6130725833333334 0.37828125 0.051666999999999984 0.10249999999999998
0 0.619583 0.6975 0.063334 0.09562499999999996
0 0.6118229166666667 0.2366796875 0.029167000000000016 0.06874999999999998
0 0.6421354166666666 0.3915234375 0.04583300000000001 0.030624999999999958
0 0.67619825 0.4255859375 0.04083300000000012 0.10749999999999998
0 0.6815621666666667 0.2274609375 0.03666699999999993 0.076875
0 0.71453125 0.232578125 0.040832999999999973 0.06812500000000002
0 0.7248961666666668 0.4483203125 0.038332999999999874 0.08875
0 0.7342705 0.3787109375 0.04833399999999995 0.04625000000000001
0 0.758125 0.2119140625 0.03250000000000005 0.08187499999999998
0 0.7751045 0.439296875 0.048333000000000105 0.09000000000000002
0 0.8301559166666667 0.2287109375 0.029167000000000016 0.07687500000000003
0 0.8748961666666667 0.3891796875 0.03666600000000001 0.10062500000000002
0 0.9404684166666666 0.2315625 0.04583400000000015 0.07874999999999999
0 0.9748961666666668 0.2297265625 0.03666600000000001 0.065
