0 0.4990234375 0.0811455 0.999375 0.14166700000000002
0 0.4990234375 0.27781249999999996 0.999375 0.26583300000000004
0 0.15171875 0.4344267499999999 0.024999999999999994 0.11916700000000002
0 0.2411328125 0.5496871666666666 0.07250000000000004 0.19500000000000006
0 0.245 0.4368225833333333 0.03250000000000003 0.11250000000000004
0 0.2980859375 0.47958366666666663 0.04562499999999997 0.14666600000000005
0 0.3848046875 0.4155205 0.03875000000000001 0.10999999999999995
0 0.708359375 0.4760413333333333 0.043749999999999956 0.1366670000000001
0 0.7266015625 0.4828124999999999 0.03375000000000006 0.14250000000000007
0 0.8362890625 0.4370833333333333 0.05062500000000003 0.106667
0 0.8599609375 0.4740104166666667 0.04562500000000003 0.14000000000000004
0 0.969296875 0.51755175 0.05937500000000007 0.15000000000000005
