0 0.043923865300146414 0.740234375 0.090056 0.26312500000000005
0 0.12609943631039533 0.7960546875 0.23827399999999999 0.35
0 0.13253395754026354 0.5594140625 0.159475 0.04999999999999993
0 0.08721606149341142 0.56078125 0.04690399999999999 0.04062500000000002
0 0.11213219033674963 0.65640625 0.051594999999999974 0.10250000000000004
0 0.14144070571010248 0.5578125 0.06379000000000001 0.04749999999999999
0 0.14320344802342608 0.651640625 0.05628499999999998 0.05125000000000002
0 0.18601267496339677 0.561953125 0.040338 0.03562499999999991
0 0.2865460922401171 0.692890625 0.07129499999999998 0.05125000000000002
0 0.3193790922401171 0.6938671875 0.07223299999999999 0.05312499999999998
0 0.36772128257686676 0.7865234375 0.12007500000000003 0.31125
0 0.3368613191800878 0.6643359375 0.05347000000000002 0.04625000000000001
0 0.43546585944363103 0.79984375 0.179174 0.36875
