0 0.041640625 0.8645312500000001 0.0825 0.16500000000000004
0 0.112578125 0.8405208333333333 0.09812499999999999 0.15166700000000008
0 0.1139453125 0.951042 0.08937499999999998 0.09500000000000004
0 0.146875 0.7772913333333333 0.09437499999999999 0.20000000000000004
0 0.223125 0.9470833333333334 0.09562499999999999 0.10416700000000005
0 0.2612890625 0.8824475833333333 0.08124999999999999 0.14500000000000002
0 0.255 0.64661425 0.0625 0.22750000000000004
0 0.283984375 0.3061975833333333 0.04312499999999997 0.08250000000000002
0 0.2989453125 0.951042 0.05812499999999998 0.09416599999999997
0 0.31078125 0.75630175 0.07124999999999998 0.21166700000000013
0 0.31609375 0.6503645833333334 0.05562499999999998 0.20666700000000007
0 0.3180078125 0.5260413333333332 0.04250000000000004 0.135834
0 0.3526171875 0.96625 0.05375000000000002 0.06333299999999993
0 0.391796875 0.8717184166666666 0.09000000000000002 0.23250000000000007
0 0.3880078125 0.5222913333333333 0.04249999999999998 0.19999999999999996
0 0.5447656249999999 0.6006774166666666 0.23937500000000006 0.38916600000000007
0 0.468828125 0.8130729166666666 0.06750000000000006 0.21833300000000003
0 0.4790625 0.367917 0.048750000000000016 0.19000000000000003
0 0.5999609375 0.24848991666666667 0.23250000000000004 0.27916599999999997
0 0.5275390625 0.38098925 0.04937499999999995 0.1975
0 0.6256640625 0.41307325 0.05062500000000003 0.134166
0 0.6518359375 0.9218229166666667 0.07624999999999993 0.15416700000000003
0 0.8101953125 0.13692675 0.213125 0.24333400000000002
0 0.8482421875 0.9478121666666667 0.05312499999999998 0.10083400000000002
