0 0.0546875 0.743913289897511 0.11 0.5084429999999999
0 0.1933984375 0.5880320863836017 0.03 0.16135100000000002
0 0.44421875 0.6709525841874084 0.30625 0.44746700000000006
0 0.3676953125 0.6590120380673499 0.15125 0.4118200000000001
0 0.41328125 0.6352960805270864 0.070625 0.25234500000000004
0 0.4859765625 0.6305791420204978 0.06562500000000004 0.30112599999999995
0 0.549375 0.6395664919472913 0.09375 0.37711
0 0.7808984375 0.7129562898975109 0.21750000000000003 0.509381
0 0.7003125 0.5953958901903368 0.04749999999999999 0.203565
0 0.7221875 0.6462285285505125 0.07937499999999997 0.3095689999999999
0 0.8468359375 0.6688308477306003 0.07687500000000003 0.36116300000000007
