0 0.0917261875 0.747740875 0.053922 0.153594
0 0.1548523125 0.7471975625 0.026144 0.09640599999999999
0 0.1852216875 0.7425773125 0.037581 0.11928099999999997
0 0.2433680625 0.7411856875 0.04901999999999998 0.16339799999999993
0 0.2907924375 0.71234125 0.031046000000000018 0.04084999999999994
0 0.31201525 0.7438921875 0.04084899999999997 0.11601300000000003
0 0.3662745625 0.7403424375 0.03431400000000001 0.09313800000000005
0 0.5962716875 0.72944775 0.07026100000000002 0.1503270000000001
0 0.6554905625 0.703495625 0.034313999999999956 0.05228700000000008
0 0.7835798125 0.7073826875 0.04248400000000008 0.068627
