0 0.241328125 0.7761539203539822 0.06687500000000002 0.2842299999999999
0 0.1536328125 0.753867017699115 0.04250000000000001 0.1605290000000001
0 0.2625 0.5226420501474925 0.03125 0.11992400000000007
0 0.320625 0.577582238938053 0.033125000000000016 0.15297400000000005
0 0.3556640625 0.44344708259587023 0.01937500000000003 0.077432
0 0.4677734375 0.5710347551622419 0.030000000000000027 0.13125600000000004
0 0.495546875 0.5571044601769912 0.02812500000000001 0.141643
0 0.587734375 0.6332952389380531 0.043749999999999956 0.15297400000000005
0 0.665703125 0.5396933864306785 0.03562500000000002 0.14730899999999997
0 0.7177734375 0.56094397640118 0.02937500000000004 0.12181299999999995
0 0.8290625 0.43405841887905605 0.016249999999999987 0.10387200000000005
0 0.8733203125 0.4468653451327434 0.02562500000000001 0.10670399999999997
0 0.89421875 0.3721494926253688 0.024375000000000036 0.10292699999999995
0 0.9188671875 0.42556041887905605 0.02187500000000009 0.10481599999999999
0 0.9318359375 0.3142594513274336 0.014999999999999902 0.06232300000000002
0 0.9826953125 0.40266371386430677 0.02562500000000001 0.09254000000000004
