0 0.0519140625 0.7291280810092962 0.05 0.385204
0 0.0739453125 0.7020693147410358 0.08875 0.4166669999999999
0 0.3319921875 0.6200674448871182 0.023125000000000007 0.18282300000000004
0 0.351796875 0.6498669760956175 0.06 0.24744900000000006
0 0.4081640625 0.6227610185922975 0.050000000000000044 0.25425099999999995
0 0.4534765625 0.6377143598937584 0.065 0.171769
0 0.459375 0.5642905524568392 0.03250000000000003 0.07142800000000006
0 0.4834765625 0.6001471261620186 0.03375 0.14115600000000003
0 0.5134375 0.6329746786188579 0.04749999999999999 0.210885
0 0.53546875 0.6101785723771581 0.024374999999999925 0.198979
0 0.5627734375 0.6362031248339973 0.06125000000000003 0.267007
