0 0.1378125 0.649576626647145 0.04749999999999999 0.28772200000000003
0 0.1721875 0.5719216383601757 0.015625 0.10590400000000005
0 0.1879296875 0.5932401844802343 0.03875000000000001 0.142455
0 0.3001953125 0.5990395402635432 0.02562500000000001 0.127461
0 0.311171875 0.5543481537335285 0.02812500000000001 0.11714999999999996
0 0.338046875 0.5974591537335285 0.028124999999999956 0.11715100000000002
0 0.44234375 0.6432530805270863 0.14875 0.253983
0 0.5313671875 0.5813537364568082 0.021874999999999978 0.08622300000000009
0 0.6190625 0.6386843382137628 0.171875 0.25960599999999995
0 0.7793359375 0.5984523133235725 0.14 0.14620500000000003
0 0.9179296875 0.6901052035139091 0.16249999999999998 0.347704
