0 0.4736329375 0.65625025 0.07617200000000002 0.2591139999999999
0 0.06054725 0.6236976666666666 0.04101500000000001 0.14713600000000007
0 0.06640631250000001 0.5338539166666666 0.025391000000000004 0.029948000000000086
0 0.0761719375 0.5130209166666666 0.014648000000000008 0.029948000000000013
0 0.15722625 0.51302125 0.071289 0.04166599999999998
0 0.2021479375 0.5221355833333333 0.014648999999999995 0.052083000000000025
0 0.2412110625 0.5273441666666666 0.05078099999999999 0.037760000000000016
0 0.25878924999999997 0.5833335 0.04003900000000002 0.11197900000000005
0 0.2890625 0.5182289166666666 0.015625 0.0286460000000001
0 0.321288625 0.5572918333333333 0.020508000000000026 0.027344000000000035
0 0.3388669375 0.5208328333333334 0.013671999999999962 0.02604199999999997
0 0.3671875 0.541667 0.015625 0.06380199999999998
0 0.3955075 0.529948 0.017577999999999983 0.03255200000000006
0 0.422851375 0.5338539166666666 0.01269600000000004 0.029948000000000086
0 0.4873045 0.56250025 0.017578000000000038 0.04166599999999998
0 0.5126954375 0.56640625 0.029297000000000017 0.040364999999999984
0 0.5488280625 0.5611979166666666 0.018554999999999988 0.02864599999999995
0 0.705077875 0.6054690833333334 0.027344000000000035 0.03515599999999989
0 0.740233875 0.56510425 0.027343999999999924 0.10286499999999998
0 0.92187475 0.570312 0.02343800000000007 0.0625
