0 0.046015625 0.25922279765395895 0.08374999999999999 0.43621000000000004
0 0.037109375 0.7569444838709677 0.075625 0.4840529999999999
0 0.1254296875 0.7396711876832844 0.06875 0.280488
0 0.16023437499999998 0.8763326041055719 0.10625 0.24296399999999987
0 0.27457031249999997 0.2729475542521994 0.12062500000000001 0.46341399999999994
0 0.471015625 0.9597338914956013 0.05125000000000002 0.07598499999999986
0 0.5016015625 0.2126099706744868 0.09687500000000004 0.427767
0 0.608671875 0.039589442815249266 0.05875000000000008 0.079737
0 0.67484375 0.559528348973607 0.15000000000000002 0.43996299999999994
0 0.8769921875 0.020527859237536656 0.053750000000000075 0.041276
