0 0.203125 0.5064338966565349 0.40625 0.17704300000000012
0 0.2818359375 0.6660228176291794 0.076875 0.254864
0 0.3807421875 0.6580547112462006 0.085625 0.319066
0 0.4155078125 0.7203117112462006 0.073125 0.3171199999999999
0 0.4397265625 0.5079565440729482 0.06562500000000004 0.13326800000000005
0 0.48234375 0.6992154407294833 0.05499999999999999 0.309338
0 0.5681640625 0.6876012522796352 0.08062500000000006 0.33463
0 0.6125390625 0.6891856018237082 0.050000000000000044 0.2694560000000001
0 0.6540625 0.686203009118541 0.04749999999999999 0.3375479999999999
0 0.69625 0.6990322249240122 0.06312499999999999 0.324902
0 0.756015625 0.5490574620060791 0.05125000000000002 0.09533100000000001
0 0.7779296875 0.7078518176291794 0.06874999999999998 0.2548639999999999
0 0.826953125 0.7538736565349544 0.12937500000000002 0.292801
0 0.80890625 0.5594537325227963 0.039999999999999925 0.10603100000000007
0 0.8447265625 0.5584190303951369 0.034375000000000044 0.12548599999999993
0 0.9329296875 0.7379364437689969 0.13187499999999996 0.422179
