0 0.08597656249999999 0.6878290805270864 0.09687500000000002 0.25422100000000003
0 0.183125 0.6694347920937043 0.09375 0.22514099999999998
0 0.25679687500000004 0.6558457613469986 0.05875 0.20168899999999998
0 0.308046875 0.6314298228404099 0.06 0.24765500000000001
0 0.391484375 0.5770544787701317 0.043125000000000024 0.08067600000000012
0 0.43078125 0.6611319882869692 0.07124999999999998 0.1829270000000001
0 0.5217968749999999 0.6538113440702781 0.05937500000000001 0.167918
0 0.5793359375 0.6866271229868228 0.04500000000000004 0.09568500000000005
0 0.66609375 0.6508830863836017 0.05499999999999994 0.16135100000000002
0 0.708984375 0.610747663250366 0.043749999999999956 0.22138800000000003
0 0.8487890625 0.6041115651537335 0.050000000000000044 0.24202600000000002
