0 0.5938417976539588 0.4082035625 0.435484 0.41015599999999997
0 0.10410596187683285 0.56152375 0.054251999999999995 0.024414000000000047
0 0.33577713489736066 0.9365233125 0.045455000000000016 0.08789100000000005
0 0.36510230791788856 0.9384763125 0.036656999999999974 0.08789100000000005
0 0.3592371026392962 0.8789059375 0.013196999999999981 0.013672000000000017
0 0.38416382697947216 0.8798825 0.00879799999999996 0.015625
0 0.43108537829912025 0.909179625 0.017595000000000027 0.05175799999999997
0 0.4516133782991203 0.8925783125 0.017594999999999944 0.02636700000000003
0 0.4750734809384164 0.91796875 0.026392999999999986 0.05566400000000005
0 0.6070377565982404 0.911132625 0.02932599999999994 0.05175799999999997
0 0.6378296539589443 0.9042968125 0.01759599999999992 0.04199199999999992
0 0.9237537829912024 0.67089875 0.14809399999999992 0.43164
