0 0.5549904999999999 0.45895691202346034 0.14133800000000002 0.2760560000000001
0 0.0595703125 0.4949845659824047 0.120075 0.29389699999999996
0 0.185288375 0.6173282727272728 0.19949899999999998 0.5455399999999999
0 0.1922104375 0.31743119354838706 0.185741 0.194366
0 0.36505387499999997 0.7465081378299121 0.3089430000000001 0.5032859999999999
0 0.3996961875 0.3915820146627566 0.14821799999999996 0.28826300000000005
0 0.42415925 0.25737896187683285 0.04065000000000002 0.055399
0 0.480193875 0.30237130205278595 0.09068200000000004 0.12300400000000002
0 0.6505743125 0.32284768035190614 0.08880600000000005 0.13521100000000003
0 0.6645065625 0.1995746862170088 0.03439600000000009 0.052581999999999976
0 0.706759125 0.2088481348973607 0.036897999999999986 0.04413200000000001
0 0.71371525 0.2680546158357771 0.040649999999999964 0.07323900000000003
0 0.784575625 0.488680560117302 0.17698599999999998 0.38121999999999995
0 0.7604119375 0.3247761612903226 0.07692399999999999 0.16150299999999998
0 0.7465868125 0.2117806862170088 0.04252599999999995 0.05164399999999999
0 0.812757625 0.2121283401759531 0.05128199999999994 0.067605
0 0.8661800625 0.20942689149560118 0.08067599999999997 0.07511699999999998
0 0.926395375 0.3484171935483871 0.136961 0.19624399999999997
0 0.94947725 0.22099006451612904 0.07191999999999998 0.06666699999999999
