0 0.4837890625 0.5106785829662261 0.05062500000000003 0.16274700000000003
0 0.0244140625 0.7133217547723936 0.05 0.5691440000000001
0 0.3428125 0.5422510117474303 0.04749999999999999 0.16462799999999994
0 0.4036328125 0.5910782936857563 0.073125 0.11194700000000007
0 0.4078515625 0.5037272907488987 0.03437499999999999 0.07149600000000012
0 0.4498828125 0.5116668619676946 0.04125000000000001 0.06961399999999998
0 0.4612109375 0.6013114361233481 0.04625000000000001 0.1063029999999999
0 0.57015625 0.645180443465492 0.07187500000000002 0.20978399999999994
0 0.597421875 0.6437120146842878 0.028124999999999956 0.20602099999999998
0 0.6446484375 0.6629854449339208 0.06187500000000001 0.2314199999999999
0 0.674921875 0.648529872246696 0.05999999999999994 0.2116659999999999
