0 0.0546875 0.8787493074670572 0.111 0.23688199999999995
0 0.1289296875 0.4346684187408492 0.256 0.511244
0 0.1500859375 0.903264374816984 0.078 0.19040499999999996
0 0.2915859375 0.5347318360175696 0.202 0.5442279999999999
0 0.2769453125 0.9278840556368961 0.088 0.13943099999999994
0 0.42478125 0.9371261537335286 0.10299999999999998 0.1199399999999999
0 0.5255390625 0.49187505710102486 0.20600000000000002 0.6176910000000001
0 0.62278125 0.9386600248901903 0.10300000000000009 0.11694200000000005
0 0.78790625 0.46382197071742315 0.259 0.45427200000000006
0 0.7636875 0.9294189267935579 0.10999999999999999 0.13643199999999994
0 0.8986328125 0.3867631610541728 0.19899999999999995 0.503748
0 0.900359375 0.9001956325036603 0.137 0.196402
