0 0.49609375 0.4947916666666667 0.99375 0.929167
0 0.08359325000000001 0.8596350833333334 0.07031299999999999 0.19166700000000012
0 0.1140625 0.8588541666666666 0.048436999999999994 0.19375000000000023
0 0.18984325 0.8674475833333334 0.10156300000000001 0.20624999999999996
0 0.348046375 0.8872399166666667 0.043750999999999984 0.2166659999999999
0 0.46796925 0.8440100833333334 0.04062399999999999 0.16041700000000012
0 0.55234375 0.8682288333333332 0.05625000000000002 0.18333400000000002
0 0.67734325 0.8601565833333332 0.04062600000000005 0.17708299999999996
0 0.791796875 0.8546875000000002 0.05937500000000007 0.172917
0 0.8404296875 0.85442675 0.07031199999999993 0.18125000000000005
0 0.934766125 0.8664062500000002 0.067187 0.19583299999999979
