0 0.0170703125 0.6632883806734994 0.025625 0.10131399999999988
0 0.1176171875 0.6862853499267936 0.023125000000000007 0.07879900000000004
0 0.150625 0.6809981229868228 0.03312499999999999 0.09474700000000007
0 0.356875 0.7749655402635433 0.03187499999999999 0.128517
0 0.3662109375 0.7652687057101025 0.015000000000000013 0.06378899999999989
0 0.40046875 0.7621560922401173 0.024375000000000036 0.07317100000000001
0 0.4231640625 0.7690389267935577 0.01937500000000003 0.13696000000000008
0 0.4881640625 0.7773676691068813 0.01937500000000003 0.13133200000000006
0 0.512265625 0.8135667364568081 0.020625000000000004 0.08630400000000006
0 0.7103125 0.6963681171303074 0.04749999999999999 0.1857410000000001
