0 0.4990234375 0.5010413333333333 0.999219 0.3541669999999999
0 0.2095700625 0.5877600833333333 0.08046900000000001 0.2531249999999999
0 0.332031 0.5734378333333333 0.12656299999999998 0.277083
0 0.419921875 0.5510413333333334 0.06015599999999999 0.22916700000000004
0 0.494531 0.5875003333333333 0.12500000000000006 0.2625
0 0.5669921875 0.54192675 0.08437499999999998 0.21250000000000005
0 0.65781275 0.6072913333333333 0.0867190000000001 0.2614590000000001
0 0.746484125 0.5276038333333334 0.066407 0.18229200000000004
0 0.828515875 0.5635413333333333 0.058594000000000035 0.1979169999999999
0 0.8529294375 0.5994788333333333 0.09296899999999997 0.2770840000000001
0 0.965234125 0.5992190833333333 0.066407 0.2854160000000001
