0 0.575195 0.1273794729136164 0.125 0.172767
0 0.021484375 0.5563689267935579 0.042969 0.13762799999999994
0 0.0654300625 0.6105418653001464 0.049804 0.08784799999999998
0 0.1718746875 0.5885799267935579 0.06835999999999998 0.13616400000000004
0 0.2070313125 0.12737911713030747 0.056641 0.18594399999999997
0 0.204101375 0.5754022825768668 0.04296900000000001 0.12152300000000006
0 0.24023425 0.5651539267935578 0.040038999999999964 0.13469999999999996
0 0.31152325 0.08199099414348462 0.10253900000000005 0.090776
0 0.335937875 0.5431913748169839 0.028320000000000012 0.19180099999999994
0 0.345703375 0.5739383748169838 0.042969000000000035 0.19033700000000003
0 0.4306640625 0.5607613074670571 0.11328100000000002 0.23426100000000002
0 0.4648435 0.07467041142020497 0.11132799999999993 0.12298699999999999
0 0.525390125 0.5622255036603221 0.035156999999999994 0.19472899999999993
0 0.556640375 0.5344073748169839 0.04394600000000004 0.1918010000000001
0 0.557617375 0.5695461478770132 0.04394500000000001 0.20937
0 0.7978513125 0.7218153513909225 0.40136700000000003 0.553441
0 0.9023433125 0.09663250366032211 0.08789100000000005 0.194729
