0 0.0068359375 0.4118229166666667 0.014375 0.03083299999999996
0 0.0078125 0.3815104166666667 0.016875 0.014999999999999977
0 0.0263671875 0.5426038333333333 0.053125 0.33916700000000005
0 0.0231640625 0.400625 0.018125000000000002 0.03249999999999997
0 0.0654296875 0.4971354166666666 0.037500000000000006 0.170833
0 0.06957031250000001 0.4075003333333333 0.025625000000000002 0.043333000000000066
0 0.0926171875 0.5304690833333333 0.05437499999999999 0.253333
0 0.1175390625 0.5270836666666666 0.01937499999999999 0.27249999999999996
0 0.1549609375 0.5405211666666666 0.07749999999999999 0.3183329999999999
0 0.1827734375 0.4218232499999999 0.030625000000000013 0.07083300000000008
0 0.2337109375 0.5297395833333334 0.07750000000000001 0.30166699999999996
0 0.2087109375 0.4205725833333333 0.015000000000000013 0.050000000000000044
0 0.253125 0.4260934166666666 0.03250000000000003 0.07583400000000003
0 0.278515625 0.422917 0.020625000000000004 0.0625
0 0.34734375 0.51651075 0.1175 0.30666600000000005
0 0.3044140625 0.4021354166666667 0.019374999999999976 0.04499999999999993
0 0.316328125 0.46161458333333333 0.03562499999999996 0.14333300000000002
0 0.38671875 0.43432325 0.02437499999999998 0.07250000000000001
0 0.408125 0.42333366666666666 0.03125 0.08416600000000003
0 0.4380078125 0.518333 0.07375000000000004 0.25
0 0.434765625 0.3894795 0.020625000000000004 0.01583300000000006
0 0.4682421875 0.4160940833333333 0.023125000000000007 0.035833000000000004
0 0.4775390625 0.38374966666666666 0.019374999999999976 0.022499999999999964
0 0.4885546875 0.47968783333333337 0.03875000000000006 0.151666
0 0.5039453125 0.39098991666666666 0.025624999999999953 0.029166000000000025
0 0.5149609374999999 0.44713575 0.044999999999999984 0.08749999999999998
0 0.54171875 0.49229133333333336 0.055624999999999925 0.20000000000000004
0 0.5448828125 0.4231770833333333 0.04249999999999998 0.098333
0 0.5825 0.44958366666666666 0.03125 0.14666600000000005
0 0.5889453125 0.4166666666666667 0.02562500000000001 0.08416700000000003
0 0.6276953125 0.43786491666666666 0.02562500000000001 0.12416599999999993
0 0.6480859375 0.45088575000000003 0.04625000000000001 0.15
0 0.6739453125 0.4103645833333333 0.026249999999999996 0.08250000000000002
0 0.6872265625 0.444167 0.03499999999999992 0.125833
0 0.70921875 0.4568229166666667 0.024375000000000036 0.15499999999999994
0 0.7444921875 0.43411425 0.02312499999999995 0.10333400000000004
0 0.775859375 0.4577600833333333 0.043749999999999956 0.16
0 0.8009765625 0.456458 0.03437499999999993 0.15666700000000003
0 0.83765625 0.44885383333333334 0.040000000000000036 0.153334
0 0.9048046875 0.4589065833333334 0.03749999999999998 0.1766659999999999
0 0.9371484375 0.40567675 0.02937500000000004 0.05666700000000002
0 0.9403515625 0.46609375 0.03375000000000006 0.11750000000000009
0 0.9864453125 0.46666633333333335 0.02562500000000001 0.16750000000000007
