0 0.7830625 0.5526882953020135 0.07999999999999996 0.19505499999999998
0 0.074453125 0.5613432281879195 0.13 0.04120899999999996
0 0.072828125 0.9214466577181208 0.098 0.1401100000000001
0 0.16571875 0.5595618926174497 0.023999999999999994 0.07692299999999994
0 0.177625 0.7533370469798657 0.032 0.068682
0 0.2215703125 0.3539196308724832 0.11999999999999997 0.159341
0 0.1865078125 0.5954642013422818 0.04199999999999998 0.06043999999999994
0 0.2262265625 0.5319015838926174 0.066 0.09340599999999999
0 0.2226015625 0.7494360738255034 0.034 0.04944999999999996
0 0.27371875 0.5605909932885906 0.023999999999999966 0.10714299999999997
0 0.3557109375 0.8885430939597315 0.10799999999999998 0.13461500000000004
0 0.3267890625 0.17232476510067116 0.018000000000000016 0.06593399999999999
0 0.3705078125 0.1570581744966443 0.04200000000000004 0.07967
0 0.4954765625 0.9297510939597315 0.12800000000000006 0.13461599999999996
0 0.4902734375 0.5492253758389262 0.062 0.137363
0 0.61296875 0.9144220671140939 0.08600000000000008 0.15384600000000018
0 0.6182265625 0.16358127516778523 0.06600000000000006 0.10989
0 0.7344140625 0.7223648120805369 0.050000000000000044 0.13186899999999996
0 0.7699453125 0.11054248322147651 0.08799999999999997 0.063187
0 0.7778515625 0.9284088120805369 0.09599999999999997 0.13186799999999987
0 0.747671875 0.7013897919463089 0.028000000000000025 0.046703999999999954
0 0.7627890625 0.6902759194630873 0.018000000000000016 0.05769199999999995
0 0.7787890625 0.6904642281879194 0.018000000000000016 0.04120800000000004
0 0.8067421875 0.6795376644295302 0.02199999999999991 0.03571399999999997
0 0.8744140625 0.7528355570469798 0.050000000000000044 0.11263800000000013
0 0.9097109375 0.16461037583892618 0.10799999999999998 0.137362
0 0.9464140625 0.7359135033557048 0.04999999999999993 0.1483520000000001
