0 0.09421875 0.6284833440702782 0.056249999999999994 0.16885599999999998
0 0.1126953125 0.6959916881405563 0.08812499999999998 0.3348959999999999
0 0.1565625 0.5335165461200586 0.016875 0.03658599999999995
0 0.1855859375 0.6449133133235725 0.04625000000000001 0.144465
0 0.2129296875 0.6535396691068814 0.03812500000000002 0.13039400000000007
0 0.2446875 0.6263970497803807 0.046875 0.23076899999999992
0 0.2803125 0.65112982284041 0.04812499999999997 0.24765399999999987
0 0.3012109375 0.5914864729136163 0.044999999999999984 0.17260700000000007
0 0.3335546875 0.6862247554904831 0.07 0.29174500000000003
0 0.3517578125 0.6058992459736456 0.04250000000000004 0.18855500000000003
0 0.3709375 0.5446602884333821 0.017500000000000016 0.03095700000000004
0 0.3967578125 0.6079596017569546 0.04187500000000005 0.17354599999999995
0 0.50125 0.7355932650073206 0.09437499999999999 0.393996
0 0.7087890625 0.5431260614934115 0.018125000000000058 0.047841999999999996
0 0.742734375 0.5558030307467057 0.013125000000000053 0.023452000000000094
0 0.7540625 0.5536985153733529 0.01750000000000007 0.014071999999999918
0 0.9846484375 0.6543202518301611 0.02937500000000004 0.097561
