0 0.5632421875 0.7639378418740849 0.24124999999999996 0.453095
0 0.28996093749999996 0.6282393938506589 0.20125 0.39681
0 0.2425 0.40471915373352857 0.06375000000000003 0.11726099999999998
0 0.3175 0.3910859633967789 0.033125000000000016 0.06754200000000006
0 0.362578125 0.48580602489019037 0.09812500000000002 0.1153849999999999
0 0.4482421875 0.6238470073206442 0.14749999999999996 0.388367
0 0.4052734375 0.4182640248901903 0.029374999999999984 0.11538499999999999
0 0.573515625 0.4553319941434846 0.05125000000000002 0.091932
0 0.59875 0.5291164421669107 0.09499999999999997 0.148218
0 0.6596484375 0.5605035344070278 0.12312499999999993 0.21669799999999997
0 0.687890625 0.4946349575402635 0.11375000000000002 0.159475
0 0.824453125 0.7664532284040995 0.34875 0.46247699999999997
0 0.8403515625 0.5538222767203513 0.22187500000000004 0.21294600000000008
0 0.847734375 0.5628355651537335 0.23062499999999997 0.2420260000000001
0 0.8896484375 0.5778004055636896 0.218125 0.21388400000000005
