0 0.0669921875 0.6642206408345753 0.05375 0.10209899999999988
0 0.1399609375 0.6580769538002981 0.045625 0.10496200000000001
0 0.2451953125 0.6589133278688524 0.05812500000000001 0.10114500000000007
0 0.3024609375 0.6612400149031298 0.04624999999999996 0.09732799999999994
0 0.7187109375 0.6682190760059612 0.04625000000000001 0.08874000000000005
0 0.7634375 0.6720360760059612 0.04749999999999999 0.086832
0 0.827890625 0.680205388971684 0.05249999999999999 0.08969500000000007
0 0.837734375 0.6999433278688525 0.043749999999999956 0.10114500000000007
0 0.882109375 0.680559266766021 0.04437500000000005 0.10973299999999996
0 0.941171875 0.6833046408345752 0.06000000000000005 0.10209899999999997
