0 0.733359375 0.6360940833333334 0.07437499999999997 0.2841660000000001
0 0.1940234375 0.54213575 0.061874999999999986 0.211666
0 0.3601171875 0.5670315833333334 0.05437500000000001 0.20666600000000002
0 0.3781640625 0.5755205 0.08124999999999999 0.23666700000000004
0 0.4783203125 0.5721875 0.05812500000000004 0.23583300000000004
0 0.5115234375 0.5933854166666667 0.06187499999999996 0.23416700000000001
0 0.5637890625 0.5513541666666667 0.05062499999999992 0.19333300000000006
0 0.6198046875 0.5861982499999999 0.07000000000000006 0.289166
0 0.6666796875 0.5278128333333334 0.03875000000000006 0.1841659999999999
0 0.7086328125 0.47161425 0.04125000000000001 0.10166699999999995
0 0.828046875 0.5692184166666666 0.05937500000000007 0.23416700000000001
