0 0.43270800000000004 0.2383984375 0.09583399999999997 0.09187499999999998
0 0.11963575 0.62265625 0.088333 0.10249999999999992
0 0.16416633333333333 0.72046875 0.16833399999999998 0.24375000000000002
0 0.18947916666666667 0.545703125 0.09999999999999998 0.09874999999999995
0 0.3372916666666666 0.7923828125 0.24166700000000005 0.26125
0 0.3244795 0.477734375 0.14083300000000007 0.13687500000000002
0 0.34583366666666665 0.2659375 0.08416599999999996 0.078125
0 0.4692711666666667 0.4690234375 0.13249999999999998 0.12312500000000004
0 0.48401075 0.204609375 0.05499999999999994 0.13812499999999997
0 0.5522399166666666 0.25328125 0.09166600000000003 0.07187499999999997
0 0.5927600833333334 0.4973828125 0.15999999999999992 0.13499999999999995
0 0.6122913333333334 0.77390625 0.19833399999999993 0.22687499999999994
0 0.5795833333333333 0.3930078125 0.106667 0.135
0 0.6428121666666667 0.2777734375 0.09999999999999994 0.09187499999999998
0 0.68203125 0.4470703125 0.1641670000000001 0.15187500000000004
0 0.6767184166666667 0.3379296875 0.10916700000000008 0.10062499999999996
0 0.7183850833333333 0.580078125 0.19083400000000003 0.16062500000000002
0 0.75401075 0.6891796875 0.18000000000000002 0.19437499999999996
0 0.7859371666666667 0.325 0.13249999999999998 0.09375
0 0.81453125 0.499140625 0.16416699999999995 0.1775
0 0.9157815833333333 0.342734375 0.14333300000000015 0.10562500000000002
0 0.9266145833333334 0.5022656249999999 0.14416700000000007 0.14499999999999996
0 0.9754684166666667 0.3824609375 0.04583400000000001 0.04625000000000001
