0 0.0361328125 0.5667295475841874 0.073125 0.5140710000000001
0 0.05671875 0.5094883265007321 0.08750000000000001 0.439962
0 0.1091796875 0.3504503499267936 0.03749999999999999 0.07692299999999992
0 0.2625 0.3521419941434847 0.03249999999999997 0.09287099999999995
0 0.3 0.3420956691068814 0.033125000000000016 0.131332
0 0.3564453125 0.37021173060029283 0.11937500000000001 0.17636
0 0.4355078125 0.33875454026354324 0.04250000000000004 0.12757999999999994
0 0.4783984375 0.32313209224011713 0.029374999999999984 0.07317
0 0.5373828125 0.32339504978038064 0.135625 0.228893
0 0.6279296875 0.30656192679355787 0.16374999999999995 0.13696099999999997
0 0.6010546875 0.3393949267935578 0.03874999999999995 0.1350840000000001
0 0.6383984375 0.3150221478770132 0.06062499999999993 0.20919399999999996
0 0.908515625 0.2840219882869693 0.1137499999999999 0.18292699999999998
0 0.965703125 0.3580703938506588 0.06687500000000002 0.3968100000000001
