0 0.4990234375 0.6919463529411765 0.999375 0.6129939999999999
0 0.14828125 0.9668523529411766 0.04000000000000001 0.0630879999999999
0 0.1675 0.9467182352941177 0.0325 0.09321999999999996
0 0.20625 0.9759198235294116 0.031875000000000014 0.045197000000000036
0 0.2449609375 0.9672647647058824 0.046249999999999986 0.06120499999999989
0 0.2930078125 0.9755064117647058 0.04249999999999998 0.04708100000000002
0 0.3364453125 0.9199292352941176 0.02562500000000001 0.14312600000000006
0 0.3736328125 0.8527362941176471 0.04249999999999998 0.07721300000000009
0 0.391328125 0.9473630000000001 0.06687499999999996 0.10169499999999984
0 0.40625 0.8399028235294117 0.03187499999999999 0.0969870000000001
0 0.7384375 0.8373518823529413 0.04875000000000007 0.17984899999999993
0 0.8533984375 0.7938684117647059 0.030625000000000013 0.14971799999999993
0 0.942265625 0.7524374117647058 0.05125000000000002 0.14877600000000002
