0 0.248203125 0.775 0.09812499999999999 0.37666700000000003
0 0.1587890625 0.7863545 0.113125 0.36166600000000004
0 0.4401171875 0.6030211666666666 0.021874999999999978 0.06833299999999998
0 0.4746875 0.6057291666666668 0.01687500000000003 0.038332999999999874
0 0.5154296875 0.6076045 0.007500000000000062 0.04833299999999996
0 0.5434375 0.6072395833333334 0.015625 0.051666999999999984
0 0.6532421875 0.6108336666666666 0.022500000000000075 0.08583300000000005
0 0.6733203125 0.60713575 0.026249999999999996 0.08749999999999998
0 0.6718359375 0.6052604166666667 0.013749999999999929 0.07749999999999997
0 0.70484375 0.6147399166666666 0.024375000000000036 0.09250000000000003
0 0.7888671875 0.626042 0.023125000000000062 0.09500000000000004
0 0.802265625 0.6158336666666666 0.020625000000000004 0.08583300000000005
0 0.8334765625 0.6111461666666668 0.03374999999999995 0.09999999999999994
