0 0.0166015625 0.11501398614318707 0.034375 0.113166
0 0.0263671875 0.03233256351039261 0.053125 0.066568
0 0.1064453125 0.7931449907621247 0.213125 0.4105030000000001
0 0.0690234375 0.055986314087759816 0.061250000000000006 0.10280999999999998
0 0.1702734375 0.3937512124711316 0.21749999999999997 0.5983719999999999
0 0.1330078125 0.054272517321016164 0.0725 0.10946700000000001
0 0.1982421875 0.03233256351039261 0.084375 0.066568
0 0.2476171875 0.3867252263279446 0.116875 0.4852070000000001
0 0.2366015625 0.10350425173210162 0.06499999999999997 0.11168600000000001
0 0.247578125 0.04503464203233257 0.06687499999999999 0.090976
0 0.3513671875 0.4254271339491917 0.27249999999999996 0.5732249999999999
0 0.2979296875 0.09374492378752887 0.06937500000000002 0.12352100000000002
0 0.300625 0.03695150115473441 0.0625 0.075444
0 0.354921875 0.12076529792147805 0.09000000000000002 0.06878700000000003
0 0.3704296875 0.046189376443418015 0.06937500000000002 0.09467499999999998
0 0.40796875 0.07526917321016166 0.08687500000000004 0.085799
0 0.411328125 0.1218295635103926 0.06812499999999999 0.06656800000000003
0 0.483828125 0.12971651732101616 0.06812500000000005 0.11020700000000003
0 0.52984375 0.25042895612009236 0.08687499999999998 0.193787
0 0.5237109375 0.15608736027713624 0.04500000000000004 0.05991099999999998
0 0.59640625 0.3849738198614319 0.16562500000000002 0.473373
0 0.66765625 0.5338390069284065 0.29000000000000004 0.4445269999999999
0 0.695234375 0.14986745496535797 0.07562500000000005 0.11982299999999999
0 0.7001171875 0.08367757967667436 0.08562500000000006 0.09985200000000001
0 0.71328125 0.02771362586605081 0.07125000000000004 0.056953
0 0.7542578125 0.35685257043879903 0.13624999999999998 0.509615
0 0.719765625 0.042725173210161664 0.051875000000000004 0.085799
0 0.77984375 0.04041570438799076 0.05500000000000005 0.082101
0 0.8095703125 0.13525639260969977 0.08812500000000001 0.12721800000000003
0 0.86734375 0.34274571131639725 0.14937500000000004 0.525148
0 0.9034765625 0.4812274272517321 0.19000000000000006 0.344674
0 0.827578125 0.06455229792147806 0.03624999999999989 0.06878699999999999
0 0.87765625 0.06722364203233257 0.07062499999999994 0.09097699999999999
0 0.8981640625 0.03464203233256351 0.08124999999999993 0.070266
0 0.93203125 0.7855233325635105 0.13375000000000004 0.28476299999999993
0 0.9509765625 0.5287585866050809 0.09625000000000006 0.54364
0 0.9587890625 0.16041050346420324 0.08062500000000006 0.223373
