0 0.267808875 0.3629281497005988 0.059080999999999995 0.07718200000000001
0 0.361666 0.3790842814371258 0.06345699999999999 0.140939
0 0.4127356875 0.3999412574850299 0.07002199999999997 0.13087300000000007
0 0.460134 0.37453259880239526 0.06345699999999999 0.302014
0 0.561025875 0.40365924550898197 0.05908099999999994 0.12416100000000005
0 0.60533175 0.4285855868263473 0.08752800000000005 0.29530200000000006
0 0.653544875 0.8937424071856288 0.12253799999999992 0.20469799999999994
0 0.64659975 0.46261529341317364 0.054705000000000004 0.14765099999999995
0 0.6965671875 0.5190894790419162 0.11597299999999999 0.24161099999999988
0 0.8312936875 0.9252902514970059 0.13129100000000005 0.1275169999999999
0 0.8752565 0.8822284550898204 0.10940899999999998 0.22818799999999997
