0 0.060546875 0.2761830501474926 0.12125 0.11992400000000003
0 0.1162109375 0.25743126253687315 0.014374999999999999 0.030216999999999983
0 0.134765625 0.2898253038348083 0.020625000000000004 0.06987699999999997
0 0.1845703125 0.34219499410029497 0.08812500000000001 0.28045400000000004
0 0.2492578125 0.2750760412979351 0.010000000000000009 0.04060399999999997
0 0.299140625 0.3226078790560472 0.08374999999999999 0.24551500000000004
0 0.3339453125 0.2692306725663717 0.026875000000000038 0.053824
0 0.384609375 0.2651564513274336 0.012500000000000011 0.06232300000000002
0 0.39796875 0.2795551563421829 0.024375000000000036 0.07554299999999996
0 0.4291015625 0.311949197640118 0.065 0.11236999999999996
0 0.4634375 0.2780802300884956 0.016874999999999973 0.07176599999999998
0 0.5135156249999999 0.3061038289085546 0.08312500000000006 0.129367
0 0.7941015625 0.3593723628318584 0.40937500000000004 0.267233
