0 0.2455859375 0.7742580683760684 0.046249999999999986 0.13953499999999994
0 0.2679296875 0.8566651111111112 0.07 0.22434999999999994
0 0.2784375 0.7906740683760684 0.048750000000000016 0.1381670000000001
0 0.32546875 0.8912948547008547 0.08687500000000004 0.21203800000000003
0 0.35578125 0.6520663589743589 0.04062500000000002 0.21887800000000004
0 0.4024609375 0.8663198803418803 0.07687499999999997 0.26265400000000005
0 0.516953125 0.8788921196581196 0.09875 0.23939800000000006
0 0.626875 0.886761111111111 0.125 0.2229820000000001
0 0.731953125 0.7995600854700855 0.0675 0.170999
0 0.793359375 0.8834258632478633 0.10562499999999997 0.228454
0 0.938671875 0.8478458974358974 0.12124999999999997 0.29822200000000004
