0 0.26009698540145987 0.172301875 0.08094800000000003 0.090611
0 0.29832754014598545 0.9011070625 0.030252999999999995 0.018385000000000096
0 0.4520276301703163 0.8892711875 0.03434200000000002 0.02232500000000004
0 0.5281492700729927 0.881072625 0.01635399999999995 0.02101099999999989
0 0.554713815085158 0.8820650625 0.01880599999999999 0.019041999999999892
0 0.6351239002433091 0.4315050625 0.049059999999999986 0.04924500000000004
0 0.6660953503649636 0.338521125 0.07522499999999992 0.06828700000000004
0 0.6442174501216544 0.380743625 0.02534799999999998 0.020355000000000012
0 0.7760025109489053 0.2686749375 0.19133299999999995 0.202233
0 0.8228072652068127 0.4065044375 0.04333600000000005 0.06106400000000001
0 0.8489722652068126 0.36490225 0.04251800000000013 0.03939600000000004
0 0.8714478102189781 0.4013348125 0.04415399999999997 0.04136599999999996
