0 0.142578125 0.7411983398692811 0.28625 0.515481
0 0.2222265625 0.5556161960784314 0.12874999999999998 0.253556
0 0.3134765625 0.6074932287581699 0.09749999999999998 0.29288699999999984
0 0.40890625 0.5100663529411765 0.07187499999999997 0.21255199999999994
0 0.454453125 0.5127791437908497 0.06687499999999996 0.26527199999999995
0 0.507421875 0.5438514901960785 0.08999999999999997 0.22761499999999998
0 0.56046875 0.5138785751633987 0.08750000000000002 0.25690399999999997
0 0.6090625 0.5580824575163399 0.0787500000000001 0.18577399999999997
0 0.6030859375 0.45007778431372547 0.04625000000000001 0.204184
0 0.633203125 0.42430080392156866 0.06687500000000002 0.151464
0 0.65578125 0.5731394901960785 0.10312500000000002 0.22928900000000002
0 0.7791796875 0.6763806274509805 0.28812499999999996 0.6443509999999999
0 0.731171875 0.3623211307189542 0.08999999999999997 0.16736400000000007
0 0.850546875 0.5456944771241831 0.08999999999999997 0.13305399999999995
0 0.9105859375 0.5198459215686275 0.10812499999999992 0.22175699999999995
0 0.9395703125 0.569398843137255 0.11937500000000001 0.44100399999999995
