0 0.1009375 0.5966742038567493 0.07937499999999999 0.319224
0 0.18515625 0.5959010247933885 0.10250000000000001 0.32363299999999995
0 0.2798046875 0.598991741046832 0.1 0.30070500000000006
0 0.3034765625 0.530266867768595 0.06562499999999999 0.282187
0 0.367265625 0.595521867768595 0.083125 0.28306899999999996
0 0.354140625 0.5364979944903582 0.05125000000000002 0.261904
0 0.392421875 0.46724831404958683 0.02812500000000001 0.08465599999999994
0 0.426171875 0.5329193002754821 0.06 0.238977
0 0.4437109375 0.5927089201101928 0.07687499999999997 0.29717800000000005
0 0.5030078124999999 0.5436111212121212 0.04250000000000004 0.24514900000000003
0 0.5205859374999999 0.5945310468319559 0.07687499999999997 0.2777780000000001
0 0.573671875 0.5369352782369147 0.05874999999999997 0.2839499999999999
0 0.608359375 0.5905593305785124 0.10624999999999996 0.29806000000000005
0 0.653984375 0.4379729338842976 0.07437500000000008 0.1410929999999999
0 0.6403515625 0.31087168044077135 0.03437499999999993 0.18077599999999996
0 0.6782421875 0.5854944049586777 0.08499999999999996 0.267196
0 0.751328125 0.5006633581267218 0.224375 0.9894180000000001
0 0.66890625 0.30695809090909093 0.03937499999999994 0.184304
0 0.9153125 0.5160257493112947 0.10999999999999999 0.41005300000000006
