0 0.1240234375 0.84125 0.24875 0.31416700000000003
0 0.1488671875 0.317917 0.08499999999999999 0.3133329999999999
0 0.21984375 0.5342708333333334 0.18062499999999998 0.340833
0 0.1840234375 0.32385416666666667 0.0925 0.31916700000000003
0 0.4323046875 0.48536425 0.19375000000000003 0.289167
0 0.41578125 0.29354166666666665 0.07125000000000004 0.179167
0 0.4675 0.25557291666666665 0.06312499999999999 0.093333
0 0.5486328125 0.35296875 0.07250000000000001 0.21250000000000005
0 0.57625 0.25130175 0.06312499999999999 0.08750000000000002
0 0.675234375 0.4898437500000001 0.16937499999999994 0.306667
0 0.665625 0.31427116666666666 0.12624999999999997 0.381666
0 0.7370703125 0.27526075 0.05687500000000001 0.11916599999999995
0 0.7617578125 0.38458299999999995 0.07374999999999998 0.18916699999999997
0 0.828359375 0.3496350833333333 0.10624999999999996 0.12916699999999995
0 0.8703515625 0.562917 0.19125000000000003 0.3133330000000001
0 0.9080859375 0.3409371666666667 0.07750000000000001 0.13249999999999998
0 0.951875 0.42140658333333336 0.09437499999999999 0.175833
