0 0.6407421875 0.5549173695014663 0.14812499999999995 0.6450699999999999
0 0.0419921875 0.5427142463343109 0.084375 0.43098600000000004
0 0.1550390625 0.5391680058651026 0.26937500000000003 0.9173709999999999
0 0.30660156250000004 0.5742557008797654 0.12812500000000002 0.338967
0 0.4079296875 0.5320823196480938 0.25625 0.8657269999999999
0 0.5344921875 0.5984880791788856 0.053749999999999964 0.352113
0 0.5551171875 0.613974284457478 0.053749999999999964 0.37746500000000005
0 0.7493359375 0.5975083108504399 0.1087499999999999 0.49295699999999987
0 0.9005078125 0.589755495601173 0.073125 0.31549299999999997
0 0.96265625 0.6150803167155425 0.07187500000000002 0.410328
