0 0.2697307672035139 0.7593359375 0.11059000000000001 0.23375
0 0.4520236749633968 0.6836328125 0.03842499999999994 0.04125000000000001
0 0.4989437730600293 0.67859375 0.019682000000000026 0.02375000000000005
0 0.5142333865300146 0.6833984375 0.010308999999999988 0.030625000000000013
0 0.5435199019033675 0.6784765625 0.020617999999999893 0.03375000000000006
0 0.5833489326500733 0.679453125 0.04404899999999999 0.03562500000000002
0 0.6246460307467057 0.680625 0.025305000000000022 0.03249999999999997
0 0.6424530307467057 0.6766015625 0.023431000000000014 0.03437499999999993
0 0.7283824172767204 0.67171875 0.033740000000000006 0.023749999999999938
0 0.7402166442166911 0.6728515625 0.015932000000000068 0.034375000000000044
0 0.8437195153733529 0.671796875 0.013120999999999971 0.02750000000000008
0 0.8803877730600292 0.67375 0.01780700000000005 0.032500000000000084
0 0.896786803806735 0.6746484375 0.041236999999999926 0.030625000000000013
