0 0.0527734375 0.6112383499267936 0.029375000000000005 0.07692299999999992
0 0.09890625 0.6270279326500733 0.03937499999999999 0.0450279999999999
0 0.13828125 0.6009193499267936 0.04000000000000001 0.07879899999999995
0 0.1775390625 0.6228630614934114 0.019374999999999976 0.04690400000000002
0 0.1876953125 0.5987005768667643 0.02562500000000001 0.06097600000000002
0 0.31 0.608677803806735 0.03187499999999999 0.042213999999999974
0 0.3627734375 0.6089063191800879 0.030624999999999958 0.05347099999999999
0 0.468515625 0.46263441727672033 0.020000000000000018 0.034709000000000025
0 0.4912109375 0.5977625768667643 0.04625000000000001 0.06097600000000002
0 0.5384375 0.64202821522694 0.04874999999999996 0.164166
0 0.6063671875 0.5937820614934114 0.02187500000000009 0.047843000000000135
0 0.6109375 0.365713803806735 0.016874999999999973 0.042213999999999974
0 0.6432421875 0.6018832884333822 0.023125000000000062 0.03095700000000004
0 0.662890625 0.6033915768667643 0.020625000000000004 0.05909900000000001
0 0.6840625 0.5995684787701318 0.016874999999999973 0.08067599999999996
0 0.7540234375 0.6743091478770131 0.09250000000000003 0.209194
0 0.892578125 0.636032503660322 0.03687499999999999 0.19418400000000002
0 0.9501171875 0.6126496017569546 0.053750000000000075 0.17542299999999994
