0 0.59960975 0.7539064999999999 0.05663999999999991 0.109375
0 0.6337894375 0.7526043333333332 0.029296999999999906 0.10416700000000005
0 0.7832035 0.8242191666666666 0.11132799999999998 0.16276000000000002
0 0.7539066875 0.7005209166666666 0.007812000000000041 0.029947999999999936
0 0.792968375 0.6835935000000001 0.01269600000000004 0.046875000000000076
0 0.8085938125 0.6848954166666666 0.01074200000000003 0.04557299999999994
0 0.824218875 0.7083336666666668 0.027344000000000035 0.054687000000000076
0 0.8945310625 0.8802084999999998 0.143555 0.23567700000000005
0 0.8564456875 0.6835939999999999 0.00781199999999993 0.033853999999999974
0 0.88085925 0.66796875 0.008789000000000047 0.055989999999999984
0 0.8935545 0.6705725 0.015625 0.046875
0 0.9511719375 0.80208325 0.045897999999999994 0.10286499999999998
0 0.9472659375 0.6653649166666668 0.013672000000000017 0.029947999999999936
