0 0.09765625 0.6125294128843338 0.19625 0.600375
0 0.2099609375 0.5815446881405564 0.2025 0.334897
0 0.314609375 0.4577695651537335 0.10624999999999996 0.24202599999999994
0 0.4658984375 0.7072322532942898 0.31124999999999997 0.5750470000000001
0 0.5293749999999999 0.45406172474377743 0.12562500000000004 0.2692300000000001
0 0.6106640624999999 0.717322737920937 0.236875 0.562852
0 0.665 0.45479714787701314 0.156875 0.210132
0 0.7220703125 0.7533643879941434 0.21375 0.488743
0 0.684375 0.37501598828696925 0.1256250000000001 0.18198900000000004
0 0.7732421875 0.5412508477306003 0.17937500000000006 0.361163
0 0.7984375 0.37956679209370425 0.171875 0.223264
0 0.8662109375 0.7223113513909224 0.265 0.5534709999999999
