0 0.1449554375 0.8229120559757943 0.09198100000000001 0.27970799999999996
0 0.1117523125 0.7612668895612708 0.025942999999999994 0.04753199999999993
0 0.1961781875 0.8507768850226929 0.054246000000000016 0.23948899999999992
0 0.248636875 0.8451682768532526 0.05896199999999999 0.1883
0 0.31979675 0.7835777140695915 0.05542399999999997 0.201097
0 0.380307 0.764856965204236 0.06367899999999999 0.151737
0 0.47973125 0.7198357700453858 0.07075499999999996 0.48080500000000004
0 0.55402425 0.5936958502269288 0.07075500000000001 0.39122500000000004
0 0.5911153125 0.678861880484115 0.08962199999999998 0.4351
0 0.6366638125 0.6871841467473525 0.103773 0.40767800000000004
0 0.725935875 0.7564687745839638 0.15330199999999994 0.285192
0 0.6949625625 0.6617858396369138 0.06603800000000004 0.17550299999999988
