0 0.2310551875 0.670735486090776 0.11718700000000001 0.4683839999999999
0 0.3091801875 0.6906268477306002 0.05468700000000004 0.360655
0 0.342577625 0.6531558477306003 0.051563000000000025 0.36299799999999993
0 0.4009765625 0.6648658477306002 0.06562499999999999 0.36065500000000006
0 0.461328125 0.6783275592972182 0.06718800000000003 0.332552
0 0.5044926875 0.6487664919472913 0.07031200000000004 0.37705
0 0.5541020625 0.6487664919472913 0.049998999999999905 0.37705
0 0.616015125 0.6628184919472914 0.06718800000000003 0.37704899999999986
0 0.678125 0.6748191054172767 0.06406299999999998 0.36768200000000006
0 0.72890625 0.6961947803806735 0.07187500000000002 0.40515200000000007
