0 0.05 0.32265943465491925 0.031875 0.08552699999999996
0 0.2454296875 0.5738186152716593 0.381875 0.6165419999999999
0 0.4807421875 0.44236303083700446 0.6793750000000001 0.43327
0 0.338046875 0.7216827239353891 0.08999999999999997 0.13721799999999995
0 0.3608984375 0.762566154185022 0.09249999999999997 0.15977400000000005
0 0.3360546875 0.537767577092511 0.03749999999999998 0.08082699999999998
0 0.3421875 0.567901436123348 0.048750000000000016 0.10620300000000003
0 0.3698046875 0.5976827224669603 0.06937500000000002 0.11560100000000002
0 0.67125 0.35760473274596183 0.65625 0.258459
0 0.387734375 0.7914664390602056 0.07437499999999997 0.14849599999999996
0 0.42328125 0.654425295154185 0.07187500000000002 0.13345799999999994
0 0.441796875 0.6955435800293686 0.06 0.12312100000000005
0 0.4735546875 0.7336070102790014 0.06937500000000002 0.14473699999999992
0 0.491953125 0.7853568693098385 0.09875 0.17199199999999992
0 0.5269140625 0.823244582966226 0.11312499999999998 0.16259399999999993
0 0.564921875 0.6352167239353891 0.09124999999999994 0.136278
0 0.601953125 0.6521337239353892 0.09875 0.13721799999999995
0 0.64125 0.6995382951541851 0.09499999999999997 0.13251800000000008
0 0.6926171875 0.744767013215859 0.08437499999999998 0.18703000000000003
0 0.7188671875 0.771552582966226 0.11624999999999996 0.16259400000000002
0 0.89359375 0.4935934375917767 0.05500000000000005 0.12782000000000004
0 0.9541796875 0.5221410102790014 0.06999999999999995 0.1447370000000001
