0 0.087890625 0.19791666666666666 0.176875 0.39666700000000005
0 0.1333984375 0.48229133333333335 0.03 0.07416700000000002
0 0.3114453125 0.3439583333333333 0.08812500000000001 0.19833299999999998
0 0.316875 0.2558336666666667 0.06437499999999996 0.08583299999999998
0 0.782421875 0.7388024166666667 0.028124999999999956 0.04666599999999995
0 0.785625 0.6319270833333334 0.03125 0.035000000000000066
0 0.7839453125 0.6832291666666667 0.02562500000000001 0.03833300000000003
0 0.789375 0.5704684166666666 0.03125 0.046667000000000014
0 0.81546875 0.4084375 0.055625000000000036 0.17333300000000004
0 0.811796875 0.6848961666666668 0.02750000000000008 0.038332999999999874
0 0.818125 0.5680725833333332 0.03312499999999996 0.05166700000000005
0 0.8144921875 0.6247395833333332 0.023125000000000062 0.05166700000000005
0 0.8476171875 0.63869825 0.022499999999999964 0.03916599999999996
0 0.8519921875 0.5802600833333332 0.02312499999999995 0.035000000000000066
0 0.885 0.5780725833333333 0.03125 0.04999999999999997
0 0.885546875 0.6297395833333334 0.028750000000000053 0.051666999999999984
0 0.8855859375 0.6873961666666667 0.013749999999999929 0.03750000000000009
