0 0.11 0.5123312262773723 0.03249999999999999 0.056956
0 0.19875 0.506491810218978 0.03312499999999999 0.04575099999999997
0 0.2065234375 0.5053203941605838 0.029375000000000012 0.03454800000000004
0 0.24765625 0.4927232262773723 0.03937500000000002 0.056956
0 0.2650390625 0.5817076350364963 0.05000000000000002 0.20915000000000006
0 0.3120703125 0.5850198248175182 0.02562500000000001 0.16433199999999995
0 0.4634375 0.5773947591240877 0.26625000000000004 0.22595699999999994
0 0.4428125 0.5780913430656934 0.048750000000000016 0.21381899999999995
0 0.5775 0.573578408759124 0.03187499999999999 0.15406099999999995
0 0.7462890625 0.5794178248175182 0.29999999999999993 0.16433199999999995
0 0.9142578125 0.5783357883211678 0.010624999999999996 0.06629299999999992
0 0.922890625 0.5806099343065694 0.020625000000000004 0.0625589999999999
0 0.9403125 0.5791500802919708 0.015625 0.058824000000000015
0 0.9478125 0.5806099343065694 0.015625 0.0625589999999999
