0 0.017578125 0.5793746666666667 0.036875 0.17916700000000008
0 0.0413671875 0.5455211666666666 0.023125 0.07000000000000013
0 0.0728515625 0.5289065833333334 0.033749999999999995 0.0499999999999999
0 0.1053125 0.52005175 0.016875 0.02583399999999984
0 0.144296875 0.5188538333333333 0.08999999999999998 0.2783339999999999
0 0.34890625 0.5435420000000001 0.10312500000000002 0.21999999999999997
0 0.37921875 0.5344788333333333 0.025000000000000022 0.05916699999999997
0 0.408828125 0.532083 0.03562500000000002 0.0625
0 0.439453125 0.6197913333333332 0.036250000000000004 0.07416700000000002
0 0.4647265625 0.5778649166666666 0.03437499999999999 0.124166
0 0.5205859374999999 0.5934371666666668 0.044999999999999984 0.13249999999999992
0 0.54640625 0.56744825 0.040000000000000036 0.10333299999999997
0 0.5762109375 0.5971878333333334 0.04625000000000001 0.15166599999999994
0 0.6215234375 0.5888545 0.030624999999999902 0.11000000000000017
0 0.6414453125 0.5410416666666666 0.02562500000000001 0.053333
0 0.700703125 0.5326559166666667 0.0675 0.28083400000000003
0 0.8247265625 0.6636979166666667 0.03500000000000003 0.1224999999999999
0 0.9361328125 0.5438545 0.07250000000000001 0.23666599999999996
