0 0.445859375 0.7326559166666667 0.07500000000000001 0.27999999999999997
0 0.0851953125 0.61140625 0.02625000000000001 0.13333299999999992
0 0.1368359375 0.61130175 0.013749999999999984 0.08666700000000005
0 0.155625 0.6138020833333334 0.03125 0.12833299999999995
0 0.1819921875 0.6248958333333333 0.022499999999999992 0.12166700000000012
0 0.2018359375 0.6154163333333332 0.013749999999999984 0.10499999999999998
0 0.218515625 0.6081770833333334 0.020000000000000018 0.09833299999999993
0 0.237265625 0.6063545 0.01999999999999999 0.11000000000000003
0 0.2803125 0.6089059166666666 0.016249999999999987 0.09333400000000003
0 0.3001953125 0.6120833333333334 0.026249999999999996 0.10499999999999998
0 0.315390625 0.6495836666666667 0.05250000000000005 0.14666599999999988
0 0.4880078125 0.6689065833333334 0.04249999999999998 0.176666
0 0.624296875 0.7337496666666666 0.05875000000000008 0.27333399999999997
0 0.6898046875 0.7669795 0.09999999999999998 0.391666
0 0.8248828125 0.7535940833333333 0.0737500000000001 0.2850000000000001
