0 0.9069140625 0.6650957290132549 0.17562500000000003 0.533019
0 0.026640625 0.5282869808541973 0.05125 0.16981100000000002
0 0.1082421875 0.5512057835051547 0.084375 0.20660399999999998
0 0.17828125 0.5330926377025037 0.040624999999999994 0.10188700000000005
0 0.3012109375 0.594586764359352 0.2025 0.37641500000000006
0 0.29898437499999997 0.5098800132547865 0.136875 0.19150899999999998
0 0.451015625 0.4679826185567009 0.14625000000000005 0.26886800000000005
0 0.544140625 0.557957058910162 0.20749999999999996 0.4084909999999999
0 0.6777734375 0.4266718674521355 0.030000000000000027 0.08679299999999995
0 0.7921484375 0.42922406480117825 0.02937500000000004 0.04999999999999998
