0 0.1834765625 0.523559326500732 0.346875 0.439962
0 0.37359375 0.5847446207906296 0.08750000000000002 0.37898699999999996
0 0.4536328125 0.4737435036603221 0.04250000000000004 0.19606000000000007
0 0.468515625 0.45846182869692537 0.020625000000000004 0.15572199999999994
0 0.4938671875 0.4536575710102489 0.02312499999999995 0.150094
0 0.5394921875 0.6397239092240117 0.085625 0.4080680000000001
0 0.5630859375 0.45072931332357247 0.04499999999999993 0.14634100000000005
0 0.7901953125 0.5396560263543192 0.12 0.5928709999999999
0 0.7622265625 0.45235957686676426 0.03375000000000006 0.06003699999999999
0 0.858125 0.5053062342606149 0.0625 0.36960600000000005
0 0.9429296875 0.49988752855051244 0.07000000000000006 0.30769199999999997
