0 0.6619921875 0.5573605525525526 0.05437499999999995 0.10576900000000003
0 0.178828125 0.42150900900900895 0.00437499999999999 0.01826900000000006
0 0.178828125 0.4412795105105105 0.00437499999999999 0.02115400000000003
0 0.1934765625 0.509586048048048 0.03375 0.09711600000000001
0 0.1854296875 0.4285950180180181 0.007500000000000007 0.03749999999999995
0 0.1948828125 0.42709351651651656 0.01125000000000001 0.03365399999999993
0 0.238515625 0.513669054054054 0.05125000000000002 0.11057700000000005
0 0.299921875 0.5155920540540541 0.02812500000000001 0.10865400000000008
0 0.3662890625 0.5029365135135135 0.01937500000000003 0.02788500000000002
0 0.3784765625 0.538077039039039 0.03437499999999999 0.07884699999999996
0 0.4514453125 0.5579815195195196 0.02562500000000001 0.04134599999999997
0 0.4685546875 0.52159806006006 0.03875000000000001 0.12115400000000007
0 0.4951171875 0.530859051051051 0.021874999999999978 0.10480700000000003
0 0.5941796875 0.5229815585585585 0.038124999999999964 0.1182690000000001
0 0.637734375 0.5177145225225226 0.01187500000000008 0.04519299999999994
0 0.80671875 0.5561100330330331 0.05499999999999994 0.06730800000000002
0 0.8480859375 0.559113036036036 0.0462499999999999 0.07307699999999993
