0 0.0234375 0.9582295 0.0475 0.08000000000000007
0 0.0536328125 0.8645833333333334 0.0725 0.106667
0 0.0521484375 0.9253649166666666 0.060625000000000005 0.12250000000000005
0 0.08421875000000001 0.934167 0.08625 0.12750000000000009
0 0.124765625 0.8809895833333332 0.052500000000000005 0.11333300000000006
0 0.1333984375 0.9330205 0.06062500000000001 0.11000000000000003
0 0.154296875 0.98671875 0.05937500000000001 0.024167000000000122
0 0.1478515625 0.89494825 0.03375 0.10333300000000012
0 0.1856640625 0.9109374999999998 0.04999999999999999 0.17416700000000018
0 0.1744921875 0.8948958333333333 0.021875000000000006 0.12083300000000004
0 0.217265625 0.9177600833333334 0.051875000000000004 0.16083400000000006
0 0.2191015625 0.9382288333333334 0.034999999999999976 0.12083400000000004
0 0.2420703125 0.9252083333333334 0.05812499999999998 0.13749999999999987
0 0.283515625 0.9433854166666666 0.08374999999999999 0.10916700000000008
0 0.362421875 0.9558336666666666 0.05874999999999997 0.08500000000000012
0 0.3959765625 0.951042 0.065 0.09500000000000004
0 0.4340234375 0.93859375 0.06187500000000001 0.11916700000000002
0 0.5141796875 0.9378649166666667 0.06874999999999998 0.12250000000000005
0 0.5726171875 0.9703128333333334 0.08499999999999996 0.05749999999999996
0 0.618203125 0.9430204999999999 0.06687500000000002 0.1108340000000001
0 0.6873046875 0.9517708333333333 0.07000000000000006 0.08916699999999993
0 0.7203515625 0.94828125 0.06562500000000004 0.1016670000000001
0 0.7550390625 0.934167 0.08187500000000003 0.12750000000000009
0 0.8190625 0.96182325 0.07874999999999999 0.07250000000000008
0 0.8449609375 0.9506770833333333 0.04625000000000001 0.09666700000000006
0 0.8775390625 0.957917 0.018124999999999947 0.06333299999999993
0 0.9209375 0.93859375 0.08000000000000007 0.11916700000000002
0 0.9753125 0.9207815833333334 0.04749999999999999 0.14583299999999996
