0 0.3296875 0.65703125 0.015625 0.03916700000000003
0 0.483515625 0.7140621666666668 0.176875 0.16249999999999995
0 0.447890625 0.805 0.020625000000000004 0.125
0 0.48078125 0.7687496666666668 0.03999999999999998 0.14833399999999988
0 0.491953125 0.8240625 0.036250000000000004 0.07916699999999999
0 0.5228515625 0.7365628333333333 0.03500000000000003 0.12083300000000004
0 0.56453125 0.7594795 0.039999999999999925 0.1408329999999999
0 0.6219921875 0.7594788333333332 0.08562500000000006 0.1825000000000001
0 0.6821875 0.7666663333333332 0.048125000000000084 0.16916700000000015
0 0.7234375 0.7214583333333334 0.048125000000000084 0.07416699999999994
0 0.7655859375 0.7540621666666666 0.07750000000000001 0.163334
0 0.81296875 0.7892190833333332 0.055625000000000036 0.19083300000000017
0 0.848515625 0.7891666666666667 0.05125000000000002 0.2108329999999999
0 0.8806640625 0.7347399166666667 0.05062500000000003 0.09249999999999996
0 0.9179296875 0.77880175 0.03874999999999995 0.21166700000000013
0 0.943671875 0.7918232499999999 0.059374999999999956 0.19583300000000006
