0 0.6456640625 0.763889 0.050000000000000044 0.251111
0 0.035 0.8027087777777778 0.063125 0.2755549999999999
0 0.086796875 0.6327086666666666 0.02812500000000001 0.05444400000000006
0 0.1596484375 0.6978475555555556 0.030625000000000013 0.145555
0 0.1894140625 0.6975691111111112 0.019375000000000003 0.13
0 0.213828125 0.7142358888888889 0.03687499999999999 0.18666699999999992
0 0.2452734375 0.7206254444444444 0.030624999999999986 0.17111099999999999
0 0.287734375 0.6399307777777777 0.012500000000000011 0.024444000000000007
0 0.313359375 0.613403 0.04375000000000001 0.03444399999999989
0 0.3011328125 0.638958 0.010000000000000009 0.033333999999999975
0 0.318359375 0.6372218888888889 0.013124999999999998 0.02888899999999999
0 0.35515625 0.6292364444444444 0.00874999999999998 0.04555500000000004
0 0.3740625 0.639653111111111 0.015625 0.06666599999999996
0 0.3881640625 0.6384028888888889 0.018125000000000002 0.06222200000000003
0 0.4237890625 0.6459724444444445 0.01937500000000003 0.07777800000000006
0 0.437734375 0.6372218888888889 0.013124999999999998 0.02888899999999999
0 0.4528125 0.6394448888888888 0.016249999999999987 0.02888800000000005
0 0.4912109375 0.6354857777777778 0.014375000000000027 0.02666700000000007
0 0.5073828125 0.6372218888888889 0.011250000000000093 0.03000000000000005
0 0.5471875 0.6358332222222222 0.015625 0.07222200000000001
0 0.599140625 0.7797224444444444 0.05125000000000002 0.26666600000000007
0 0.5874609375 0.675625 0.015000000000000013 0.03444399999999989
0 0.5962109375 0.6370134444444444 0.014375000000000027 0.047778
0 0.6155859375 0.6741663333333334 0.015000000000000013 0.043333999999999956
0 0.6205859375 0.6249306666666666 0.013749999999999929 0.05222200000000004
0 0.6384375 0.6486803333333334 0.016249999999999987 0.07555599999999993
0 0.687265625 0.6442363333333333 0.020625000000000004 0.07555499999999998
0 0.7096875 0.6459724444444445 0.015625 0.07777800000000006
0 0.7449609375 0.6675003333333334 0.015000000000000013 0.04333299999999992
0 0.7663671875 0.6620835555555555 0.021874999999999978 0.05000000000000002
0 0.7815625 0.6798615555555556 0.016874999999999973 0.04999999999999992
0 0.7923046875 0.6364585555555555 0.007499999999999951 0.018889000000000006
0 0.80234375 0.6915976666666668 0.024374999999999925 0.05222199999999994
0 0.7998046875 0.6337496666666667 0.007499999999999951 0.02111100000000003
0 0.8092578125 0.6332637777777778 0.010624999999999996 0.02555600000000001
0 0.8369921875 0.6369444444444444 0.021874999999999978 0.016666999999999987
0 0.8467578125 0.6315276666666666 0.010000000000000009 0.023333000000000048
0 0.8630078125 0.6310417777777778 0.010624999999999996 0.02555499999999997
0 0.913515625 0.622292 0.05124999999999991 0.03444400000000009
0 0.9790625 0.6141663333333334 0.016875000000000084 0.043333999999999956
