0 0.45891875 0.6121321321321321 0.11879600000000005 0.265625
0 0.17544475 0.4168080580580581 0.211554 0.11624999999999996
0 0.22995141666666666 0.5568080580580581 0.10903200000000002 0.11624999999999996
0 0.2979773333333333 0.7289570820820821 0.13588200000000006 0.16562500000000002
0 0.3529781666666667 0.401930055055055 0.10008099999999993 0.11062500000000003
0 0.46673125 0.8512130880880882 0.13344199999999998 0.1775
0 0.4698198333333334 0.40405905905905903 0.091131 0.11937500000000001
0 0.6594131666666666 0.7620620620620621 0.19528100000000004 0.12437500000000001
0 0.7207594166666667 0.5894700950950951 0.13832400000000003 0.19125000000000003
0 0.7297104166666667 0.39207707707707706 0.1383239999999999 0.155625
0 0.7541204166666667 0.7671840590590591 0.13995100000000008 0.12
0 0.8942364166666668 0.6375081331331331 0.17168499999999995 0.26812499999999995
