0 0.340703125 0.5971350833333333 0.06687500000000002 0.25500000000000006
0 0.34625 0.5584378333333333 0.06312499999999999 0.21500000000000008
0 0.3676953125 0.47734341666666663 0.05812500000000004 0.13999999999999999
0 0.38359375 0.5942711666666667 0.05562499999999998 0.13249999999999998
0 0.4096875 0.5428645833333333 0.048750000000000016 0.20666700000000002
0 0.45359375 0.5887496666666666 0.08625 0.14583400000000002
0 0.430703125 0.4467190833333334 0.036250000000000004 0.06666599999999996
0 0.4517578125 0.42249966666666666 0.04124999999999995 0.08333400000000002
0 0.455234375 0.4891145833333333 0.043749999999999956 0.14583299999999996
0 0.513671875 0.5812496666666668 0.15375000000000005 0.14666699999999996
0 0.4894140625 0.4227604166666667 0.04999999999999999 0.07750000000000005
0 0.5093359375 0.4813020833333333 0.07749999999999996 0.12916700000000003
0 0.5651953125 0.6091145833333332 0.05812499999999998 0.14500000000000002
0 0.5655078125 0.4989586666666666 0.04125000000000001 0.116666
0 0.5948828125 0.5134899166666668 0.04125000000000001 0.15499999999999994
0 0.6234765625 0.6121354166666667 0.06624999999999992 0.170833
0 0.6294921875 0.4942705 0.05437499999999995 0.17250000000000001
0 0.6629296875 0.3105205 0.03874999999999995 0.11166700000000003
0 0.6870703125 0.5300524166666667 0.05812500000000009 0.234166
0 0.7623046875 0.26458333333333334 0.03874999999999995 0.10500000000000002
