0 0.061640625 0.6280140000000001 0.11374999999999999 0.5145049999999999
0 0.229609375 0.6292853333333334 0.07437499999999997 0.365188
0 0.3344140625 0.6296016666666667 0.080625 0.295222
0 0.3765234375 0.6049033333333333 0.030625000000000013 0.148464
0 0.398671875 0.6189830000000001 0.028749999999999998 0.16979499999999992
0 0.4308984375 0.6369513333333333 0.029374999999999984 0.10921500000000015
0 0.44296875 0.6254353333333332 0.02437499999999998 0.17150200000000002
0 0.46875 0.6351423333333333 0.033125000000000016 0.18771299999999996
0 0.5136328125 0.6269830000000001 0.04187500000000005 0.18515399999999999
0 0.5427734375 0.617918 0.030625000000000013 0.20051200000000002
0 0.5560546875 0.6273556666666666 0.03875000000000006 0.18344800000000003
0 0.585859375 0.633652 0.04375000000000007 0.24146700000000001
0 0.63640625 0.6268236666666667 0.040000000000000036 0.19965899999999995
0 0.7190234375 0.63557 0.030625000000000013 0.20819099999999996
0 0.7556640625 0.641276 0.050000000000000044 0.21842999999999999
0 0.78625 0.6336496666666667 0.03187499999999999 0.19795199999999993
0 0.80078125 0.638983 0.03937500000000005 0.20819099999999996
