0 0.11328125 0.5651770995607612 0.2275 0.45966200000000007
0 0.28515625 0.8134101054172767 0.57125 0.36866799999999994
0 0.53 0.5779873338213763 0.938125 0.827392
0 0.8540234375 0.8697644172767203 0.02937500000000004 0.03470900000000011
0 0.8700390625 0.8127689326500732 0.01937500000000003 0.04409000000000001
0 0.884921875 0.6919575095168374 0.028125000000000067 0.10506600000000003
0 0.9066796875 0.7252984172767203 0.006249999999999978 0.032832999999999994
0 0.9157421875 0.7556150307467057 0.02312499999999995 0.023453000000000064
0 0.9262890625 0.670775159590044 0.01937500000000003 0.027205000000000052
0 0.9236328125 0.7009084172767204 0.010624999999999996 0.032832999999999994
0 0.9499609375 0.5631236749633967 0.014375000000000027 0.04033800000000002
0 0.9653125 0.5639474172767205 0.016249999999999987 0.032832999999999994
0 0.9778125 0.8586206749633967 0.016874999999999973 0.03846199999999999
0 0.9823046875 0.5647721595900439 0.007499999999999951 0.029080000000000116
