0 0.340390625 0.6449996666666666 0.45749999999999996 0.7083340000000001
0 0.445859375 0.6342190833333333 0.2 0.44249999999999995
0 0.50953125 0.6364580000000001 0.16437500000000005 0.5325000000000001
0 0.6296875 0.5918753333333333 0.17312500000000008 0.510833
0 0.789375 0.5587496666666667 0.03249999999999997 0.14833399999999997
0 0.81296875 0.5455211666666666 0.024375000000000036 0.06916600000000006
0 0.837890625 0.5667711666666667 0.020625000000000004 0.13249999999999998
0 0.862734375 0.5206253333333334 0.043749999999999956 0.07416599999999995
0 0.89921875 0.5766145833333334 0.024375000000000036 0.14333300000000002
0 0.936875 0.5690621666666668 0.03312499999999996 0.161667
0 0.963046875 0.559583 0.028750000000000053 0.189167
0 0.9740625 0.5745833333333333 0.04874999999999996 0.22916699999999998
