0 0.6990390625 0.709395678414097 0.08199999999999996 0.5011279999999999
0 0.013671875 0.6293191585903083 0.029 0.22347699999999995
0 0.088390625 0.6805275198237887 0.052000000000000005 0.27765199999999984
0 0.152625 0.665545872246696 0.033 0.21219
0 0.156859375 0.4934812907488987 0.01200000000000001 0.07223500000000001
0 0.17471875 0.6485810088105726 0.023999999999999994 0.12641100000000016
0 0.23271875 0.612682436123348 0.024999999999999994 0.108353
0 0.2457421875 0.6062939339207049 0.02300000000000002 0.07900699999999995
0 0.4483125 0.6538220176211453 0.14100000000000001 0.250564
0 0.79340625 0.6991628281938327 0.134 0.5959369999999999
0 0.9096015625 0.5934205859030838 0.03500000000000003 0.20316099999999995
0 0.961109375 0.7779360308370044 0.07499999999999996 0.435666
