0 0.8603513125 0.6205884705882353 0.21386700000000003 0.535294
0 0.13183606250000002 0.5661761764705883 0.049805 0.10735300000000002
0 0.2041015 0.5352941764705883 0.047852000000000006 0.058823
0 0.26855450000000003 0.5411766470588236 0.04882800000000001 0.04117600000000002
0 0.340820375 0.5647060588235294 0.04394500000000001 0.08676500000000001
0 0.4794926875 0.5367649411764706 0.039061999999999986 0.06764699999999998
0 0.540038625 0.5264704117647059 0.05175799999999997 0.0970589999999999
0 0.5947265 0.5455886470588235 0.047852000000000006 0.14117600000000002
0 0.91992225 0.5088234705882354 0.07226499999999991 0.23235299999999995
0 0.9404299375 0.4632352352941177 0.045897999999999994 0.14264699999999997
