0 0.5053125 0.5387613997071743 0.07812500000000006 0.306754
0 0.09140625 0.49932595754026354 0.070625 0.15947399999999995
0 0.434296875 0.32379741727672035 0.028124999999999956 0.034709999999999956
0 0.47046875 0.3116024172767204 0.024375000000000036 0.032832999999999994
0 0.5317578125 0.2880361595900439 0.011249999999999982 0.02720499999999997
0 0.54890625 0.5277837920937043 0.04062499999999991 0.22514099999999998
0 0.686328125 0.5464055959004392 0.06812499999999999 0.263602
0 0.7206640625 0.574820270863836 0.08062499999999995 0.30206400000000005
0 0.8083984375 0.48699076134699854 0.09312500000000001 0.19981200000000005
0 0.799765625 0.5396811786237189 0.05249999999999999 0.233583
0 0.919375 0.6052865841874084 0.15749999999999997 0.4455910000000001
