0 0.051171875 0.7021875 0.028750000000000005 0.11166700000000003
0 0.057578125 0.68598925 0.0049999999999999975 0.07249999999999994
0 0.086328125 0.6896875000000001 0.03624999999999999 0.11083299999999989
0 0.1333984375 0.6995833333333333 0.03 0.10666700000000014
0 0.134921875 0.65703125 0.027499999999999997 0.04083300000000004
0 0.2390625 0.60161425 0.046875 0.10166699999999995
0 0.2484375 0.5893229166666666 0.016250000000000014 0.03083299999999996
0 0.2629296875 0.6855725833333333 0.03749999999999998 0.05166700000000005
0 0.2931640625 0.6783333333333333 0.01937500000000003 0.041666999999999975
0 0.3200390625 0.6773961666666666 0.018124999999999947 0.03833300000000017
0 0.365234375 0.7387503333333334 0.10625000000000001 0.10583299999999991
0 0.3948046875 0.6702086666666668 0.13187500000000002 0.053333
0 0.4183203125 0.6594274166666666 0.02562500000000001 0.07749999999999997
0 0.4661328125 0.7327083333333334 0.04125000000000001 0.13749999999999987
0 0.5048828125 0.6222913333333334 0.04249999999999998 0.07499999999999996
0 0.5402734375 0.7110934166666666 0.030000000000000027 0.07749999999999997
0 0.5833984375 0.7159378333333333 0.030625000000000013 0.08916600000000008
0 0.744765625 0.6919274166666667 0.020625000000000004 0.07583299999999997
0 0.771796875 0.6932809166666667 0.028749999999999942 0.06166699999999999
0 0.84796875 0.7297395833333332 0.05624999999999991 0.17583300000000004
0 0.8861328125 0.7141145833333332 0.04249999999999998 0.1458330000000001
0 0.925703125 0.7017708333333333 0.036250000000000004 0.09000000000000008
0 0.9640625 0.6710940833333333 0.01749999999999996 0.034999999999999996
