0 0.1787109375 0.6878430996978852 0.358594 0.6191050000000001
0 0.3095700625 0.7671015105740181 0.08124999999999999 0.43168100000000004
0 0.3376950625 0.5873394984894259 0.017969000000000013 0.082225
0 0.3556643125 0.5897463867069487 0.026561999999999975 0.11970999999999991
0 0.3955078125 0.6870336797583081 0.073438 0.2938330000000001
0 0.4720703125 0.7513639909365559 0.15078100000000005 0.4921400000000001
0 0.5861330625 0.6643824773413897 0.049217999999999984 0.22611799999999999
0 0.6529296875 0.7223503987915408 0.06953100000000001 0.4667470000000001
0 0.727344 0.7498672326283988 0.09375 0.438936
0 0.8125 0.662236419939577 0.06406199999999995 0.32406200000000007
0 0.877733875 0.7045426042296073 0.058594000000000035 0.37363999999999997
0 0.940233875 0.7030690694864048 0.059374999999999956 0.24909299999999998
