0 0.493671875 0.8518356632503661 0.15375000000000005 0.22138900000000017
0 0.2253515625 0.5442915768667643 0.03437500000000002 0.0590999999999999
0 0.25894531249999997 0.7236239941434847 0.05750000000000002 0.09193300000000006
0 0.3182421875 0.6843210307467057 0.021874999999999978 0.02439000000000007
0 0.374609375 0.6933333191800878 0.043749999999999956 0.05534700000000003
0 0.379921875 0.5576089326500732 0.028124999999999956 0.04408999999999993
0 0.41921875 0.5550925461200585 0.024375000000000036 0.036586000000000035
0 0.441796875 0.7028727364568083 0.058750000000000024 0.08536599999999993
0 0.45984375 0.5509286749633968 0.02437499999999998 0.03846099999999993
0 0.5063671875 0.5498764172767203 0.021874999999999978 0.032832999999999994
0 0.5334375 0.6981385768667643 0.046875 0.06097500000000005
0 0.546171875 0.5411358038067351 0.02750000000000008 0.042213999999999974
0 0.6179296875 0.6807264480234261 0.03875000000000006 0.058160999999999956
0 0.63171875 0.6332963191800879 0.024375000000000036 0.053471000000000074
0 0.705625 0.798829411420205 0.1256250000000001 0.12570300000000006
0 0.6613671875 0.5480445768667642 0.021874999999999978 0.06097499999999997
0 0.66875 0.6577564172767204 0.0318750000000001 0.03470899999999994
0 0.701875 0.6428606749633968 0.03125 0.04033800000000002
0 0.7775 0.9209388286969253 0.15750000000000008 0.15572199999999994
0 0.7620703125 0.6297276749633968 0.02562500000000001 0.03846199999999999
0 0.8005078125 0.6201633191800878 0.04249999999999998 0.055346999999999945
0 0.8901953125 0.6150604480234261 0.026875000000000093 0.05816099999999987
0 0.942265625 0.6418525768667642 0.05125000000000002 0.06003800000000004
0 0.9357421875 0.5958424172767203 0.021874999999999978 0.032832999999999994
