0 0.144661125 0.6097226666666667 0.03645899999999999 0.21111100000000002
0 0.183723625 0.6076388888888888 0.05208399999999999 0.21666700000000005
0 0.2195966875 0.6099534444444444 0.03854099999999999 0.203704
0 0.5055341875 0.4861114444444444 0.5541659999999999 0.13888900000000007
0 0.3400390625 0.762153 0.20625 0.4703700000000002
0 0.3302734375 0.601968 0.030208000000000013 0.22037000000000007
0 0.346223625 0.5133104444444444 0.02083400000000002 0.048148
0 0.3673828125 0.518171111111111 0.04166700000000001 0.0666670000000001
0 0.45703125 0.47696711111111106 0.16458300000000003 0.692593
0 0.4271484375 0.6084495555555556 0.030208000000000013 0.08148100000000004
0 0.46432325 0.6032407777777777 0.04062499999999997 0.18333300000000008
0 0.5284501875000001 0.7482638888888888 0.08437500000000003 0.4981480000000001
0 0.6088545 0.4828707777777777 0.171875 0.681481
0 0.5509765625 0.5318282222222223 0.03437499999999993 0.10185199999999996
0 0.593620125 0.617824 0.03541599999999989 0.18888900000000003
0 0.697917 0.7523145555555556 0.1875 0.4888890000000001
0 0.6159501875 0.6241894444444446 0.021874999999999978 0.10925999999999982
0 0.627083 0.6238425555555556 0.0322920000000001 0.17592600000000008
0 0.6904296875 0.533912 0.038541999999999965 0.09629599999999991
0 0.75598925 0.679745 0.07187500000000002 0.2203709999999999
0 0.767057625 0.5582177777777778 0.051041 0.08703699999999998
0 0.8671875 0.6817128888888888 0.078125 0.21666700000000005
0 0.850390625 0.5738427777777778 0.019792000000000032 0.12036999999999992
0 0.8660810625 0.553241 0.04999999999999993 0.12592599999999995
0 0.9203779375 0.5834492222222222 0.04583300000000001 0.16481500000000013
