0 0.533984375 0.5667705 0.07500000000000001 0.29833400000000004
0 0.01171875 0.5019788333333334 0.025 0.18250000000000002
0 0.0466796875 0.5064065833333333 0.03875000000000001 0.175833
0 0.14253906249999998 0.5110934166666666 0.05062500000000002 0.20250000000000004
0 0.1958203125 0.4991670000000001 0.026874999999999982 0.125
0 0.2367578125 0.5177600833333332 0.04125000000000001 0.16000000000000006
0 0.4259375 0.5084375 0.04749999999999999 0.17416699999999988
0 0.668046875 0.5006246666666666 0.028124999999999956 0.11499999999999999
0 0.8558203125 0.49911425000000004 0.05687500000000001 0.10333399999999997
0 0.977734375 0.563333 0.04312499999999997 0.25083400000000006
