0 0.1209375 0.6411420072992701 0.04874999999999999 0.26074799999999987
0 0.1903515625 0.5860020072992701 0.065 0.2607469999999999
0 0.1882421875 0.6493215912408759 0.05375000000000002 0.24859800000000007
0 0.247421875 0.5895085912408758 0.05874999999999997 0.249532
0 0.2461328125 0.6502555912408758 0.04124999999999998 0.24859799999999999
0 0.2873828125 0.6510748832116788 0.04250000000000004 0.24298999999999998
0 0.3003125 0.5948841751824817 0.048750000000000016 0.23831699999999997
0 0.336015625 0.6473358832116788 0.05125000000000002 0.24486000000000002
0 0.3621875 0.5928374452554744 0.04749999999999999 0.251402
0 0.3862890625 0.6487957372262774 0.04999999999999999 0.246729
0 0.411484375 0.5954090291970803 0.04312499999999997 0.242056
0 0.437109375 0.647568299270073 0.044375 0.2542049999999999
0 0.4674609375 0.5881644452554745 0.044999999999999984 0.2532709999999999
0 0.50296875 0.6424861532846716 0.05624999999999997 0.25887799999999994
0 0.5246875 0.5900334452554744 0.04875000000000007 0.253271
0 0.567890625 0.6492048832116788 0.05125000000000002 0.24486000000000002
0 0.57859375 0.5919024452554744 0.05499999999999994 0.251402
0 0.6267578125 0.6528271751824818 0.04125000000000001 0.23738399999999985
0 0.6356640625 0.5982130291970803 0.050000000000000044 0.242056
0 0.6925 0.5951155912408759 0.06312499999999999 0.24953300000000003
0 0.6859375 0.6426018613138686 0.04875000000000007 0.264486
0 0.7387109375 0.6470424452554745 0.04499999999999993 0.252337
0 0.7561328125 0.5991470291970803 0.04125000000000001 0.242056
0 0.790859375 0.6411420072992701 0.04437499999999994 0.26261700000000004
0 0.80796875 0.5965754452554745 0.05499999999999994 0.251402
0 0.8500390625 0.6494372992700729 0.04999999999999993 0.2560750000000001
0 0.86921875 0.5892151532846714 0.055624999999999925 0.258878
