0 0.013671875 0.33584058002936856 0.02875 0.12323599999999997
0 0.015625 0.261614718061674 0.0325 0.05550399999999996
0 0.3716015625 0.550850328928047 0.16000000000000003 0.6058319999999999
0 0.4809765625 0.4167421600587372 0.09625000000000006 0.24365000000000006
0 0.545625 0.26058158002936854 0.06374999999999997 0.12135499999999999
0 0.611875 0.37193215271659325 0.0631250000000001 0.14016999999999996
0 0.62453125 0.32345086343612334 0.040000000000000036 0.08842900000000004
0 0.64265625 0.593417723935389 0.07062499999999994 0.13546600000000006
0 0.660078125 0.3655768678414097 0.06687500000000002 0.150517
0 0.7324609375 0.32592929074889865 0.04625000000000001 0.07337700000000001
0 0.7457421875 0.34079743465491924 0.053749999999999964 0.085606
0 0.75625 0.296422718061674 0.03125 0.05362100000000002
0 0.8174609375 0.3508925800293686 0.07687499999999992 0.12323599999999997
0 0.84890625 0.32322114831130694 0.03937500000000005 0.07713999999999996
