0 0.0224609375 0.9257134111498259 0.045 0.14285700000000007
0 0.037226562500000004 0.9655108850174217 0.035 0.06473199999999997
0 0.0779296875 0.9284352508710801 0.038125000000000006 0.13839300000000004
0 0.1398046875 0.9396781289198607 0.06875 0.11495500000000002
0 0.2114453125 0.9428898083623694 0.026874999999999982 0.10714300000000003
0 0.25382812499999996 0.9252235714285715 0.06687499999999999 0.14508900000000002
0 0.40171875 0.9303956097560977 0.05499999999999999 0.12388399999999992
0 0.483203125 0.9343697700348432 0.06812499999999994 0.12723200000000007
0 0.5625 0.9386974494773519 0.09437499999999999 0.11941999999999998
0 0.6823046875 0.9470821672473868 0.03875000000000006 0.09151799999999984
0 0.7359375 0.942399968641115 0.04874999999999996 0.11049099999999998
0 0.8508984375 0.9359756097560976 0.061249999999999916 0.12388400000000002
0 0.9543359375 0.9257134111498259 0.07687500000000003 0.14285700000000007
