0 0.0185546875 0.838671375 0.039062 0.043749999999999956
0 0.0392578125 0.8517578125 0.042188 0.042188
0 0.1193354375 0.8677734375 0.029687999999999992 0.02968700000000002
0 0.142577625 0.87265575 0.020312999999999998 0.02500100000000005
0 0.1623041875 0.8697265625 0.021876000000000007 0.03437499999999993
0 0.182422375 0.8673833125 0.012500000000000011 0.026561999999999975
0 0.2033203125 0.8513666875 0.026562000000000002 0.03750100000000001
0 0.20546875 0.8751953125 0.024999999999999994 0.026563000000000003
0 0.232421875 0.8662109375 0.02812500000000001 0.04531300000000005
0 0.295312 0.871875 0.03281299999999998 0.03281300000000009
0 0.320313 0.86796875 0.03281200000000001 0.05625000000000002
0 0.3447265625 0.86484325 0.03437499999999999 0.04062600000000005
0 0.35546925 0.866796375 0.04062499999999997 0.043751000000000095
0 0.4015625 0.85859375 0.046875 0.05468799999999996
