0 0.015625 0.6963541666666666 0.033125 0.19500000000000015
0 0.4990234375 0.13786491666666667 0.999375 0.124166
0 0.038125 0.6664065833333334 0.0325 0.17583300000000004
0 0.0662890625 0.7773958333333333 0.049374999999999995 0.1200000000000001
0 0.0771484375 0.5223434166666666 0.061875 0.14000000000000004
0 0.0863671875 0.445417 0.05437500000000001 0.06333299999999993
0 0.1206640625 0.8666145833333334 0.08124999999999999 0.14416699999999993
0 0.1112890625 0.5249475833333334 0.05062500000000002 0.14333399999999993
0 0.1916015625 0.5495309166666668 0.06562500000000002 0.1224999999999999
0 0.1955078125 0.6013541666666667 0.04250000000000001 0.06916699999999991
0 0.2019140625 0.707917 0.050625 0.18916600000000003
0 0.2287109375 0.8829684166666666 0.07624999999999998 0.1716670000000001
0 0.2417578125 0.6221871666666666 0.04249999999999998 0.06833399999999996
0 0.24203125 0.4758850833333333 0.04000000000000001 0.06750000000000005
0 0.25421875 0.7193746666666666 0.05499999999999999 0.17916700000000008
0 0.26363281250000004 0.9526038333333333 0.04187499999999997 0.09083400000000008
0 0.2753515625 0.6282809166666666 0.03500000000000003 0.06166699999999999
0 0.2823046875 0.4405732500000001 0.03875000000000001 0.13499999999999993
0 0.302109375 0.7021354166666667 0.044375 0.17166699999999993
0 0.3258203125 0.3297916666666667 0.05812500000000004 0.11583299999999992
0 0.3440625 0.4671878333333333 0.04812500000000003 0.15166599999999994
0 0.346015625 0.6926562500000001 0.051875000000000004 0.19666700000000006
0 0.3896875 0.695417 0.04749999999999999 0.19000000000000009
0 0.4237109375 0.6729684166666666 0.04625000000000001 0.17000000000000007
0 0.4210546875 0.40770833333333334 0.03874999999999995 0.13749999999999996
0 0.466875 0.7184892499999999 0.0625 0.19666700000000006
0 0.466640625 0.6299479166666666 0.05125000000000002 0.06000000000000005
0 0.4569921875 0.03614583333333333 0.023125000000000007 0.058333
0 0.4998046875 0.6322399166666667 0.03750000000000003 0.09249999999999987
0 0.528359375 0.3439586666666667 0.04375000000000007 0.11499999999999999
0 0.5378125 0.7180725833333333 0.04812499999999997 0.17583400000000005
0 0.5661328125 0.323542 0.04249999999999998 0.09583299999999999
0 0.565 0.6881774166666667 0.032500000000000084 0.13916600000000004
0 0.585390625 0.7197395833333333 0.05124999999999991 0.1758329999999999
0 0.5768359375 0.054739583333333335 0.014375000000000027 0.05166700000000001
0 0.6039453125 0.8364583333333334 0.05812499999999998 0.07416699999999994
0 0.6054296875 0.3634895833333333 0.03749999999999998 0.11333300000000002
0 0.6273046875 0.6954684166666666 0.03749999999999998 0.17000000000000007
0 0.6599609375 0.7357809166666667 0.04500000000000004 0.18583399999999997
0 0.662890625 0.6548955 0.05125000000000002 0.07916699999999999
0 0.705390625 0.7642190833333333 0.051875000000000004 0.19083300000000003
0 0.750703125 0.6297913333333334 0.06687500000000002 0.07416699999999994
0 0.7578125 0.73432325 0.04749999999999999 0.19583300000000006
0 0.7644921875 0.5166145833333333 0.05312499999999998 0.14333300000000002
0 0.815390625 0.730417 0.05249999999999999 0.18916600000000003
0 0.850078125 0.7111982500000001 0.036250000000000004 0.16583300000000004
0 0.87265625 0.5357815833333334 0.039999999999999925 0.14416600000000002
0 0.9034375 0.7385934166666667 0.046875 0.20083400000000004
0 0.91640625 0.64015625 0.040000000000000036 0.07249999999999994
0 0.9505859375 0.6935416666666666 0.04500000000000004 0.17750000000000007
0 0.981484375 0.046198249999999996 0.013125000000000053 0.041666
