0 0.16796875 0.6486381678832116 0.08687500000000001 0.379085
0 0.268671875 0.6314396861313868 0.12187500000000001 0.4267040000000001
0 0.3712890625 0.6417617080291971 0.11312500000000003 0.4061630000000001
0 0.4565234375 0.6368042700729928 0.09250000000000003 0.4173669999999999
0 0.5497265625 0.673389 0.09750000000000003 0.40242799999999995
0 0.6287109375 0.6983772481751825 0.10750000000000004 0.4369750000000001
0 0.741875 0.7046914963503649 0.09500000000000008 0.4724550000000001
0 0.832265625 0.7394152554744526 0.114375 0.29505099999999995
0 0.920703125 0.7563409635036497 0.09875 0.30345399999999995
0 0.98734375 0.7907389270072992 0.02375000000000005 0.20261500000000007
