0 0.052734375 0.3900172499999999 0.10625 0.259259
0 0.220703125 0.653935 0.442361 0.688889
0 0.1709420625 0.336227 0.111805 0.22129600000000002
0 0.33793425 0.5343455833333334 0.32152800000000004 0.4564819999999999
0 0.453689125 0.3391785 0.161806 0.299074
0 0.496050125 0.27482650000000003 0.098611 0.173148
0 0.705903 0.54076975 0.22013900000000008 0.43055499999999997
0 0.667665375 0.35078158333333337 0.13749999999999996 0.269444
0 0.808203125 0.6533850833333333 0.380556 0.6907409999999999
0 0.895268875 0.26400433333333334 0.12222200000000005 0.136111
0 0.9640406875 0.35081 0.06944499999999998 0.281482
