0 0.0564453125 0.46441438067349927 0.02562500000000001 0.10131300000000007
0 0.1630859375 0.30233567496339675 0.013750000000000012 0.03846200000000003
0 0.2952734375 0.4358335710102489 0.029374999999999984 0.15196999999999997
0 0.4103125 0.3824154480234261 0.016874999999999973 0.05722299999999998
0 0.410859375 0.4415144480234261 0.012499999999999956 0.056285
0 0.4921875 0.2538887306002928 0.04874999999999996 0.17729899999999998
0 0.48953125 0.42863490190336745 0.008750000000000036 0.020638000000000083
0 0.503359375 0.3942686749633968 0.012500000000000011 0.038461000000000016
0 0.5301953125 0.44661731918008785 0.02562500000000001 0.05534700000000003
0 0.5722265625 0.49763331332357247 0.03374999999999995 0.14446499999999993
0 0.5653125 0.4205346749633968 0.015625 0.038461000000000016
0 0.5906640625 0.4268030614934114 0.018124999999999947 0.047841999999999996
0 0.5923046875 0.44474031918008783 0.006249999999999978 0.05440900000000005
0 0.602734375 0.44702919033674965 0.011874999999999969 0.052532999999999934
0 0.6168359375 0.4428643191800879 0.014375000000000027 0.054408999999999964
0 0.6380859375 0.320685803806735 0.014375000000000027 0.042213999999999974
0 0.6570703125 0.48607869985358704 0.026249999999999996 0.1529080000000001
0 0.7225390625 0.4483089633967789 0.01937500000000003 0.06941900000000002
0 0.792734375 0.2900264172767204 0.012499999999999956 0.032832999999999994
0 0.9791796875 0.4597338843338214 0.03875000000000006 0.29455899999999996
