0 0.093671875 0.7844791666666667 0.15250000000000002 0.224167
0 0.169921875 0.6929166666666666 0.09 0.27166700000000005
0 0.331875 0.6989579999999999 0.12687500000000002 0.15833400000000006
0 0.49859375 0.6008850833333333 0.14999999999999997 0.19083400000000003
0 0.5872265625 0.5757288333333334 0.09687499999999993 0.12083399999999996
0 0.6366796875 0.5257288333333333 0.06999999999999995 0.12083400000000004
0 0.647421875 0.45401074999999996 0.059374999999999956 0.05666600000000003
0 0.6716796875 0.45473991666666663 0.06875000000000009 0.21750000000000003
0 0.725078125 0.4980205 0.06687500000000002 0.11000000000000003
0 0.8396484375 0.404792 0.06062500000000004 0.15833300000000006
0 0.8442578125 0.4684899166666667 0.04125000000000001 0.030833000000000037
