0 0.3785546875 0.24531249999999996 0.06875000000000003 0.141667
0 0.0532421875 0.19598991666666665 0.021875 0.030833
0 0.077890625 0.21552116666666665 0.02062499999999999 0.06916599999999999
0 0.123515625 0.29348925 0.0825 0.19583399999999998
0 0.0980859375 0.2002604166666667 0.014374999999999999 0.07749999999999997
0 0.1037890625 0.20255208333333333 0.018125000000000002 0.06666699999999999
0 0.1609765625 0.20958333333333334 0.03375 0.10666699999999996
0 0.1778125 0.23057258333333333 0.015625 0.051666999999999984
0 0.2001171875 0.1980208333333333 0.021875000000000006 0.027500000000000007
0 0.441015625 0.3055211666666667 0.051875000000000004 0.19500000000000003
0 0.541640625 0.21609341666666668 0.020625000000000004 0.07749999999999997
0 0.6426953125 0.21255208333333334 0.02562500000000001 0.06749999999999996
0 0.6630078125 0.19692708333333334 0.010624999999999996 0.035833000000000004
0 0.7902734375 0.22682325 0.030000000000000027 0.07249999999999997
