0 0.2951953125 0.5602340147492625 0.24437499999999998 0.8017
0 0.3998828125 0.2581958938053097 0.011249999999999982 0.04627
0 0.4665625 0.26657704129793514 0.017500000000000016 0.04060499999999997
0 0.574921875 0.26940186135693217 0.028749999999999942 0.087819
0 0.6623046875 0.4329638466076696 0.10124999999999995 0.28895200000000004
0 0.686953125 0.2741310412979351 0.03562499999999991 0.03871600000000004
0 0.7663671875 0.3956900530973451 0.11562499999999998 0.47969700000000004
0 0.73765625 0.28215345132743364 0.03937499999999994 0.062322999999999976
0 0.8314453125 0.2601925663716814 0.02562500000000001 0.09915000000000002
0 0.8435546875 0.2719376401179941 0.038125000000000075 0.09537299999999999
0 0.92015625 0.2689877876106195 0.03937499999999994 0.089708
