0 0.2062109375 0.90317675 0.04625000000000001 0.05500000000000016
0 0.2269140625 0.8117187500000002 0.018124999999999974 0.025832999999999846
0 0.2396484375 0.7645315833333334 0.029375000000000012 0.08250000000000002
0 0.25578124999999996 0.8783850833333333 0.04000000000000001 0.06583400000000002
0 0.2878515625 0.9280211666666668 0.03500000000000003 0.06916599999999991
0 0.3596484375 0.94661425 0.06062500000000004 0.1033340000000001
0 0.355625 0.88067675 0.03187499999999999 0.05666700000000002
0 0.4927734375 0.7646354166666667 0.030625000000000013 0.04666699999999994
0 0.4947265625 0.9674479166666666 0.03500000000000003 0.06166700000000006
0 0.5311328125 0.8157809166666666 0.04125000000000001 0.06000000000000005
0 0.5325 0.8986458333333333 0.03249999999999997 0.05749999999999996
0 0.5427734375 0.7791663333333334 0.030000000000000027 0.041667000000000044
0 0.649296875 0.777708 0.028124999999999956 0.09500000000000004
0 0.6735546875 0.7641666666666667 0.007499999999999951 0.0858329999999999
