0 0.058046875 0.54911425 0.027499999999999997 0.10166699999999995
0 0.0941796875 0.4791663333333333 0.037500000000000006 0.04333400000000006
0 0.0925 0.545208 0.03125 0.09500000000000004
0 0.1348828125 0.47265625 0.04125000000000001 0.07250000000000001
0 0.13374999999999998 0.5282809166666667 0.031250000000000014 0.05999999999999998
0 0.172265625 0.5990628333333333 0.05249999999999999 0.12083300000000004
0 0.1704296875 0.5308850833333333 0.03749999999999998 0.06666699999999996
0 0.17390625 0.477917 0.03999999999999998 0.06499999999999995
0 0.2216015625 0.6096878333333332 0.06562500000000002 0.15166600000000008
0 0.206796875 0.52432325 0.02812500000000001 0.07250000000000008
0 0.215 0.47562533333333334 0.0325 0.07416600000000002
0 0.24640625 0.52765625 0.03999999999999998 0.07083299999999992
0 0.253515625 0.6104166666666666 0.05124999999999999 0.14666700000000002
0 0.251953125 0.487083 0.036250000000000004 0.06416700000000002
0 0.304375 0.6035413333333334 0.09437499999999999 0.13749999999999996
0 0.276796875 0.5211458333333333 0.02812500000000001 0.05750000000000003
0 0.27875 0.4816663333333333 0.03187499999999999 0.041666999999999975
0 0.2983984375 0.47317675 0.030625000000000013 0.05666699999999995
0 0.311328125 0.5377604166666666 0.036250000000000004 0.07583300000000004
0 0.32609375 0.6020309166666666 0.05562499999999998 0.12416700000000007
0 0.3348828125 0.4750520833333334 0.04125000000000001 0.06666699999999996
0 0.339609375 0.5202086666666667 0.043125000000000024 0.053333
0 0.36125 0.5926041666666667 0.06312499999999999 0.13083299999999998
0 0.359296875 0.475417 0.02812500000000001 0.06333300000000001
0 0.3905078125 0.593333 0.07250000000000001 0.12749999999999995
0 0.3885546875 0.4777604166666667 0.03749999999999998 0.07583299999999997
0 0.3975 0.5178128333333333 0.03187499999999999 0.058333000000000045
0 0.421328125 0.4707295 0.036250000000000004 0.079166
0 0.423671875 0.5133333333333333 0.027500000000000024 0.04333299999999999
0 0.4413671875 0.5856770833333332 0.05437500000000001 0.09666700000000006
0 0.44734375 0.5113024166666666 0.025000000000000022 0.04499999999999993
0 0.4621875 0.5788020833333333 0.04750000000000004 0.12916700000000012
0 0.4546484375 0.4689065833333333 0.030625000000000013 0.050000000000000044
0 0.478046875 0.5525520833333334 0.02812500000000001 0.06750000000000005
0 0.476640625 0.47447883333333335 0.020625000000000004 0.05833400000000003
0 0.501171875 0.4734892499999999 0.028749999999999998 0.07083400000000006
0 0.5134375 0.555 0.04812499999999997 0.12749999999999995
0 0.532578125 0.47875 0.03562500000000002 0.06499999999999995
0 0.5696484375 0.4803645833333334 0.030624999999999902 0.081667
0 0.5809375 0.5759895833333334 0.04749999999999999 0.11249999999999998
0 0.6034765625 0.4710934166666667 0.03499999999999992 0.07583399999999996
0 0.6073828125 0.575833 0.04249999999999998 0.125834
0 0.6403125 0.5789586666666667 0.0475000000000001 0.11583299999999992
0 0.673046875 0.56130175 0.028124999999999956 0.08833399999999998
0 0.6912890625 0.5746875 0.05062500000000003 0.11083299999999996
0 0.74625 0.36895799999999995 0.03312500000000007 0.15833399999999995
0 0.7918359375 0.3596354166666667 0.07624999999999993 0.17083299999999998
0 0.81984375 0.3742711666666667 0.024375000000000036 0.13083299999999998
