0 0.7944921875 0.662708 0.05312500000000009 0.22083399999999997
0 0.4990234375 0.24953091666666669 0.999375 0.49916699999999997
0 0.0591796875 0.5167711666666667 0.03875 0.13083300000000006
0 0.160234375 0.5625003333333334 0.044375 0.169166
0 0.24375 0.5717705000000001 0.0325 0.17249999999999996
0 0.5193359375 0.4996875 0.01375000000000004 0.11000000000000003
0 0.5426171875 0.5128121666666666 0.021874999999999978 0.09999999999999994
0 0.5676953125 0.5942705 0.05812499999999998 0.17416699999999988
0 0.59 0.56473925 0.03312500000000007 0.134167
0 0.61953125 0.5074996666666667 0.040000000000000036 0.08583399999999997
0 0.683203125 0.5271875 0.036250000000000004 0.11166700000000003
0 0.7349609375 0.5574475833333333 0.04625000000000001 0.143334
