0 0.3468745 0.4588541666666666 0.204688 0.3812500000000001
0 0.30078125 0.28828158333333337 0.07187500000000002 0.20833299999999996
0 0.495703125 0.14374966666666666 0.035938000000000025 0.147917
0 0.55234325 0.09114583333333333 0.03906300000000007 0.183333
0 0.6076176875 0.09739616666666667 0.03906200000000004 0.1625
0 0.63671825 0.2494791666666667 0.07031299999999996 0.16249999999999995
0 0.7142583125 0.3763020833333333 0.12031199999999997 0.25416700000000003
0 0.7154296875 0.15312499999999998 0.07031199999999993 0.28125000000000006
0 0.876562 0.14635416666666667 0.06406300000000009 0.25625000000000003
0 0.976171375 0.15208333333333332 0.043751000000000095 0.23124999999999996
