0 0.0126953125 0.12808824475524475 0.02625 0.089606
0 0.042578125 0.12583605594405595 0.03625 0.11200800000000001
0 0.0782421875 0.12769484615384616 0.02187499999999999 0.09319
0 0.103203125 0.12411084615384615 0.03562499999999999 0.09498200000000001
0 0.131015625 0.11844965034965034 0.020625000000000004 0.101255
0 0.2378125 0.11045144055944056 0.015625 0.081542
0 0.2483203125 0.11106324475524477 0.02562499999999998 0.09050200000000001
0 0.2601171875 0.10490044755244755 0.021874999999999978 0.09766999999999999
0 0.409765625 0.48666152447552447 0.114375 0.6505380000000001
0 0.4656640625 0.11967325874125875 0.01937500000000003 0.11917599999999999
0 0.5033203125 0.11027644755244756 0.02562500000000001 0.09767
0 0.5574609375 0.11611263636363636 0.04625000000000001 0.073477
0 0.5876953125 0.09331823776223777 0.02562500000000001 0.07706
0 0.6407421875 0.10568724475524477 0.02312499999999995 0.09050200000000001
0 0.661640625 0.11027644755244756 0.020625000000000004 0.09767
0 0.6721875 0.13302843356643357 0.015625 0.069893
0 0.7084375 0.11626425174825175 0.016249999999999987 0.104839
0 0.7989453125 0.15208287412587412 0.026874999999999982 0.15053800000000003
0 0.834453125 0.1534146853146853 0.036250000000000004 0.172939
