0 0.199218875 0.4277286017699115 0.08984400000000001 0.418879
0 0.09375 0.5560469498525074 0.1875 0.8834810000000001
0 0.1210939375 0.3864302566371681 0.077148 0.31121
0 0.3388669375 0.3421828377581121 0.07714899999999997 0.20648999999999998
0 0.4199223125 0.33775810029498526 0.08886699999999997 0.23746300000000004
0 0.513671625 0.373156814159292 0.08203199999999994 0.33038300000000004
0 0.645507625 0.43952801179941003 0.08300799999999997 0.44100300000000003
0 0.7177735 0.4100297404129794 0.110352 0.33333299999999993
0 0.76367175 0.43510278171091443 0.11718800000000007 0.36873200000000006
0 0.84960975 0.4749263569321534 0.21191399999999994 0.548672
0 0.8779301875 0.5589969970501475 0.20996000000000004 0.641593
0 0.832031 0.3480829528023599 0.06445299999999998 0.244837
