0 0.55546875 0.41690962099125367 0.14999999999999997 0.8358209999999999
0 0.0883203125 0.39736084839650143 0.12 0.535448
0 0.06593750000000001 0.37041483965014577 0.047499999999999994 0.354477
0 0.27375 0.4650145772594752 0.25 0.9328359999999999
0 0.308515625 0.3169467871720117 0.08249999999999996 0.27052199999999993
0 0.3542578125 0.3297728833819242 0.04249999999999998 0.25932799999999995
0 0.4498046875 0.3728677142857143 0.10124999999999995 0.429105
0 0.68109375 0.3763648104956268 0.11874999999999991 0.41791100000000003
0 0.7465625 0.3808528250728863 0.07999999999999996 0.386194
0 0.7823828125 0.36849453644314867 0.07250000000000001 0.42164199999999996
0 0.816328125 0.38749927696793 0.09875 0.391791
0 0.879140625 0.46626032069970846 0.11375000000000002 0.296642
0 0.938046875 0.42610186297376096 0.12125000000000008 0.501866
