0 0.2877734375 0.6543225833333334 0.06124999999999997 0.11333399999999998
0 0.3416796875 0.68463575 0.06874999999999998 0.08666599999999998
0 0.4104296875 0.7810419999999999 0.07 0.22000000000000006
0 0.5010546874999999 0.7637496666666667 0.10125 0.273334
0 0.535546875 0.6807295 0.06000000000000005 0.07999999999999992
0 0.611640625 0.6561461666666667 0.05124999999999991 0.10000000000000009
0 0.614375 0.6707294999999999 0.03125 0.08
0 0.8286328125 0.68859375 0.07250000000000001 0.11833299999999995
0 0.905625 0.6746357499999999 0.09375 0.08666600000000006
0 0.907109375 0.7937496666666667 0.07499999999999996 0.27166700000000005
0 0.96625 0.77723925 0.06374999999999997 0.25999999999999995
