0 0.5070772825768667 0.90359375 0.12183700000000001 0.14937500000000004
0 0.4992679355783309 0.65734375 0.999063 0.275
0 0.08246218448023426 0.8775390625 0.140581 0.20687500000000003
0 0.10747257101024889 0.8784375 0.150891 0.20500000000000007
0 0.19516857686676428 0.871171875 0.06091799999999998 0.09062499999999996
0 0.28426367496339683 0.8552734375 0.03842499999999998 0.09187500000000004
0 0.37423567496339677 0.8712109375 0.03842499999999998 0.07687500000000003
0 0.429119803806735 0.872265625 0.04123700000000001 0.08374999999999999
0 0.5769051903367497 0.8723046875 0.051545999999999995 0.10124999999999995
0 0.7255586017569546 0.892265625 0.1743209999999999 0.208125
0 0.7702027057101025 0.863359375 0.061856000000000036 0.10624999999999996
0 0.8484015768667643 0.879140625 0.06091799999999981 0.11499999999999999
