0 0.0254609375 0.79994825 0.046 0.22666599999999995
0 0.14925 0.824042 0.063 0.2199999999999999
0 0.2110859375 0.8620836666666666 0.07800000000000001 0.27199999999999996
0 0.2753203125 0.86661425 0.057999999999999996 0.22666699999999995
0 0.3381328125 0.8489062500000001 0.07400000000000001 0.258667
0 0.36634375 0.8132503333333334 0.055999999999999994 0.23066599999999995
0 0.396625 0.7899375000000001 0.03199999999999997 0.17200000000000001
0 0.41934375 0.83232325 0.05499999999999999 0.19733300000000012
0 0.4327421875 0.7461354166666666 0.02200000000000002 0.045333000000000144
0 0.4497421875 0.7746565833333333 0.02200000000000002 0.11333300000000006
0 0.60025 0.80680175 0.314 0.213334
0 0.6411796875 0.8716979166666666 0.06900000000000006 0.24933300000000003
0 0.7040625 0.8593229166666667 0.07899999999999996 0.27866699999999983
0 0.8086015625 0.7448333333333332 0.03399999999999992 0.044000000000000185
0 0.83115625 0.8279791666666666 0.07199999999999995 0.22400000000000006
