0 0.046875 0.38228541935483873 0.09375 0.422139
0 0.055546874999999996 0.16425271260997068 0.05875000000000001 0.16885599999999998
0 0.289140625 0.5769528387096774 0.48874999999999996 0.840526
0 0.10109375 0.15821498826979474 0.05500000000000001 0.17260799999999998
0 0.17546875 0.1002900909090909 0.14999999999999997 0.183865
0 0.19671875 0.1348647184750733 0.0875 0.08442700000000002
0 0.255390625 0.12649260997067446 0.05124999999999999 0.15572300000000003
0 0.31437499999999996 0.44746139296187687 0.1575 0.30394
0 0.332109375 0.271748219941349 0.1375 0.313321
0 0.3005078125 0.1262565073313783 0.04249999999999998 0.144465
0 0.474921875 0.353229651026393 0.21625 0.562852
0 0.4748046875 0.08690316715542522 0.03875000000000001 0.0788
0 0.5478515625 0.1056185073313783 0.03374999999999995 0.14634199999999997
0 0.60234375 0.35382881818181816 0.11875000000000002 0.6378989999999999
0 0.6662109375 0.04767778885630499 0.04499999999999993 0.063789
0 0.77765625 0.3711880234604105 0.2587499999999999 0.6622889999999999
0 0.7730078125 0.10303219941348972 0.04250000000000009 0.110695
0 0.91734375 0.052139096774193545 0.05625000000000002 0.099437
0 0.9441796875 0.17828546334310852 0.06874999999999998 0.283303
