0 0.0078125 0.5634378333333334 0.01625 0.09083299999999994
0 0.02375 0.4892708333333333 0.0325 0.08916699999999993
0 0.5074609375 0.48265658333333333 0.9825 0.3633330000000001
0 0.0765625 0.3751559166666667 0.015625 0.030833999999999955
0 0.1000390625 0.37156216666666664 0.019375000000000003 0.038334000000000014
0 0.1271875 0.37963541666666667 0.016875000000000015 0.04583300000000001
0 0.1426953125 0.3991149166666667 0.026874999999999982 0.05999999999999998
0 0.302109375 0.6145833333333334 0.04312499999999997 0.22916700000000004
0 0.7165234375 0.6038020833333333 0.06062499999999993 0.253333
0 0.8701171875 0.5683333333333334 0.05437499999999995 0.294167
