0 0.071640625 0.93223925 0.115 0.13333400000000006
0 0.1259765625 0.51953125 0.06625 0.16500000000000004
0 0.210078125 0.7426041666666666 0.130625 0.38250000000000006
0 0.3218359375 0.4626565833333333 0.04625000000000001 0.11333300000000006
0 0.359765625 0.6265628333333334 0.08375000000000005 0.2466659999999999
0 0.3909765625 0.43786491666666666 0.034999999999999976 0.12250000000000005
0 0.424140625 0.5502086666666667 0.08250000000000002 0.17916600000000002
0 0.461640625 0.491875 0.05187499999999995 0.22000000000000006
0 0.5193359375 0.48192708333333334 0.04624999999999996 0.15916700000000006
0 0.5229296875 0.408542 0.03874999999999995 0.09499999999999997
0 0.5491796875 0.5156770833333334 0.06999999999999995 0.223333
0 0.59171875 0.4557291666666667 0.05625000000000002 0.16249999999999995
0 0.6291796875 0.419167 0.03749999999999998 0.12750000000000003
0 0.653125 0.3905205 0.03125 0.11000000000000003
0 0.69328125 0.38218749999999996 0.040000000000000036 0.10999999999999999
0 0.700703125 0.43005241666666666 0.036250000000000004 0.10916600000000003
0 0.773203125 0.43703125 0.06812499999999999 0.16500000000000004
0 0.8665625 0.42770833333333336 0.04749999999999999 0.135833
0 0.933046875 0.42953125 0.059374999999999956 0.16416699999999995
