0 0.4596354166666667 0.2460283125 0.16944400000000007 0.213542
0 0.009114583333333334 0.626953125 0.019444 0.130208
0 0.2394960833333333 0.28658887499999997 0.06666699999999999 0.091666
0 0.22664908333333333 0.4535810625 0.034721999999999996 0.04999999999999999
0 0.26571225000000004 0.3035810625 0.070833 0.111458
0 0.2724830833333333 0.1702470625 0.034721999999999954 0.048959
0 0.27135383333333335 0.4475908125 0.027778000000000008 0.04166700000000001
0 0.3794274166666667 0.45 0.07638899999999997 0.0625
0 0.4786455 0.45390625 0.018056000000000072 0.03958299999999998
0 0.49140625 0.4536455 0.008333000000000071 0.015625
0 0.5036455000000001 0.4529296875 0.016666999999999915 0.03749999999999998
0 0.5366318333333334 0.451042 0.027778000000000008 0.03125
0 0.5643229166666667 0.44973925 0.029166999999999943 0.04062500000000002
0 0.6559023333333333 0.293098625 0.07361200000000008 0.11458400000000002
0 0.666319 0.1171875 0.09444500000000004 0.078125
0 0.66657975 0.4906904375 0.08611099999999983 0.062499999999999944
0 0.7267363333333332 0.6754560625 0.07500000000000018 0.17500000000000004
