0 0.0400390625 0.18594436310395315 0.081333 0.374
0 0.1299189375 0.3246442166910688 0.202667 0.644
0 0.1743671875 0.10799121522693997 0.05333300000000002 0.166
0 0.3351220625 0.3416778916544656 0.268 0.68
0 0.280958 0.3158857979502196 0.03200000000000003 0.132
0 0.3153251875 0.191800878477306 0.08400000000000002 0.384
0 0.3783310625 0.19326500732064422 0.11200000000000004 0.388
0 0.73178125 0.4678125915080527 0.352 0.8340000000000001
0 0.6649404375 0.09199121522693997 0.06133299999999997 0.166
0 0.81515625 0.2095519765739385 0.07066699999999992 0.364
0 0.8329404375 0.211303074670571 0.06133299999999997 0.344
0 0.868583 0.3112064421669107 0.06266700000000003 0.14800000000000005
0 0.8947998125 0.20930307467057102 0.07333300000000009 0.344
