0 0.671875 0.7551779603283173 0.06312499999999999 0.261821
0 0.02734375 0.8475652229822163 0.055 0.19439599999999985
0 0.073828125 0.8251780588235293 0.035625 0.23730299999999996
0 0.1084765625 0.8337161025991792 0.03499999999999999 0.225044
0 0.1490625 0.8269290588235294 0.048125 0.23555199999999993
0 0.187734375 0.8257261244870042 0.04374999999999998 0.22066599999999995
0 0.2309375 0.8226600369357046 0.047500000000000014 0.24255699999999986
0 0.2680859375 0.8085929603283172 0.04500000000000001 0.2600700000000001
0 0.2967578125 0.8006029822161422 0.04125000000000001 0.256567
0 0.328984375 0.8037219712722298 0.043125000000000024 0.2583189999999999
0 0.364765625 0.8000020150478796 0.05249999999999999 0.24781100000000006
0 0.39640625 0.7544077633378933 0.070625 0.310858
0 0.44625 0.753042949384405 0.06375000000000003 0.265324
0 0.490078125 0.7611989822161421 0.03625000000000006 0.25481600000000004
0 0.5197265625 0.7622961135430916 0.03499999999999992 0.22329200000000007
0 0.555859375 0.7379877195622436 0.04312499999999997 0.3213669999999999
0 0.60375 0.7403967633378932 0.06437499999999996 0.31173400000000007
