0 0.015625 0.5903017364568083 0.033125 0.0863039999999999
0 0.0384765625 0.8159342093704247 0.06499999999999999 0.257036
0 0.04234375 0.6795339941434846 0.05500000000000001 0.09287100000000004
0 0.1403515625 0.46194215373352854 0.03375 0.11913700000000006
0 0.2728515625 0.37942659590043926 0.25249999999999995 0.26360199999999995
0 0.181328125 0.7556946325036602 0.06812499999999999 0.19793700000000006
0 0.23078125 0.510653055636896 0.04062500000000002 0.1388360000000001
0 0.2697265625 0.5090305095168375 0.03500000000000003 0.10506600000000003
0 0.284921875 0.5593888960468522 0.02812500000000001 0.11350899999999996
0 0.3153125 0.5955360863836019 0.04749999999999999 0.16135099999999986
0 0.3448046875 0.5711460863836018 0.03750000000000003 0.16135100000000002
0 0.370703125 0.5917840863836017 0.036250000000000004 0.16322700000000007
0 0.38921875 0.5257139326500732 0.02437499999999998 0.04596699999999993
0 0.4216796875 0.56604421522694 0.03875000000000001 0.1660409999999999
0 0.4344921875 0.7126127306002928 0.053749999999999964 0.17729899999999998
0 0.7069921875 0.4660377130307467 0.5843750000000001 0.4502820000000001
0 0.447421875 0.6587126383601757 0.028124999999999956 0.10694199999999998
0 0.6708203125 0.9596802210834553 0.05687500000000001 0.07598499999999994
0 0.834765625 0.9642569633967789 0.05125000000000002 0.06848
0 0.92125 0.9723571903367496 0.06312499999999999 0.05159499999999995
0 0.9641796875 0.7663199633967789 0.06937499999999996 0.06754300000000008
0 0.9755859375 0.6526276076134699 0.04625000000000001 0.08442800000000003
