0 0.916171875 0.7138234055636896 0.05875000000000008 0.2157600000000001
0 0.103515625 0.895172019033675 0.20875 0.20637899999999984
0 0.0994921875 0.7682842825768668 0.084375 0.12101300000000001
0 0.1433203125 0.47585573645680823 0.02562500000000001 0.08630399999999998
0 0.173984375 0.3757082518301611 0.044375 0.09849899999999998
0 0.1950390625 0.7611921537335286 0.080625 0.11913699999999998
0 0.2196484375 0.5542870248901903 0.06125 0.11538399999999993
0 0.219765625 0.38433560761346997 0.020625000000000004 0.08442700000000006
0 0.2502734375 0.38433560761346997 0.030624999999999986 0.08442700000000006
0 0.29875 0.3826871229868229 0.03187499999999999 0.09380900000000006
0 0.3383984375 0.38808760761347005 0.02937500000000004 0.08255200000000004
0 0.35890625 0.5304221537335286 0.03937499999999999 0.11726099999999993
0 0.3803125 0.3845189633967789 0.01687500000000003 0.06754199999999998
0 0.4239453125 0.3945403499267935 0.057499999999999996 0.07692300000000005
0 0.4362890625 0.5300102825768668 0.01937500000000003 0.12101300000000001
0 0.4670703125 0.5289580248901904 0.02562500000000001 0.11538499999999999
0 0.491015625 0.3272258653001464 0.02062499999999995 0.08817999999999998
0 0.51859375 0.34189309224011716 0.024375000000000036 0.07317100000000001
0 0.569765625 0.7335752825768667 0.05124999999999991 0.12101300000000009
0 0.5595703125 0.34024560761347 0.02562500000000001 0.08442699999999993
0 0.6374609375 0.5567150922401172 0.04562500000000003 0.07317099999999993
0 0.7535546875 0.6000686691068814 0.03875000000000006 0.13039399999999998
0 0.8822265625 0.4888313191800879 0.03375000000000006 0.055346999999999945
0 0.9393359375 0.4262951537335285 0.04625000000000001 0.11913700000000002
