0 0.8626171875 0.7776520814332248 0.053749999999999964 0.379958
0 0.0819921875 0.5420562508143323 0.023125000000000007 0.129436
0 0.1093359375 0.5492369218241042 0.013750000000000012 0.12317399999999996
0 0.1305078125 0.5622662377850163 0.01125000000000001 0.144051
0 0.2019921875 0.5882369087947883 0.05374999999999999 0.13778700000000002
0 0.2502734375 0.6645764625407166 0.030624999999999986 0.31106500000000004
0 0.27796875 0.6421015537459284 0.024375000000000036 0.17536599999999994
0 0.3153125 0.6822708697068405 0.048750000000000016 0.20041799999999999
0 0.3394140625 0.7125055016286646 0.04999999999999999 0.2484340000000001
0 0.378125 0.7161024495114006 0.03187499999999999 0.3298540000000001
0 0.4360546875 0.7897627263843648 0.03812500000000002 0.413361
0 0.4896875 0.8179840944625407 0.048750000000000016 0.3590810000000001
0 0.5215234375 0.7091724364820847 0.030000000000000027 0.350731
0 0.599140625 0.6496228436482084 0.020000000000000018 0.24008399999999994
0 0.6243359375 0.6697448697068403 0.014999999999999902 0.20041799999999999
0 0.6437890625 0.6788508436482085 0.01937500000000003 0.23590799999999998
0 0.7028515625 0.6728395016286646 0.03499999999999992 0.2526089999999999
0 0.76421875 0.8459538045602605 0.11812500000000004 0.2985380000000001
0 0.9587890625 0.8027040814332247 0.08062500000000006 0.3841330000000001
