0 0.4619140625 0.26630175 0.924375 0.3383340000000001
0 0.114296875 0.1775520833333333 0.027499999999999983 0.0675
0 0.21078125 0.23114583333333336 0.07125000000000001 0.18416699999999997
0 0.335703125 0.18036458333333336 0.03562500000000002 0.08083299999999997
0 0.3723046875 0.16937499999999997 0.03875000000000001 0.09499999999999999
0 0.625625 0.24953125 0.09562499999999996 0.16583299999999998
0 0.6903125 0.3031253333333333 0.07999999999999996 0.19916600000000004
0 0.7421484375 0.26078091666666664 0.06062499999999993 0.31166699999999997
0 0.8490234375 0.3062496666666667 0.06125000000000003 0.27249999999999996
0 0.905390625 0.26744758333333335 0.05125000000000002 0.27
