0 0.0319921875 0.7698440833333332 0.053125 0.09833300000000007
0 0.038671875 0.7297399166666666 0.027499999999999997 0.09166600000000003
0 0.0846875 0.7835934166666666 0.07875 0.07583400000000011
0 0.19484375 0.7920315833333333 0.0875 0.080833
0 0.2848828125 0.7860413333333334 0.10437500000000002 0.13666699999999996
0 0.3633203125 0.7776559166666667 0.026874999999999982 0.029167000000000016
0 0.3844921875 0.77671875 0.021874999999999978 0.025832999999999995
0 0.454765625 0.7846878333333334 0.051875000000000004 0.027500000000000007
0 0.588046875 0.8371875000000001 0.15375000000000005 0.10999999999999988
0 0.611171875 0.7921878333333333 0.028124999999999956 0.027500000000000007
0 0.6411328125 0.77286425 0.010000000000000009 0.04083399999999996
0 0.6744140625 0.7921878333333333 0.01937500000000003 0.027500000000000007
0 0.759609375 0.7988538333333333 0.043749999999999956 0.027500000000000007
0 0.864453125 0.8688020833333333 0.1606249999999999 0.25333299999999986
