0 0.3194249375 0.26517349152542374 0.108572 0.22055
0 0.2096148125 0.694543765133172 0.10428600000000002 0.10717499999999991
0 0.5024055625 0.7078206368038741 0.252857 0.44375600000000004
0 0.4448936875 0.814955220338983 0.06999999999999995 0.27280799999999994
0 0.6258648125 0.2118827602905569 0.16714299999999993 0.23294900000000004
0 0.5770258125 0.644849191283293 0.010000000000000009 0.02745799999999996
0 0.5913835 0.6472704987893463 0.016429000000000027 0.03277300000000005
0 0.600524125 0.6557450750605327 0.005715000000000026 0.049601999999999924
0 0.883515625 0.34421360532687656 0.20857099999999995 0.26217899999999994
0 0.820625 0.6844183414043583 0.03142899999999993 0.12577500000000008
0 0.8612218125 0.683768033898305 0.04214300000000004 0.12046100000000007
