0 0.12792981250000002 0.7818449575402635 0.04101599999999998 0.15959000000000004
0 0.2187503125 0.797950503660322 0.027343000000000006 0.19472899999999993
0 0.26074225 0.824304663250366 0.04003899999999999 0.22108299999999997
0 0.3427735625 0.7774519882869692 0.06640599999999997 0.1815520000000001
0 0.422851125 0.7803809882869693 0.066407 0.18447999999999992
0 0.4804689375 0.7979497920937042 0.04492199999999996 0.2225480000000001
0 0.53906225 0.7979505344070279 0.07031300000000007 0.21961899999999998
0 0.5888675625 0.8038062459736456 0.03417899999999996 0.18887299999999996
0 0.6298829375 0.7891650805270863 0.045897999999999994 0.2532950000000001
0 0.6650395 0.7877011478770133 0.046875 0.20937099999999997
0 0.7285160625 0.8081994363103954 0.08203099999999997 0.237189
0 0.7646485625 0.7759878286969253 0.035155999999999965 0.15666199999999988
0 0.84667925 0.8096635651537336 0.07031299999999996 0.24304499999999998
0 0.91210975 0.8067346939970719 0.055663999999999936 0.24304600000000004
