0 0.513046875 0.5248744193548387 0.49624999999999997 0.422139
0 0.11125 0.06744868035190615 0.12624999999999997 0.136961
0 0.1474609375 0.49502623753665687 0.04500000000000001 0.056285000000000085
0 0.16203125 0.8823376862170089 0.04000000000000001 0.052532999999999955
0 0.28304687500000003 0.09265912903225808 0.12125 0.12945499999999996
0 0.29828125 0.6336896158357771 0.03999999999999998 0.07317100000000001
0 0.2991015625 0.7248021671554252 0.03375 0.07692299999999996
0 0.339140625 0.8696144105571847 0.05250000000000005 0.04878000000000019
0 0.3924609375 0.7350026158357771 0.04625000000000001 0.07129500000000012
0 0.4296484375 0.6263582375366569 0.030000000000000027 0.056285000000000085
0 0.4991015625 0.8720270967741935 0.03375 0.09943700000000008
0 0.5039843749999999 0.7206404428152492 0.04375000000000001 0.08067500000000001
0 0.5867578125 0.6374416158357772 0.04125000000000001 0.07317099999999993
0 0.59609375 0.7183537184750732 0.05500000000000005 0.08255200000000014
0 0.667265625 0.8725469618768328 0.08374999999999999 0.054409000000000186
0 0.705 0.08996268035190616 0.125 0.13508399999999998
0 0.7171875 0.731660340175953 0.04875000000000007 0.06941899999999997
0 0.8784765625 0.06744868035190615 0.12875000000000003 0.135084
0 0.85765625 0.895297064516129 0.07125000000000004 0.06566600000000003
0 0.8517578125 0.4954359618768328 0.04125000000000001 0.0544090000000001
