0 0.2489453125 0.6796783076923076 0.02687500000000001 0.0676510000000001
0 0.2733203125 0.6862967692307692 0.026874999999999982 0.09225099999999993
0 0.2944921875 0.6799221538461537 0.021874999999999978 0.11070100000000015
0 0.348046875 0.749446 0.058750000000000024 0.201723
0 0.4042578125 0.6854475384615384 0.010000000000000009 0.07749100000000012
0 0.4234375 0.6744459999999999 0.015625 0.052891000000000056
0 0.4410546875 0.728536 0.03812500000000002 0.20172200000000012
0 0.5273828125 0.6947516153846154 0.011249999999999982 0.08241000000000002
0 0.5369921875 0.6916669999999999 0.021874999999999978 0.05289000000000007
0 0.5487890625 0.676612923076923 0.01937499999999992 0.09840100000000011
0 0.643828125 0.7209121538461538 0.03687499999999999 0.16113199999999997
0 0.6780859375 0.7840613846153845 0.07687500000000003 0.271833
0 0.6601953125 0.6434713846153847 0.026874999999999982 0.07011099999999999
0 0.820546875 0.6750898461538462 0.028124999999999956 0.14391100000000007
