0 0.4051953125 0.5299479166666666 0.08812500000000001 0.31083299999999997
0 0.01953125 0.8376562499999999 0.040625 0.32166700000000015
0 0.15910156250000002 0.9414586666666667 0.253125 0.11500000000000006
0 0.3640234375 0.780417 0.28 0.4375
0 0.487265625 0.522083 0.08375000000000005 0.31333399999999995
0 0.62171875 0.8016145833333334 0.24250000000000005 0.3941670000000001
0 0.660703125 0.5795830000000001 0.12937500000000002 0.19000000000000003
0 0.7891015625 0.6309378333333334 0.12875000000000003 0.21499999999999994
0 0.7994921875 0.5539586666666667 0.11625000000000008 0.116666
0 0.863515625 0.5313020833333334 0.08250000000000002 0.1291669999999999
0 0.9347265625 0.6124999999999999 0.12812500000000004 0.25000000000000017
0 0.942890625 0.49499966666666667 0.051875000000000004 0.08583399999999997
0 0.9915625 0.5281253333333333 0.015625 0.07333299999999994
