0 0.12664354014598542 0.6989453125 0.03081200000000001 0.08875
0 0.172106102189781 0.704140625 0.03828200000000002 0.08250000000000002
0 0.19427768613138688 0.695 0.028011000000000015 0.09375
0 0.2606373722627738 0.6812890625 0.05415499999999998 0.08187500000000003
0 0.28841195620437954 0.7009375 0.04108300000000003 0.078125
0 0.34431524817518244 0.6816015625 0.035481 0.03437499999999993
0 0.35901783211678834 0.6764453125 0.02520999999999998 0.05812500000000009
0 0.3943947883211679 0.72734375 0.06629299999999996 0.11750000000000005
0 0.4223391021897811 0.6970703125 0.04014999999999991 0.08875
0 0.4771906861313869 0.70875 0.028010999999999953 0.09562499999999996
0 0.498903102189781 0.6834765625 0.038281999999999976 0.06500000000000006
0 0.526915102189781 0.699140625 0.038281999999999976 0.08374999999999999
0 0.5711698905109489 0.7548046875 0.10270699999999996 0.16375000000000006
0 0.5918149343065694 0.69828125 0.061623999999999936 0.07187500000000002
0 0.5992172481751824 0.6658984375 0.035481 0.02937500000000004
0 0.6342390802919707 0.726328125 0.060691000000000064 0.12937500000000002
0 0.6725210802919708 0.7223046875 0.06069099999999998 0.13124999999999998
0 0.6845923941605839 0.66171875 0.03268000000000003 0.023749999999999938
0 0.7181543722627737 0.709921875 0.05322100000000002 0.09062499999999996
0 0.7128928321167883 0.661796875 0.026143999999999903 0.02750000000000008
0 0.7593040583941606 0.7235546875 0.08123200000000005 0.13187500000000008
0 0.8083162262773723 0.699921875 0.056021999999999905 0.12124999999999997
0 0.8468199781021898 0.6714453125 0.02054200000000004 0.05812500000000009
0 0.8717415401459855 0.6764453125 0.03081200000000001 0.05812500000000009
0 0.8820125401459854 0.6766015625 0.03081200000000001 0.06499999999999995
0 0.9057626861313869 0.6676171875 0.02894499999999996 0.05437500000000006
0 0.9468456861313869 0.6981640625 0.028011000000000036 0.08187500000000003
