0 0.50625 0.6350577619047619 0.09437499999999999 0.399428
0 0.2353515625 0.19345238095238096 0.4725 0.388942
0 0.1091015625 0.5504930952380953 0.0975 0.3183989999999999
0 0.2496484375 0.8733544761904761 0.12437500000000001 0.20305000000000004
0 0.2208984375 0.4053831904761905 0.060624999999999984 0.257388
0 0.2763671875 0.6093880952380952 0.11562499999999998 0.38036300000000006
0 0.369140625 0.8934896666666667 0.11499999999999999 0.209724
0 0.7198046875 0.9210419523809524 0.13187499999999996 0.15538600000000002
0 0.7370703125 0.6603085238095238 0.12062499999999998 0.424214
0 0.898515625 0.7015553809523809 0.176875 0.3889420000000001
