0 0.10734375 0.47921908333333335 0.11875000000000001 0.5658329999999999
0 0.25199218749999996 0.5581774166666666 0.17937500000000003 0.38916600000000007
0 0.4319140625 0.6030205000000001 0.17437500000000006 0.48666699999999996
0 0.485234375 0.41942675 0.043749999999999956 0.11833400000000001
0 0.5021484375 0.36499966666666667 0.06187499999999996 0.208334
0 0.7856640625 0.6826041666666667 0.42562500000000003 0.6316670000000001
0 0.69453125 0.4688545 0.19624999999999992 0.23583300000000004
0 0.64453125 0.34963541666666664 0.04062500000000002 0.044999999999999964
0 0.7577734375 0.33874966666666667 0.06187500000000001 0.14666699999999996
0 0.7983203125 0.3825524166666667 0.05812499999999998 0.10750000000000008
0 0.9166796875 0.5265624999999999 0.16375000000000006 0.33000000000000007
0 0.8796875 0.3764059166666667 0.046875 0.09333400000000003
0 0.9073046875 0.35432325 0.03874999999999995 0.070833
0 0.9497265625 0.44880175000000005 0.09750000000000003 0.21166699999999997
0 0.9659765625 0.33588508333333333 0.03375000000000006 0.06583400000000002
