0 0.041015625 0.576823 0.083008 0.5651040000000002
0 0.08105443749999999 0.5338545 0.124024 0.5794269999999999
0 0.0947261875 0.1484375 0.083985 0.140625
0 0.2841793125 0.7838545833333334 0.462891 0.42708299999999993
0 0.1230465 0.4453121666666666 0.109375 0.444011
0 0.1582029375 0.2890621666666667 0.10742199999999999 0.38151099999999993
0 0.3203128125 0.472656 0.136718 0.471354
0 0.3945316875 0.5195309166666666 0.131836 0.4986980000000001
0 0.450194875 0.5859376666666667 0.15234400000000003 0.5546869999999999
0 0.5351566875 0.6510413333333332 0.19531200000000004 0.604167
0 0.6357421249999999 0.7018229166666666 0.318359 0.5911459999999998
