0 0.1795703125 0.6024996666666667 0.21437499999999998 0.5858340000000001
0 0.312734375 0.28427050000000004 0.138125 0.17416699999999996
0 0.3728515625 0.6063024166666667 0.19124999999999998 0.42166599999999993
0 0.3947265625 0.4060940833333333 0.12875000000000003 0.284166
0 0.4948828125 0.4740621666666667 0.07250000000000001 0.536667
0 0.643984375 0.6116149166666667 0.16874999999999996 0.311666
0 0.6790625 0.41348958333333335 0.140625 0.23749999999999996
0 0.6571484375 0.33859341666666665 0.09187500000000004 0.20166700000000004
0 0.7303515625 0.3569788333333333 0.06562500000000004 0.18416700000000005
0 0.8117578125 0.5469795000000001 0.166875 0.26666600000000007
0 0.9352734375 0.46479166666666666 0.09250000000000003 0.24083300000000007
