0 0.091796875 0.7944501807580175 0.185 0.40484999999999993
0 0.12984374999999998 0.692816638483965 0.05625000000000001 0.19589600000000001
0 0.1896484375 0.8150860174927114 0.15500000000000003 0.363806
0 0.2016796875 0.5134244314868804 0.06999999999999998 0.25186499999999995
0 0.2331640625 0.7994050029154519 0.11249999999999999 0.39552199999999993
0 0.27249999999999996 0.7113598017492712 0.06375 0.23880600000000002
0 0.332265625 0.7303102390670555 0.08374999999999999 0.274253
0 0.410390625 0.7259370612244899 0.11375000000000002 0.2667909999999999
0 0.4466796875 0.47132374927113696 0.06875000000000003 0.15298500000000004
0 0.56546875 0.5584938688046648 0.08750000000000002 0.29104499999999994
0 0.65421875 0.6761509358600583 0.21125000000000005 0.34141799999999994
0 0.727265625 0.6528816239067055 0.08374999999999999 0.22761200000000012
0 0.8763671875 0.6774509825072885 0.24125000000000008 0.6399250000000001
