0 0.1123828125 0.41241796763754046 0.009999999999999995 0.051814
0 0.1223828125 0.40872784466019424 0.010624999999999996 0.049740999999999994
0 0.2294921875 0.4151281974110032 0.023125000000000007 0.08497399999999997
0 0.4850390625 0.40580219741100326 0.018125000000000002 0.08497399999999997
0 0.5013671875 0.4081286893203883 0.023125000000000062 0.09741000000000002
0 0.6373046875 0.47372428802589 0.038124999999999964 0.14093299999999992
0 0.679296875 0.47445068932038836 0.02749999999999997 0.09948199999999999
0 0.803828125 0.4217279352750809 0.130625 0.10673600000000001
0 0.92 0.43908944336569583 0.03187499999999999 0.09119199999999998
0 0.9696875 0.45657919741100317 0.016874999999999973 0.08497400000000002
