0 0.694609375 0.7806802063492064 0.10562500000000008 0.41458899999999993
0 0.08597656249999999 0.749565155844156 0.0975 0.31209599999999993
0 0.3890234375 0.9466850519480519 0.12437500000000001 0.10434000000000006
0 0.3992578125 0.7769580447330449 0.04125000000000001 0.09233599999999986
0 0.4796875 0.8916391067821068 0.11062500000000003 0.21422000000000005
0 0.4581640625 0.7627600360750361 0.018125000000000002 0.07386899999999991
0 0.543046875 0.7084620750360751 0.05874999999999997 0.15143099999999993
0 0.6107421875 0.7983951991341991 0.08562500000000006 0.39981599999999995
0 0.7497265625 0.7477580533910534 0.06624999999999992 0.10803400000000003
0 0.8770703125 0.6512730880230881 0.026874999999999982 0.1763619999999999
0 0.955390625 0.731782103896104 0.08374999999999999 0.20867899999999995
0 0.9675 0.9226810750360751 0.06312499999999999 0.15143199999999996
