0 0.01953125 0.5706770833333333 0.04 0.22166699999999998
0 0.05953125 0.5633854166666666 0.04 0.23416700000000001
0 0.1034375 0.5714586666666667 0.04812499999999999 0.24083300000000007
0 0.1321484375 0.5617184166666667 0.03 0.2325
0 0.1608984375 0.5675 0.06062500000000001 0.25
0 0.19375 0.5669791666666667 0.03125 0.225
0 0.2171875 0.5671350833333333 0.046875 0.25333399999999995
0 0.2628125 0.5630732500000001 0.04749999999999999 0.258333
0 0.2719921875 0.45645833333333335 0.053125000000000006 0.07416700000000002
0 0.3139453125 0.5734371666666667 0.05687500000000001 0.256667
0 0.2988671875 0.47151075 0.021874999999999978 0.055000000000000084
0 0.3416796875 0.4514583333333333 0.03749999999999998 0.07416700000000002
0 0.35671875 0.555833 0.055625000000000036 0.250834
0 0.4289453125 0.5776045 0.08812500000000001 0.299166
0 0.42953125 0.5485940833333333 0.07187500000000002 0.28583300000000006
0 0.53015625 0.55286425 0.07062500000000005 0.290834
0 0.5861328125 0.5457815833333334 0.041874999999999996 0.268333
0 0.6088671875 0.5877600833333333 0.08562499999999995 0.284167
0 0.622265625 0.5604690833333333 0.051875000000000004 0.253333
0 0.7057421875 0.570833 0.05312500000000009 0.25000000000000006
0 0.7464453125 0.5850003333333333 0.05687500000000001 0.294166
0 0.7883984375 0.5571354166666667 0.06062499999999993 0.295833
0 0.887265625 0.5641663333333333 0.08250000000000002 0.29166699999999995
0 0.95109375 0.3211458333333333 0.024375000000000036 0.05749999999999996
