0 0.0508203125 0.1520158733624454 0.025625000000000002 0.05498599999999999
0 0.08203125 0.18857462008733628 0.039999999999999994 0.15843399999999996
0 0.1193359375 0.14182664483260554 0.014374999999999985 0.03261899999999999
0 0.153515625 0.14426768558951963 0.05125000000000002 0.06337400000000001
0 0.3253125 0.15924145705967976 0.015625 0.04193800000000001
0 0.345 0.15492708151382825 0.033125000000000016 0.06057800000000002
0 0.382578125 0.16098091411935952 0.03562500000000002 0.08387700000000001
0 0.4212890625 0.17880312227074235 0.01937500000000003 0.08946899999999998
0 0.4458203125 0.18363176710334791 0.026875000000000038 0.12208699999999999
0 0.477421875 0.15905414264919943 0.02812500000000001 0.10344799999999998
0 0.943984375 0.18544233042212516 0.04375000000000007 0.09599300000000001
0 0.95609375 0.1412750363901019 0.05625000000000002 0.171482
