0 0.031015624999999998 0.4565258454810495 0.052500000000000005 0.14192300000000005
0 0.175625 0.47821036443148685 0.06375 0.200747
0 0.38796875 0.4798396967930029 0.024375000000000036 0.06722699999999994
0 0.4265234375 0.4842128746355685 0.030625000000000013 0.07843099999999995
0 0.4901171875 0.5186649504373179 0.11562499999999998 0.3118580000000001
0 0.5308203125 0.4835746967930029 0.026875000000000093 0.06909399999999999
0 0.573046875 0.4922735189504373 0.028125000000000067 0.05975700000000004
0 0.6057421875 0.49454979300291546 0.023125000000000062 0.05602300000000001
0 0.6509375 0.47209325947521863 0.0475000000000001 0.03081300000000001
0 0.6838671875 0.4922735189504373 0.023125000000000062 0.05975700000000004
0 0.7145703125 0.4922735189504373 0.026874999999999982 0.05975700000000004
0 0.742109375 0.49484561516034986 0.012500000000000067 0.04948600000000004
0 0.7883203125 0.4973517930029155 0.02562500000000001 0.05695600000000002
0 0.8234375 0.5014960670553935 0.015625 0.053221000000000025
0 0.8731640625 0.49962806705539353 0.018124999999999947 0.05508900000000005
0 0.9545703125 0.5065074227405247 0.08875 0.07002799999999997
