0 0.4326171875 0.5906738467153284 0.05375000000000002 0.145658
0 0.0078125 0.5138577664233577 0.0175 0.08590099999999996
0 0.0353125 0.48351959854014603 0.04875 0.10924399999999997
0 0.0615234375 0.4537593065693431 0.029375 0.114846
0 0.068046875 0.5641590583941605 0.028125000000000004 0.08029900000000001
0 0.0860546875 0.5854643284671533 0.03812499999999999 0.09523799999999998
0 0.118203125 0.4878471386861314 0.068125 0.1400559999999999
0 0.12894531250000002 0.5506945766423357 0.05749999999999998 0.13071899999999997
0 0.2620703125 0.5617288467153285 0.21375 0.14379099999999997
0 0.5576171875 0.5854123065693431 0.053749999999999964 0.114846
0 0.591953125 0.5925261824817519 0.036250000000000004 0.09710599999999998
0 0.619140625 0.6006407445255474 0.05249999999999999 0.10737600000000004
0 0.650078125 0.5806766204379563 0.03562500000000002 0.08963599999999994
0 0.743671875 0.5412908905109489 0.06000000000000005 0.10364199999999994
0 0.80328125 0.632097306569343 0.07062500000000005 0.114846
0 0.91703125 0.6098737007299271 0.16437500000000005 0.14659199999999994
