0 0.250932125 0.9111005 0.19280999999999998 0.173203
0 0.396586375 0.9540955 0.07516400000000001 0.08006500000000005
0 0.5151140000000001 0.9301278125 0.125817 0.135621
0 0.5058210000000001 0.8443185625 0.03267999999999999 0.06535899999999994
0 0.54858575 0.8517735625 0.05555500000000002 0.09640499999999996
0 0.607652125 0.956048625 0.09803899999999999 0.08333299999999999
0 0.581303125 0.8133109375 0.03594799999999998 0.045750999999999986
0 0.6191850625 0.8194894375 0.05065399999999998 0.06209100000000001
0 0.6688049375 0.853107625 0.076797 0.08333299999999999
0 0.69002775 0.9498125625 0.08660099999999993 0.09640499999999996
0 0.688113 0.786190375 0.06372500000000003 0.04411799999999999
0 0.7090550625 0.8599435625 0.049018999999999924 0.09640499999999996
0 0.767782125 0.910781375 0.09803899999999999 0.16830100000000003
0 0.744383 0.7770438125 0.03267999999999993 0.042483999999999966
0 0.786828625 0.827959375 0.05228700000000008 0.07516299999999998
0 0.78913925 0.781926625 0.03921600000000003 0.052288
0 0.796671 0.755782625 0.032679000000000014 0.052288
0 0.85250675 0.79261125 0.05555600000000005 0.10294100000000006
0 0.9239685 0.9343915625 0.10947700000000005 0.12745099999999998
0 0.9468636875 0.8673218125 0.10130699999999992 0.1666660000000001
0 0.9662283125 0.824614625 0.057190000000000074 0.11437900000000001
