0 0.1071484375 0.8995903440702782 0.06125 0.167918
0 0.0068359375 0.8501257979502197 0.014375 0.13414699999999996
0 0.0859375 0.794893055636896 0.171875 0.1388369999999999
0 0.019414062500000002 0.7884220922401172 0.018125000000000002 0.07129499999999998
0 0.032890625 0.8132681229868228 0.020624999999999998 0.09474700000000007
0 0.0508984375 0.8996863806734994 0.030625000000000006 0.10131299999999999
0 0.1768359375 0.855158571010249 0.045625 0.15009399999999992
0 0.2138671875 0.7573076749633967 0.08500000000000002 0.040337999999999936
0 0.2786328125 0.8927698901903368 0.073125 0.203565
0 0.2756640625 0.8092886076134699 0.01937500000000003 0.08348900000000009
0 0.3014453125 0.8374046691068813 0.02562500000000001 0.13039400000000007
0 0.328984375 0.760420288433382 0.013124999999999998 0.030955999999999984
0 0.44421875 0.7480409326500732 0.21250000000000002 0.04409000000000001
0 0.36078125 0.8362823133235725 0.03937499999999999 0.1444659999999999
0 0.4030078125 0.9067967306002929 0.073125 0.17636100000000002
0 0.4660546875 0.8179331844802343 0.038124999999999964 0.14258900000000008
0 0.5283203125 0.8274975402635433 0.02562500000000001 0.1275799999999999
0 0.5991796875 0.7541509019033674 0.006250000000000089 0.022514000000000034
0 0.606953125 0.7545637730600292 0.0050000000000000044 0.018761000000000076
0 0.7113671875 0.8969337613469985 0.08437499999999998 0.2016889999999999
0 0.8445703125 0.8097446383601757 0.02562500000000001 0.10600299999999996
0 0.8739453125 0.8242275095168374 0.026875000000000093 0.10506600000000003
0 0.8906640625 0.8022396383601756 0.018125000000000058 0.10788000000000005
0 0.9694921875 0.8243677057101024 0.023125000000000062 0.06191400000000008
0 0.9896875 0.8061759941434846 0.01749999999999996 0.09287099999999995
