0 0.0905078125 0.5491145833333333 0.10374999999999998 0.2700000000000001
0 0.184765625 0.5613538333333333 0.14625 0.2774999999999999
0 0.198515625 0.453333 0.051875000000000004 0.12750000000000003
0 0.28914062500000004 0.5531774166666666 0.08249999999999999 0.26333300000000004
0 0.391328125 0.4807295 0.06812499999999999 0.204166
0 0.446796875 0.4625003333333333 0.09062500000000001 0.16833300000000007
0 0.5528515625 0.5946871666666667 0.12812500000000004 0.32
0 0.597890625 0.46916699999999995 0.05125000000000002 0.12749999999999995
0 0.6129296875 0.41968716666666667 0.03875000000000006 0.06833399999999996
0 0.7129296875 0.6108330000000001 0.16375000000000006 0.3775
0 0.6865234375 0.4470315833333333 0.06062500000000004 0.08250000000000002
0 0.8090625 0.555208 0.11124999999999996 0.22083400000000006
0 0.7937109375 0.3819788333333333 0.04500000000000004 0.05833400000000003
0 0.9147265625 0.39734374999999994 0.034375000000000044 0.05666700000000002
0 0.9339453125 0.477708 0.05687500000000001 0.09416700000000004
