0 0.38871093749999996 0.8324255592972182 0.515 0.33208299999999996
0 0.4212109375 0.466088803806735 0.015000000000000013 0.042213999999999974
0 0.64875 0.5123264787701318 0.188125 0.08067600000000004
0 0.6809375 0.8807323074670571 0.20500000000000007 0.23545999999999995
0 0.795234375 0.8189248477306004 0.19999999999999996 0.36022499999999996
0 0.7538671875 0.5169733191800878 0.021874999999999978 0.05347099999999991
0 0.7744921875 0.5142735768667642 0.021874999999999978 0.05909899999999993
0 0.8073828125 0.5328771595900439 0.04249999999999998 0.028142000000000056
0 0.8278125 0.5132213191800878 0.016875000000000084 0.05347099999999999
0 0.88046875 0.5188493191800879 0.024374999999999925 0.05347099999999991
0 0.923828125 0.8437526573938507 0.09875 0.3105069999999999
0 0.9365234375 0.8324255592972182 0.12437500000000001 0.3311450000000001
