0 0.0324609375 0.6068512874251497 0.045 0.146692
0 0.26480468749999997 0.6303833892215569 0.06999999999999998 0.196548
0 0.3333203125 0.5521011796407186 0.08937499999999998 0.09204200000000001
0 0.323359375 0.5832522275449101 0.04375000000000001 0.11409400000000007
0 0.373828125 0.633141377245509 0.06812499999999999 0.190796
0 0.4040625 0.6286503592814372 0.046875 0.18025000000000005
0 0.40625 0.5678621736526946 0.03187499999999999 0.08724799999999996
0 0.4558203125 0.5696442574850299 0.026874999999999982 0.12943500000000008
0 0.4748828125 0.5683832754491018 0.011250000000000038 0.13902199999999998
0 0.4865625 0.5365251556886227 0.016874999999999973 0.08053700000000003
0 0.5033203125 0.563236239520958 0.026874999999999982 0.12176399999999998
0 0.6417578125 0.593293371257485 0.04125000000000001 0.18600199999999995
0 0.6694140625 0.5856913293413174 0.018124999999999947 0.1668260000000001
0 0.6807421875 0.6031843532934131 0.021874999999999978 0.17928999999999998
0 0.7497265625 0.6198363892215568 0.06624999999999992 0.1965490000000001
