0 0.3401171875 0.66973925 0.05437500000000001 0.25833400000000006
0 0.400625 0.6719795 0.06374999999999997 0.2666660000000001
0 0.464375 0.6803642499999999 0.09562500000000007 0.415
0 0.4558203125 0.09625 0.02562500000000001 0.06416699999999999
0 0.4769921875 0.09203158333333333 0.021874999999999978 0.080833
0 0.5058984375 0.34703158333333334 0.029374999999999984 0.080833
0 0.53015625 0.6800003333333332 0.07187500000000002 0.29250000000000015
0 0.5196484375 0.37151074999999995 0.030000000000000027 0.05666600000000003
0 0.535 0.11317675 0.03249999999999997 0.055000000000000014
0 0.5709765625 0.5680211666666666 0.03375000000000006 0.07000000000000013
0 0.5910546875 0.6745312499999999 0.06999999999999995 0.29
0 0.980078125 0.8725 0.03687499999999999 0.25166700000000003
