0 0.2513020833333333 0.2409375 0.503333 0.42374999999999996
0 0.35817675 0.0601953125 0.05666700000000002 0.058124999999999996
0 0.6615621666666667 0.6775390625 0.6625000000000001 0.643125
0 0.4372395833333333 0.055390625 0.05000000000000012 0.051250000000000004
0 0.4694795 0.0595703125 0.015832999999999986 0.058124999999999996
0 0.4974479166666667 0.061171875 0.06166699999999999 0.06
0 0.5607809166666667 0.06589843749999999 0.06166699999999999 0.061250000000000006
0 0.6486975833333334 0.058046875 0.08250000000000002 0.090625
0 0.7314059166666667 0.057148437499999996 0.09333400000000003 0.0925
0 0.9113545 0.0690625 0.11166600000000004 0.07875
