0 0.038917125 0.5795595075239398 0.06714300000000001 0.12400000000000001
0 0.0660774375 0.5058796169630643 0.03 0.09600000000000006
0 0.099007125 0.5017756497948016 0.035713999999999996 0.09000000000000002
0 0.114107 0.5913515731874145 0.064286 0.10799999999999997
0 0.1595149375 0.5549028727770178 0.077142 0.284
0 0.26319225 0.8008864569083447 0.258571 0.38600000000000007
0 0.2580305625 0.5119753761969904 0.03428500000000001 0.15799999999999992
0 0.290435125 0.5127113543091655 0.03571399999999997 0.164
0 0.3045030625 0.4680957592339261 0.018572000000000033 0.062000000000000006
0 0.328393 0.5577428180574555 0.06428600000000001 0.29800000000000004
0 0.355479625 0.5183994528043776 0.019999999999999962 0.13799999999999998
0 0.3775054375 0.5159753761969904 0.030000000000000027 0.156
0 0.4599836875 0.5862790697674418 0.03714200000000001 0.23400000000000004
0 0.512768 0.5327113543091656 0.032857000000000025 0.16199999999999995
0 0.573292125 0.5474473324213407 0.03571499999999994 0.16799999999999998
0 0.6676508125 0.5514555403556771 0.04142800000000002 0.11599999999999999
0 0.7562945 0.5558714090287278 0.04857200000000006 0.15000000000000005
0 0.800435125 0.5578714090287278 0.035714000000000024 0.15000000000000005
0 0.8412663125 0.5625034199726402 0.027143000000000028 0.146
