0 0.12890625 0.4998781436950147 0.259711 0.41833299999999995
0 0.0659199375 0.350425219941349 0.108768 0.311667
0 0.1749973125 0.3132303607038123 0.120977 0.26999999999999996
0 0.358384375 0.5687930997067449 0.26304099999999997 0.5566659999999999
0 0.30995656250000003 0.3256992580645161 0.158712 0.26
0 0.4480708125 0.4354151114369501 0.13651499999999994 0.38666700000000004
0 0.6014078125 0.47774648973607037 0.19866800000000007 0.3999999999999999
0 0.7800909375 0.5689397272727272 0.29522799999999993 0.4566659999999999
0 0.8105540625 0.41949691202346046 0.1753610000000001 0.27666599999999997
0 0.9347305625 0.5796480938416422 0.12763599999999997 0.6400000000000001
