0 0.0558203125 0.6343812222222223 0.02562500000000001 0.13237
0 0.076328125 0.6208147777777778 0.036875000000000005 0.15016700000000002
0 0.1088671875 0.6112926666666666 0.023124999999999993 0.14683000000000007
0 0.127265625 0.603153 0.020625000000000004 0.1579529999999999
0 0.14859375 0.6041297777777778 0.024375000000000008 0.15016700000000002
0 0.173515625 0.6095565555555554 0.020625000000000004 0.144605
0 0.1934375 0.5945244444444444 0.04874999999999999 0.17352599999999996
0 0.2264453125 0.594690888888889 0.02687500000000001 0.1234699999999999
0 0.2496875 0.6926808888888888 0.04749999999999999 0.18465000000000012
0 0.2488671875 0.5540217777777777 0.02312499999999998 0.11902200000000009
0 0.2757421875 0.5726613333333334 0.021874999999999978 0.10678599999999999
0 0.29234375 0.6468782222222222 0.05624999999999997 0.2914350000000001
0 0.3271484375 0.5813116666666667 0.029374999999999984 0.1779750000000001
0 0.3534375 0.5895865555555555 0.04874999999999996 0.176863
0 0.379375 0.5680156666666667 0.03312499999999996 0.211346
0 0.4173828125 0.5790866666666666 0.04250000000000004 0.18020000000000003
0 0.44703125 0.5793571111111111 0.040000000000000036 0.19132400000000002
0 0.4894140625 0.5578694444444445 0.049375 0.2046719999999999
0 0.5321484375 0.5503528888888889 0.030625000000000013 0.216908
0 0.5622265625 0.5577862222222222 0.03437499999999993 0.22803100000000004
0 0.615703125 0.5479104444444444 0.03687499999999999 0.234705
0 0.6677734375 0.5315781111111111 0.030625000000000013 0.223582
0 0.687265625 0.5340735555555556 0.05125000000000002 0.23692999999999997
0 0.7591015625 0.5117433333333333 0.03374999999999995 0.26251399999999997
0 0.7981640625 0.5270458888888889 0.04999999999999993 0.24694100000000008
0 0.88265625 0.4847456666666667 0.039999999999999925 0.3036710000000001
0 0.91578125 0.494404 0.040000000000000036 0.3125690000000001
0 0.953671875 0.4990714444444444 0.05937500000000007 0.29699600000000004
