0 0.138359375 0.6983850995607613 0.2625 0.45966300000000004
0 0.311796875 0.8099816573938508 0.30874999999999997 0.313321
0 0.284609375 0.6792553879941434 0.07437500000000002 0.488743
0 0.35171875 0.3965660497803806 0.08749999999999997 0.22889299999999993
0 0.3826953125 0.6778613572474378 0.12062499999999998 0.463415
0 0.3915625 0.23457466325036602 0.11062500000000003 0.22138900000000003
0 0.4796875 0.3757801361639824 0.17250000000000004 0.39212
0 0.523203125 0.8680553382137628 0.1925 0.257974
0 0.50265625 0.6015864612005857 0.07187500000000002 0.351783
0 0.5753515625 0.6590993572474378 0.09750000000000003 0.46529099999999995
0 0.589453125 0.30463404978038067 0.03687499999999999 0.228893
0 0.6526171875 0.358122270863836 0.11625000000000008 0.30393999999999993
0 0.7324609375 0.8119719150805271 0.20125000000000004 0.31894900000000004
0 0.6930859375 0.6766689033674964 0.10875000000000001 0.49999999999999994
0 0.7565234375 0.5658511420204978 0.09250000000000003 0.30018799999999995
0 0.82125 0.6892066764275256 0.15625 0.5178230000000001
0 0.8891796875 0.648982934114202 0.09999999999999998 0.521576
