0 0.3375 0.47679164705882354 0.09375 0.5885119999999999
0 0.4278515625 0.44795017647058827 0.09749999999999998 0.6064029999999999
0 0.5230859375 0.47262382352941174 0.10812500000000003 0.544256
0 0.63078125 0.41129635294117645 0.008125000000000049 0.06403000000000005
0 0.7208203125 0.4116981764705882 0.02562500000000001 0.10828600000000004
0 0.7455859375 0.4154757647058824 0.015000000000000013 0.06026399999999997
0 0.8251171875 0.4242992941176471 0.023125000000000062 0.077213
0 0.8844140625 0.4245316470588235 0.01937500000000003 0.08851300000000004
0 0.9296875 0.42494505882352945 0.015625 0.08662899999999997
0 0.9765234375 0.4362963529411764 0.030625000000000013 0.11205300000000006
