0 0.0234375 0.44828158333333334 0.046875 0.395
0 0.2620703125 0.4788024166666667 0.08812500000000001 0.42
0 0.3646875 0.4536458333333333 0.10999999999999999 0.308333
0 0.462421875 0.4221871666666666 0.08999999999999997 0.19333400000000012
0 0.5432421875 0.4341149166666667 0.08500000000000008 0.185833
0 0.660078125 0.47802116666666666 0.06812499999999999 0.32000000000000006
0 0.6998828125 0.48682258333333334 0.04250000000000009 0.11249999999999989
0 0.72484375 0.46598925 0.024375000000000036 0.07250000000000001
0 0.76359375 0.4728645833333333 0.08687500000000004 0.33166700000000005
0 0.8244921875 0.46546841666666666 0.05437500000000006 0.170834
0 0.88296875 0.4880211666666667 0.08750000000000002 0.31916600000000006
0 0.935078125 0.4700003333333333 0.03562500000000002 0.16833300000000007
0 0.963046875 0.4707288333333333 0.02750000000000008 0.12166699999999997
