0 0.0156640625 0.8786103292496171 0.019375 0.034313000000000156
0 0.4894921875 0.9164578591117917 0.959375 0.16372600000000007
0 0.20304687500000002 0.9343561362940275 0.30874999999999997 0.127451
0 0.4958984375 0.8884631684532924 0.21874999999999994 0.11078500000000008
0 0.6150390625 0.9312933491577335 0.018125000000000058 0.12058800000000001
0 0.666875 0.9376049555895866 0.03312499999999996 0.11666600000000003
0 0.718359375 0.8756040842266462 0.013124999999999942 0.0558830000000001
0 0.7593359375 0.9063614456355283 0.015000000000000013 0.07646999999999991
0 0.7937109375 0.9007220199081164 0.014375000000000027 0.08823499999999992
0 0.933125 0.9347847427258806 0.03249999999999997 0.12549099999999994
