0 0.2215625 0.5144788333333333 0.047500000000000014 0.057499999999999885
0 0.2840234375 0.5410940833333334 0.030625000000000013 0.03416599999999992
0 0.3571484375 0.5445836666666666 0.02999999999999997 0.022500000000000114
0 0.4321484375 0.5410940833333334 0.030000000000000027 0.035833000000000004
0 0.468671875 0.5405208333333333 0.028749999999999998 0.027500000000000007
0 0.5671484375 0.7041666666666666 0.12375000000000003 0.33416700000000005
0 0.6075 0.56875 0.03125 0.06416700000000002
0 0.67125 0.6000524166666666 0.06437499999999996 0.10833300000000001
0 0.7027734375 0.608958 0.09250000000000003 0.15666699999999997
0 0.700625 0.5658333333333334 0.03125 0.04416699999999992
0 0.980078125 0.5855211666666666 0.03687499999999999 0.06916599999999999
