0 0.2184765625 0.6736685641421948 0.16 0.5232439999999999
0 0.4021875 0.683806944358578 0.17250000000000004 0.535114
0 0.424296875 0.8708011329211748 0.15249999999999997 0.16913999999999993
0 0.5469531249999999 0.6439884806800619 0.16062499999999996 0.3264099999999999
0 0.5565625 0.8486077279752704 0.10999999999999999 0.172107
0 0.6355078125 0.846136488408037 0.07374999999999998 0.19485600000000006
0 0.7000390625 0.706549340030912 0.14312499999999995 0.28981199999999985
0 0.6797265625 0.8445908933539412 0.06562500000000004 0.19287800000000005
0 0.85125 0.6758315888717156 0.2818750000000001 0.507418
0 0.7810546875 0.8560883230293663 0.13187500000000008 0.17606300000000008
