0 0.242578125 0.8533439516837482 0.06749999999999998 0.24953099999999998
0 0.149140625 0.8147764114202051 0.020625000000000004 0.12476599999999989
0 0.191796875 0.9610300922401172 0.028124999999999983 0.07317099999999993
0 0.226171875 0.9443025095168375 0.05937499999999998 0.10412799999999997
0 0.3141796875 0.7796555402635432 0.03749999999999998 0.126642
0 0.32421875 0.9521051229868228 0.05499999999999999 0.09380900000000002
0 0.3691015625 0.9602063499267937 0.065 0.07692299999999984
0 0.5239453125 0.8498281844802342 0.08875 0.14258900000000016
0 0.505 0.7231949019033674 0.03312499999999996 0.022514000000000034
0 0.5312890625 0.757649448023426 0.01937500000000003 0.056285
0 0.5611328125 0.824771859443631 0.041874999999999996 0.18105000000000007
0 0.7103125 0.9209388286969253 0.078125 0.15572199999999994
0 0.73296875 0.8992226325036603 0.05625000000000002 0.197936
0 0.87296875 0.7989703938506588 0.21250000000000002 0.39774899999999996
