0 0.9451953125 0.3151900688140556 0.08875 0.434334
0 0.4930078125 0.40657871888726205 0.98 0.359287
0 0.120078125 0.2503642459736457 0.068125 0.188556
0 0.3002734375 0.2167776017569546 0.06187499999999996 0.17448399999999997
0 0.441640625 0.18996725183016105 0.05249999999999999 0.09756100000000002
0 0.5344140625 0.2372754055636896 0.11187499999999995 0.214822
0 0.5665625 0.2684167613469985 0.04749999999999999 0.201688
0 0.6346875 0.2727208286969253 0.046875 0.155722
0 0.8401953125 0.24577028257686676 0.05812499999999998 0.12101300000000005
0 0.98375 0.28154976134699855 0.03125 0.19981199999999996
