0 0.1043310625 0.6079019033674964 0.112 0.499
0 0.2105185625 0.5927247437774524 0.09666599999999997 0.4739999999999999
0 0.2930908125 0.5821508052708639 0.10533400000000001 0.5199999999999999
0 0.3845654375 0.5950453879941435 0.09266600000000003 0.48900000000000005
0 0.4658046875 0.5959736456808199 0.10133300000000006 0.49400000000000005
0 0.55478125 0.6178682284040996 0.10266699999999995 0.4619999999999999
0 0.644254875 0.5887584187408492 0.08999999999999997 0.51
0 0.7058046875 0.6382225475841874 0.101333 0.5139999999999999
0 0.7963310625 0.6409355783308931 0.11266600000000004 0.5369999999999999
0 0.9013828125 0.610610541727672 0.136 0.6050000000000001
