0 0.0263671875 0.5171080850439883 0.054375 0.2692310000000001
0 0.07109375 0.5316448797653959 0.05625000000000001 0.24577800000000005
0 0.10671875 0.0822682375366569 0.024374999999999994 0.05722299999999999
0 0.134453125 0.5301786041055718 0.06812499999999999 0.2420260000000001
0 0.1858203125 0.07283216715542522 0.02562500000000001 0.07692299999999999
0 0.2061328125 0.3932091935483871 0.04249999999999998 0.19606000000000004
0 0.257578125 0.6217008797653959 0.06812499999999999 0.24390199999999998
0 0.313125 0.642985706744868 0.06437500000000002 0.2523450000000001
0 0.3270703125 0.02932551319648094 0.02562500000000001 0.059099
0 0.3844140625 0.06028251319648094 0.01937500000000003 0.059099
0 0.432890625 0.02346041055718475 0.020625000000000004 0.047842
0 0.45421875 0.6361275337243402 0.05625000000000002 0.263602
0 0.4712109375 0.5750880527859238 0.04500000000000004 0.236398
0 0.4953125 0.5495229501466276 0.04750000000000004 0.223265
0 0.4906640625 0.08443641055718476 0.019374999999999976 0.048780000000000004
0 0.5240625 0.08297013489736071 0.015625 0.045028000000000006
0 0.540859375 0.610152706744868 0.04312499999999997 0.254221
0 0.5575 0.44091682111436953 0.03249999999999997 0.09474699999999993
0 0.5544921875 0.06427161583577712 0.022500000000000075 0.072232
0 0.566875 0.6053431554252199 0.03312499999999996 0.24671700000000005
0 0.5753125 0.04931668621700879 0.015625 0.052532999999999996
0 0.5813671875 0.4837141671554252 0.022499999999999964 0.07692300000000005
0 0.5863671875 0.0794542375366569 0.021874999999999978 0.05628500000000001
0 0.6093359375 0.5502715073313783 0.04499999999999993 0.14446500000000007
0 0.6132421875 0.442611788856305 0.021874999999999978 0.06285199999999995
0 0.632890625 0.6177752580645162 0.05249999999999999 0.260788
0 0.6415234375 0.07283216715542522 0.02937500000000004 0.07692299999999999
0 0.6671484375 0.6178938093841642 0.06187500000000001 0.26547800000000016
0 0.665859375 0.0810931348973607 0.013124999999999942 0.04502899999999999
0 0.68453125 0.5841228093841643 0.039999999999999925 0.26453999999999994
0 0.7292578125 0.5777126099706745 0.04125000000000001 0.157598
0 0.7690625 0.5739606099706746 0.04749999999999999 0.157598
0 0.8114453125 0.5841610586510263 0.057499999999999996 0.15197000000000005
0 0.849609375 0.5768296803519061 0.04437500000000005 0.13696000000000008
0 0.870078125 0.5137489882697946 0.06687500000000002 0.17073200000000002
