0 0.1102734375 0.7146871666666668 0.218125 0.06916699999999991
0 0.1343359375 0.6939065833333333 0.046249999999999986 0.17583300000000004
0 0.293359375 0.69203125 0.012500000000000011 0.03916699999999995
0 0.3275 0.7171357500000001 0.03249999999999997 0.08749999999999991
0 0.3583203125 0.7154163333333333 0.026874999999999982 0.10500000000000005
0 0.4044140625 0.7102604166666667 0.019374999999999976 0.07749999999999997
0 0.4317578125 0.7388541666666666 0.010000000000000009 0.06833300000000013
0 0.496328125 0.7492708333333332 0.03562500000000002 0.08916700000000007
0 0.5689453125 0.7130211666666666 0.02562500000000001 0.06833300000000013
0 0.599140625 0.7280725833333334 0.020625000000000004 0.04999999999999997
0 0.601640625 0.7066663333333333 0.02124999999999999 0.041667000000000044
0 0.6576953125 0.76130175 0.05687500000000001 0.08833399999999998
0 0.6507421875 0.7272919999999999 0.021874999999999978 0.03250000000000005
0 0.7090234375 0.7414065833333333 0.02937500000000004 0.04999999999999997
0 0.706484375 0.7189065833333332 0.013124999999999942 0.05000000000000012
0 0.7319921875 0.7620315833333332 0.02187500000000009 0.0833330000000001
0 0.7519140625 0.7741666666666668 0.05062499999999992 0.0858329999999999
0 0.786796875 0.7367705 0.028125000000000067 0.04833399999999995
0 0.7997265625 0.77213575 0.03500000000000003 0.08750000000000006
0 0.83125 0.7535416666666667 0.03249999999999997 0.053333
0 0.8683203125 0.7691666666666667 0.02562500000000001 0.0858329999999999
0 0.9346875 0.7821875 0.04874999999999996 0.11000000000000003
0 0.96328125 0.7333854166666667 0.07125000000000004 0.358333
