0 0.3325390625 0.5331583382137628 0.08187500000000003 0.2598500000000001
0 0.4887109375 0.40728741727672035 0.014375000000000027 0.032832999999999994
0 0.5080859375 0.40833967496339674 0.014375000000000027 0.0384610000000001
0 0.5187890625 0.470595448023426 0.01937500000000003 0.05816100000000004
0 0.5475390625 0.47757331918008783 0.018750000000000044 0.055348
0 0.6003125 0.45938160761346997 0.01749999999999996 0.08442800000000003
0 0.6284375 0.4340795461200586 0.01750000000000007 0.03658599999999995
0 0.71890625 0.3882979019033675 0.009375000000000022 0.02251399999999995
0 0.755859375 0.4651949633967789 0.012499999999999956 0.06754200000000002
0 0.7730859375 0.4662472210834554 0.014375000000000027 0.07504599999999992
0 0.9340234375 0.4691053806734993 0.02937499999999993 0.100375
