0 0.4990234375 0.7550371776798824 0.999375 0.4877819999999999
0 0.0308984375 0.6710474419970631 0.060625 0.19078899999999996
0 0.08101562500000001 0.7502291571218795 0.145625 0.20206800000000003
0 0.1242578125 0.6758065800293686 0.10375 0.12312100000000005
0 0.15140625 0.46163615859030843 0.03937500000000002 0.22180400000000003
0 0.2728125 0.7408301571218796 0.17374999999999996 0.20206800000000003
0 0.241484375 0.6668201512481645 0.074375 0.11936099999999995
0 0.3673046875 0.689668725403818 0.09999999999999998 0.15601500000000001
0 0.4715625 0.81542959030837 0.234375 0.2659770000000001
0 0.415 0.6303420073421439 0.033125000000000016 0.10432400000000001
0 0.4896875 0.45852130543318653 0.04812500000000003 0.27819499999999997
0 0.5668359375 0.6278745800293686 0.07687499999999992 0.12312
0 0.6739453125 0.6279301600587373 0.244375 0.243421
0 0.6105859375 0.6699917239353891 0.10875000000000001 0.136278
0 0.686796875 0.724032154185022 0.15250000000000008 0.15977399999999997
0 0.7883203125 0.8706458751835536 0.275625 0.25469899999999984
0 0.7996484375 0.7729018751835536 0.218125 0.25375899999999985
0 0.81890625 0.6123681497797357 0.07062500000000005 0.09962399999999995
0 0.88703125 0.5997385785609398 0.07124999999999992 0.10244400000000001
0 0.88828125 0.456233013215859 0.04062500000000002 0.18515
0 0.94828125 0.7012392995594714 0.10187500000000005 0.1964289999999999
0 0.9581640625 0.6056122936857562 0.08125000000000004 0.111842
