0 0.0166015625 0.0631424375917768 0.035156 0.127753
0 0.11132806249999999 0.0631424375917768 0.11328100000000002 0.126285
0 0.1201168125 0.2745964449339207 0.072266 0.22907499999999997
0 0.2353515 0.05873715124816446 0.04882799999999998 0.120411
0 0.308593625 0.055800293685756244 0.11425800000000003 0.114537
0 0.466797 0.5051390440528635 0.22070299999999998 0.616741
0 0.5937498125 0.05433186490455213 0.13476599999999994 0.11013200000000001
0 0.7529295625 0.05286343612334802 0.06542999999999999 0.10719500000000001
0 0.888672 0.6211457679882526 0.21972599999999998 0.7533039999999999
0 0.878906 0.0513950073421439 0.09375 0.10425800000000002
