0 0.461328125 0.3119251231671554 0.06812500000000005 0.21616599999999997
0 0.0078125 0.22203299413489735 0.0175 0.08646600000000003
0 0.1533203125 0.5130059677419355 0.3075 0.9699249999999999
0 0.247890625 0.42670545747800587 0.17687499999999998 0.369361
0 0.44734375 0.7016764076246335 0.36874999999999997 0.592105
0 0.311328125 0.3807544428152493 0.0675 0.08082699999999998
0 0.35875 0.3244048152492669 0.06312499999999999 0.17951199999999998
0 0.523671875 0.30207491788856305 0.05874999999999997 0.19266899999999998
0 0.5342578125 0.23831116715542525 0.041874999999999996 0.07706799999999998
0 0.5662890625 0.33925230205278595 0.08187500000000003 0.12030099999999994
0 0.6254296875 0.2544786803519062 0.03749999999999998 0.13533799999999999
0 0.8175390625 0.5378912815249267 0.36250000000000004 0.920113
0 0.7175 0.28880147507331383 0.06437499999999996 0.11184199999999994
0 0.7719140625 0.365044917888563 0.11249999999999993 0.19078900000000001
