0 0.1626958125 0.545833 0.072656 0.1875
0 0.237890875 0.46406283333333337 0.05859399999999998 0.08958300000000004
0 0.2759765625 0.5343749999999999 0.128906 0.37604200000000015
0 0.31640625 0.5348958333333332 0.039063000000000014 0.18229200000000004
0 0.38281225 0.5231774166666666 0.07031299999999996 0.23229100000000003
0 0.4224614375 0.5302086666666667 0.06093700000000002 0.24166600000000002
0 0.5005864375 0.5265628333333333 0.15468700000000002 0.464583
0 0.457421375 0.5330729166666667 0.04453199999999996 0.18541700000000003
0 0.534765875 0.61901075 0.05937500000000007 0.08645799999999992
0 0.5562495 0.5278645833333333 0.04765700000000006 0.1770830000000001
0 0.6240239375 0.5348958333333332 0.07812400000000008 0.2156250000000001
0 0.625390875 0.5210940833333333 0.027344000000000035 0.16041600000000011
0 0.65781225 0.51848925 0.03906299999999996 0.19687500000000005
0 0.70078075 0.5184895833333334 0.08593800000000007 0.301042
0 0.7388674375 0.51744825 0.06093700000000002 0.26041600000000004
0 0.7646484375 0.5210940833333333 0.06093800000000005 0.1614580000000001
0 0.8736328125 0.5145833333333333 0.19765599999999994 0.575
0 0.818359375 0.516667 0.042969000000000035 0.15625
0 0.9023435 0.51848925 0.07968799999999998 0.3218750000000001
0 0.95468725 0.5067711666666667 0.07031299999999996 0.22604100000000002
0 0.982031 0.5947913333333333 0.03281299999999998 0.10625000000000011
