0 0.12265625 0.3794795 0.009374999999999994 0.015832999999999986
0 0.1353515625 0.4230205 0.035 0.10999999999999995
0 0.1812109375 0.37838575 0.014374999999999999 0.024165999999999983
0 0.248828125 0.37354133333333334 0.0050000000000000044 0.012499999999999956
0 0.282109375 0.3787496666666667 0.011875000000000024 0.020833999999999946
0 0.320859375 0.37671875 0.013124999999999998 0.024166999999999977
0 0.3829296875 0.37838575 0.007500000000000007 0.025832999999999995
0 0.6466015625 0.5565621666666667 0.25312500000000004 0.41333400000000003
0 0.59703125 0.36708366666666664 0.008750000000000036 0.022499999999999964
0 0.9567578125 0.3582815833333333 0.010624999999999996 0.019166000000000016
