0 0.0341796875 0.11028518339529121 0.070312 0.13135
0 0.130859375 0.7806693469640645 0.261719 0.3531599999999999
0 0.16992212499999998 0.31970244237918216 0.130859 0.14869900000000005
0 0.2568355625 0.8240393866171003 0.06542999999999999 0.16604700000000008
0 0.2714844375 0.7335816914498141 0.06054700000000002 0.2168520000000001
0 0.3291010625 0.7261464225526643 0.08007900000000001 0.2428749999999999
0 0.36328175 0.3543989244114002 0.11913999999999997 0.11152400000000003
0 0.335937 0.6827758785625775 0.032227000000000006 0.07930600000000004
0 0.3583986875 0.7496899244114003 0.03906200000000004 0.11028499999999987
0 0.407227 0.7534073767038413 0.06347599999999998 0.21313500000000019
0 0.4501951875 0.7447340061957869 0.05371100000000001 0.22180899999999987
0 0.7236324375000001 0.7843864944237918 0.5292969999999999 0.401487
0 0.53613325 0.8525404522924411 0.04003900000000005 0.10285000000000001
0 0.5781245625 0.8636924981412638 0.06542999999999999 0.13506799999999997
0 0.60742225 0.3605950817843866 0.10351499999999991 0.112763
0 0.60449175 0.8351915799256505 0.05566400000000005 0.24659299999999998
0 0.796875 0.3345724064436183 0.09570299999999998 0.071871
0 0.9228513125 0.2168523209417596 0.15136700000000003 0.226766
