0 0.4294140625 0.41613357101024895 0.04937499999999995 0.15103200000000003
0 0.066328125 0.5454321537335286 0.036875000000000005 0.11913699999999998
0 0.0794921875 0.5466418286969252 0.023124999999999993 0.15759900000000004
0 0.098203125 0.5489296998535872 0.035625000000000004 0.15384699999999998
0 0.1235546875 0.55291021522694 0.038125000000000006 0.16416499999999995
0 0.1312109375 0.3881577057101025 0.013749999999999998 0.06378999999999999
0 0.1477734375 0.5550406691068814 0.030625000000000013 0.13039399999999998
0 0.1570703125 0.4064367364568082 0.02687500000000001 0.08630399999999998
0 0.1758984375 0.55544482284041 0.060624999999999984 0.24671600000000007
0 0.19359375 0.5031999326500732 0.02437499999999998 0.04409000000000001
0 0.2137890625 0.5725842767203514 0.05000000000000002 0.21200700000000003
0 0.26953125 0.5753281786237189 0.07187500000000002 0.2326460000000001
0 0.275078125 0.6020329882869692 0.06687500000000002 0.1829270000000001
0 0.2602734375 0.39698663836017567 0.031249999999999972 0.10788000000000005
0 0.2920703125 0.39007786530014643 0.026875000000000038 0.08817999999999998
0 0.3228125 0.6018927920937043 0.048750000000000016 0.22326499999999994
0 0.32015625 0.3921382210834553 0.008750000000000036 0.07504700000000004
0 0.3369140625 0.3691681903367496 0.01874999999999999 0.05159400000000007
0 0.3565234375 0.40179089604685214 0.030625000000000013 0.11350799999999994
0 0.369765625 0.6150699516837482 0.05125000000000002 0.25140699999999994
0 0.3701953125 0.392594251830161 0.02562500000000001 0.09849899999999998
0 0.3840625 0.3810645768667643 0.015625 0.060038
0 0.3952734375 0.3623035768667643 0.030625000000000013 0.05909900000000001
0 0.4050390625 0.6380659209370425 0.04999999999999999 0.22701699999999994
0 0.4342578125 0.64268682284041 0.04249999999999998 0.24765500000000001
0 0.468984375 0.6510155651537336 0.07562499999999994 0.2401499999999999
0 0.4529296875 0.3987224421669108 0.038124999999999964 0.147279
0 0.49609375 0.3794170922401171 0.024375000000000036 0.07129400000000001
0 0.5645312499999999 0.6086708726207906 0.13437499999999997 0.47467200000000004
0 0.5424609375 0.37236812298682287 0.04499999999999993 0.09380899999999998
0 0.707421875 0.40094021522694 0.30874999999999997 0.164165
0 0.6275 0.6334373016105417 0.1256250000000001 0.32739199999999996
0 0.9273828125 0.38702763250366035 0.04249999999999998 0.19793600000000006
0 0.964140625 0.39618011713030743 0.05249999999999999 0.18667900000000004
