0 0.06640625 0.43244791666666665 0.103125 0.31166699999999997
0 0.274375 0.544792 0.03187500000000004 0.15666599999999997
0 0.31046875 0.5410413333333334 0.02437499999999998 0.135834
0 0.3624609375 0.5746871666666666 0.04624999999999996 0.19333399999999998
0 0.406328125 0.5652600833333333 0.036250000000000004 0.15999999999999992
0 0.4391015625 0.5602086666666667 0.03500000000000003 0.17916600000000002
0 0.473671875 0.5742184166666666 0.05937500000000001 0.2341670000000001
0 0.4920703125 0.5282288333333334 0.026874999999999982 0.12083399999999996
0 0.52625 0.5414586666666666 0.03312499999999996 0.11499999999999999
0 0.5734765625 0.5707809166666666 0.06625000000000003 0.18666700000000006
0 0.6314453125 0.5766149166666666 0.05687500000000001 0.18583300000000005
0 0.7044140625 0.6599475833333334 0.11187499999999995 0.3941670000000001
0 0.8689453125 0.56911425 0.026249999999999996 0.10166699999999995
0 0.90203125 0.66359375 0.07125000000000004 0.24250000000000002
0 0.9376953125 0.6580208333333334 0.05812499999999998 0.2775
0 0.97171875 0.6899996666666667 0.05500000000000005 0.33416700000000005
