0 0.48411408333333333 0.7531255 0.06562499999999998 0.17343699999999984
0 0.13333333333333333 0.76328075 0.042186999999999975 0.11875100000000005
0 0.1281245 0.4520838333333333 0.017188 0.05937400000000004
0 0.15286408333333334 0.4611979166666667 0.03437499999999997 0.06093799999999994
0 0.3231775833333333 0.88984425 0.05156199999999996 0.1343739999999999
0 0.3356770833333333 0.7682291666666666 0.03593800000000006 0.09999999999999994
0 0.38359375 0.43880158333333336 0.02499999999999991 0.05000100000000004
0 0.389062 0.7520833333333332 0.03125 0.10625000000000018
0 0.48411408333333333 0.6947911666666666 0.035938000000000025 0.03750100000000008
0 0.4833338333333333 0.6627599166666668 0.026562000000000047 0.06093799999999986
0 0.49921875 0.7507812499999998 0.02343800000000007 0.10312500000000006
0 0.5450520833333333 0.4924479166666667 0.034375000000000044 0.02968700000000002
0 0.6122395833333334 0.3885421666666667 0.020312999999999953 0.03749999999999994
0 0.6505208333333333 0.3770833333333334 0.026562000000000124 0.04375000000000003
0 0.8848958333333332 0.5343755 0.02656300000000004 0.078125
0 0.9052078333333333 0.520312 0.026562999999999892 0.06406299999999998
