0 0.02734375 0.6180873409490334 0.05625 0.6479190000000001
0 0.052109375 0.6326371335676626 0.043125 0.730034
0 0.10125 0.6298956028119509 0.06312499999999999 0.7345329999999999
0 0.143203125 0.6197008875219684 0.09874999999999999 0.75703
0 0.2318359375 0.5883433339191564 0.17187499999999997 0.8200219999999999
0 0.2946875 0.5758986186291739 0.20500000000000002 0.844769
0 0.3972265625 0.5521341880492091 0.22125000000000006 0.893138
0 0.515234375 0.5348378804920914 0.29437499999999994 0.928009
0 0.6998828125 0.5028478576449912 0.385625 0.9898759999999999
0 0.8959765625 0.6462068488576449 0.12812499999999993 0.7041620000000001
0 0.953046875 0.5959364569420036 0.09125000000000005 0.805399
