0 0.3294919375 0.5758821764705883 0.046094000000000024 0.20588300000000004
0 0.2443356875 0.5382355294117647 0.06953100000000001 0.22000000000000003
0 0.2861328125 0.5323524705882353 0.041406 0.18470600000000006
0 0.505859375 0.5494116470588235 0.043749999999999956 0.189412
0 0.5419916875 0.5567646470588236 0.06953199999999993 0.24
0 0.598437 0.5667651176470588 0.06406299999999998 0.22352900000000003
0 0.6279301875 0.4997058235294118 0.02343700000000004 0.04470599999999992
0 0.6517580625 0.5250001176470589 0.019530999999999965 0.12235299999999992
0 0.68593725 0.514411705882353 0.007812999999999959 0.0741179999999999
0 0.6994140625 0.5132357058823529 0.0179689999999999 0.07529399999999994
0 0.71406275 0.5058821176470588 0.024218000000000073 0.07294100000000006
0 0.765234125 0.5138238235294117 0.0046880000000000255 0.044706000000000086
0 0.8669916875 0.5423528823529412 0.03828200000000004 0.13058799999999995
0 0.9072265625 0.5329408823529412 0.03359400000000001 0.13176499999999997
