0 0.0234375 0.47046875 0.0475 0.08749999999999998
0 0.1513671875 0.6821871666666667 0.303125 0.19499999999999998
0 0.050312499999999996 0.4978128333333333 0.048125 0.058333000000000045
0 0.07375000000000001 0.4674996666666667 0.033124999999999995 0.08416699999999995
0 0.0822265625 0.494583 0.03375 0.06416700000000002
0 0.1041015625 0.455417 0.035 0.06333299999999993
0 0.1161328125 0.5306770833333333 0.041249999999999995 0.098333
0 0.152890625 0.476042 0.051875000000000004 0.09500000000000004
0 0.275390625 0.5465625 0.24 0.20333300000000007
0 0.3752734375 0.6563545 0.09250000000000003 0.11000000000000003
0 0.529921875 0.5136455 0.24624999999999997 0.26583400000000007
0 0.5043359375 0.6492708333333334 0.07624999999999998 0.08916699999999993
0 0.5603125 0.627708 0.046875 0.09500000000000004
0 0.6531640625 0.6308854166666666 0.08187499999999992 0.10833300000000001
0 0.6942578125 0.42255208333333333 0.041874999999999996 0.06666700000000003
0 0.744765625 0.65526075 0.08250000000000002 0.11833300000000009
0 0.7755859375 0.5307288333333333 0.1087499999999999 0.1200000000000001
0 0.7709375 0.63828125 0.07937499999999997 0.10166699999999995
0 0.7795703125 0.47119758333333334 0.05687500000000001 0.08083399999999992
0 0.8833203125 0.47661491666666667 0.15125 0.061666000000000075
0 0.86765625 0.42546875 0.04062500000000002 0.088333
0 0.895 0.439583 0.03125 0.0625
0 0.9864453125 0.4400003333333333 0.02562500000000001 0.044166000000000004
