0 0.8278735625 0.7091958429752067 0.06529600000000002 0.16155399999999998
0 0.06896506250000001 0.8402749752066117 0.112455 0.2801629999999999
0 0.13337712499999999 0.8410581900826446 0.12938300000000003 0.274029
0 0.127614125 0.699893776859504 0.036276 0.10020400000000011
0 0.1926776875 0.7073740247933885 0.038694000000000006 0.12269899999999997
0 0.2338365 0.7122482396694215 0.04715799999999998 0.11656399999999995
0 0.25992781249999997 0.7106798099173555 0.042321000000000025 0.13087899999999994
0 0.28676225 0.6998093140495868 0.03990300000000002 0.08588900000000002
0 0.6012659375 0.7522555123966943 0.577993 0.261759
0 0.943628125 0.7021077024793388 0.09794499999999995 0.13496899999999992
