0 0.238671875 0.9775003333333334 0.028124999999999983 0.04249999999999998
0 0.3121484375 0.9739065833333332 0.030625000000000013 0.05000000000000012
0 0.352734375 0.855417 0.013124999999999998 0.0650000000000001
0 0.3581640625 0.840208 0.018125000000000002 0.09583400000000013
0 0.365859375 0.7747395833333334 0.012500000000000011 0.05000000000000012
0 0.3763671875 0.8510934166666666 0.021875000000000033 0.07583400000000011
0 0.4156640625 0.8211975833333334 0.01937500000000003 0.08250000000000002
0 0.4407421875 0.8211975833333334 0.02250000000000002 0.080834
0 0.6103125 0.8351562500000002 0.11124999999999996 0.32166699999999987
0 0.6465234375 0.9420833333333333 0.030625000000000013 0.106667
0 0.6714453125 0.9514059166666667 0.026250000000000107 0.09333400000000003
0 0.6703125 0.79151075 0.016874999999999973 0.05666600000000003
0 0.6756640625 0.8158850833333333 0.018125000000000058 0.06583400000000002
0 0.680546875 0.8728121666666667 0.028124999999999956 0.099167
0 0.705625 0.9528645833333332 0.0318750000000001 0.08250000000000002
0 0.71171875 0.8547399166666666 0.025000000000000022 0.09333300000000004
