0 0.14401425 0.8567619166666667 0.197019 0.280353
0 0.1368286875 0.9555736666666667 0.069536 0.08388499999999999
0 0.29938475 0.8675153333333334 0.149006 0.2604849999999999
0 0.5444236874999999 0.8729478333333334 0.22516600000000003 0.24724
0 0.5197125 0.72239775 0.17218500000000003 0.399558
0 0.445195625 0.10297716666666668 0.019867999999999997 0.19426
0 0.4694809375 0.10807291666666667 0.04635700000000004 0.216336
0 0.5180891875 0.11248791666666667 0.05463600000000002 0.216336
0 0.526580125 0.96230825 0.06788100000000002 0.07064000000000004
0 0.7616415 0.9524607499999999 0.110927 0.08830000000000011
0 0.8459943125 0.8634965 0.119205 0.26710800000000007
0 0.982512 0.016927083333333332 0.03145699999999996 0.03532
