0 0.7661028125 0.7967945966386555 0.04184999999999994 0.16098500000000007
0 0.07763043750000001 0.5738131008403361 0.060572999999999995 0.06060600000000007
0 0.114907125 0.8133879915966387 0.098018 0.19507599999999992
0 0.092966875 0.6699265462184874 0.028634999999999994 0.12878699999999998
0 0.12966325 0.758326512605042 0.039648 0.10984899999999993
0 0.1952225625 0.8010092521008403 0.066079 0.15151500000000004
0 0.1826516875 0.41509785714285713 0.037445000000000006 0.11742399999999999
0 0.342468125 0.6775015462184873 0.035241999999999996 0.12878800000000004
0 0.360089125 0.5681051512605043 0.03634399999999999 0.09090899999999986
0 0.4129740625 0.6076907731092437 0.017620999999999998 0.066287
0 0.4554263125 0.512140462184874 0.02643200000000001 0.07954500000000009
0 0.4922690625 0.45702808403361345 0.017620999999999998 0.053029999999999966
0 0.536197625 0.5499935126050419 0.02092499999999997 0.1079550000000001
0 0.5608009375 0.49570949579831924 0.015417999999999932 0.09848500000000007
0 0.576198 0.6179362352941177 0.03303900000000004 0.14394000000000007
0 0.57779775 0.47991751260504206 0.025330999999999992 0.10984900000000003
0 0.693290375 0.6808888403361345 0.04405300000000001 0.10605999999999993
0 0.8200668125 0.5264641008403361 0.04295199999999999 0.0625
0 0.878208875 0.5125671176470589 0.02753300000000003 0.07386299999999991
0 0.945097125 0.8113066134453781 0.06718100000000005 0.17045400000000005
