0 0.4990234375 0.5939759765395894 0.99922 0.3430909999999999
0 0.12247125 0.7977505835777126 0.008580000000000004 0.038640999999999995
0 0.1491888125 0.7977505835777126 0.01014000000000001 0.04098300000000006
0 0.1807766875 0.7866210322580646 0.007800000000000001 0.035129000000000035
0 0.3531636875 0.7646572052785924 0.007020000000000026 0.02576199999999991
0 0.38300125 0.7974543079178885 0.008579999999999977 0.0362999999999999
0 0.4280466875 0.7538239296187682 0.006239999999999968 0.02341899999999995
0 0.440331125 0.7509014809384165 0.0046800000000000175 0.026931999999999966
0 0.4510608125 0.7503109296187683 0.010139999999999982 0.02341899999999995
0 0.4533945625 0.7435802052785924 0.0039000000000000146 0.025761000000000017
0 0.5169706875 0.7567564809384163 0.006240000000000023 0.02927400000000012
0 0.556580125 0.7511967565982405 0.03588100000000005 0.030444999999999903
0 0.6094068125 0.7467979296187683 0.010141000000000067 0.021076999999999964
0 0.722708375 0.7529583079178885 0.01326000000000005 0.03747100000000011
0 0.8012948125 0.8486820322580645 0.010140000000000038 0.03512899999999987
0 0.8172879375 0.7883724809384164 0.015601000000000087 0.026932000000000133
0 0.8250826875 0.7541192052785922 0.007800000000000029 0.024589999999999983
0 0.8293758125 0.7965684809384164 0.01091999999999993 0.026932000000000133
0 0.8383426875 0.7974543079178885 0.007801000000000058 0.0362999999999999
0 0.906838125 0.814459064516129 0.067083 0.06674499999999997
