0 0.08344198174706649 0.5400391250000001 0.16688400000000003 0.348633
0 0.0938722294654498 0.39355425 0.19035199999999997 0.44531299999999996
0 0.17209917209908737 0.4130855625 0.142112 0.47168000000000004
0 0.4680569074315515 0.4599611875 0.56193 0.866211
0 0.6232071720990874 0.4853520625 0.14080899999999996 0.300781
0 0.7053453911342894 0.448241875 0.13950500000000007 0.37109400000000003
0 0.7418512672750978 0.3974613125 0.12777100000000002 0.338867
0 0.8357236101694915 0.42382793750000003 0.136897 0.420899
0 0.8657104289439375 0.3388675625 0.07822699999999994 0.16015600000000002
0 0.9713164002607562 0.4521483125 0.05475899999999994 0.30664100000000005
