0 0.8521875 0.5509089030837004 0.10999999999999999 0.6456770000000001
0 0.0263671875 0.47814158737151247 0.054375 0.225564
0 0.044921875 0.2901748663729809 0.09 0.131579
0 0.0384765625 0.4604625829662261 0.035 0.16259400000000002
0 0.0533984375 0.41834871806167406 0.030625000000000006 0.05357199999999999
0 0.067734375 0.383516859030837 0.012499999999999997 0.029135
0 0.0723046875 0.18967314390602058 0.007499999999999993 0.015036999999999972
0 0.08203125 0.18779314390602056 0.008124999999999993 0.016916999999999977
0 0.22160156250000002 0.310556013215859 0.284375 0.18515100000000004
0 0.0904296875 0.18885000146842879 0.0062500000000000056 0.020677000000000015
0 0.095703125 0.1873815726872247 0.0050000000000000044 0.018796999999999963
0 0.46175781250000003 0.5469741864904551 0.6675 0.6127820000000002
0 0.21515625 0.17915828781204113 0.008124999999999993 0.03195499999999999
0 0.2455859375 0.45688271806167396 0.013750000000000012 0.05357200000000007
0 0.41765625 0.302689859030837 0.00874999999999998 0.027254999999999953
0 0.42390625 0.2861834302496329 0.008750000000000036 0.02537600000000001
0 0.571015625 0.2737262966226138 0.1775 0.15413600000000002
0 0.7103125 0.26932101027900146 0.07937499999999997 0.14661700000000003
0 0.6822265625 0.17851200146842877 0.003750000000000031 0.020676999999999994
0 0.6891796875 0.17892357268722464 0.0068749999999999645 0.018797000000000008
0 0.695078125 0.17663200146842878 0.0050000000000000044 0.020676999999999994
0 0.7241796875 0.1738130014684288 0.007500000000000062 0.021615999999999996
0 0.730703125 0.1723445726872247 0.0050000000000000044 0.01973699999999997
0 0.7366796875 0.1808025726872247 0.0068749999999999645 0.018796999999999963
0 0.7423046875 0.18121414390602056 0.007499999999999951 0.016916999999999977
0 0.8775390625 0.2807145888399412 0.23749999999999993 0.24436100000000005
0 0.88390625 0.14602857268722466 0.008750000000000036 0.018796999999999984
0 0.954375 0.156072859030837 0.03249999999999997 0.029135
0 0.9822265625 0.2694967268722467 0.03375000000000006 0.17763199999999996
0 0.98515625 0.1564844302496329 0.008750000000000036 0.023495999999999982
