0 0.3720703125 0.2822260625 0.026563000000000003 0.05000100000000002
0 0.4271479375 0.7712890625 0.07656299999999999 0.050000000000000044
0 0.4185551875 0.2888671875 0.021875000000000033 0.05312499999999998
0 0.44375 0.7060551875 0.06406200000000001 0.05312500000000009
0 0.478125 0.2333984375 0.12656299999999998 0.09218700000000002
0 0.4318364375 0.1078125 0.02968700000000002 0.04843700000000001
0 0.4458984375 0.33984425 0.029687999999999992 0.07187499999999997
0 0.459375 0.520703625 0.03125 0.082812
0 0.49140625 0.59140575 0.04062499999999997 0.08593800000000007
0 0.5248051875 0.353125 0.02343699999999993 0.0625
0 0.6484375 0.7453125 0.046875 0.04843699999999995
0 0.7029296875 0.7212890625 0.07031200000000004 0.04999999999999993
