0 0.186875 0.3694088663729809 0.06312499999999999 0.131702
0 0.23453125 0.3537145800293686 0.03937500000000002 0.12135499999999995
0 0.330078125 0.4042101864904552 0.19187500000000002 0.611477
0 0.4246484375 0.42293772834067545 0.06125000000000003 0.19849499999999995
0 0.479765625 0.41763730102790014 0.05125000000000002 0.214487
0 0.515859375 0.5117117209985316 0.07562499999999994 0.09689599999999991
0 0.5253515625 0.416627302496329 0.065 0.23706499999999994
0 0.593671875 0.466877154185022 0.05937500000000007 0.16086600000000012
0 0.6079296875 0.5352765800293685 0.06874999999999998 0.12135399999999998
0 0.650703125 0.43317087077826727 0.09875 0.19285100000000002
0 0.8055859375 0.6593590220264317 0.326875 0.30856100000000003
0 0.8033203125 0.41516029368575624 0.08812500000000001 0.11194800000000002
0 0.84546875 0.3966898663729809 0.05500000000000005 0.13076200000000002
0 0.8913671875 0.46375644052863435 0.08562500000000006 0.16839200000000012
0 0.9012109375 0.42709158002936864 0.07687499999999992 0.12323599999999997
0 0.95703125 0.4253702966226138 0.07062500000000005 0.154281
0 0.975859375 0.5135001629955948 0.04312500000000008 0.28316
