0 0.16484375 0.426953125 0.023437999999999987 0.22343700000000005
0 0.1939453125 0.416796875 0.057813 0.215625
0 0.25859425 0.398047375 0.07187400000000002 0.29375000000000007
0 0.2908203125 0.351171875 0.026563000000000003 0.15312499999999996
0 0.31171875 0.3607421875 0.023438000000000014 0.14687500000000003
0 0.342578125 0.398828125 0.06718799999999997 0.22343800000000003
0 0.4583979375 0.7375005 0.23281299999999994 0.48593699999999995
0 0.387109375 0.38984375 0.04375000000000001 0.18125000000000002
0 0.6095703125 0.4406245 0.120313 0.39062600000000003
0 0.6451166875 0.28808643749999996 0.131251 0.217187
0 0.7037109375 0.4048833125 0.10781200000000002 0.24531199999999997
0 0.732421375 0.4326176875 0.13749999999999996 0.257812
0 0.794922375 0.53671875 0.16874900000000004 0.30625
0 0.807421875 0.41953125 0.09062500000000007 0.259375
