0 0.0205078125 0.47688140556368963 0.042222 0.2149999999999999
0 0.045928375 0.4714296325036603 0.044445000000000005 0.1966669999999999
0 0.0816188125 0.4799194729136164 0.041110999999999995 0.16999999999999993
0 0.117074875 0.4498096632503661 0.06 0.22166699999999995
0 0.173134125 0.4452144055636896 0.036666000000000004 0.21499999999999997
0 0.2302734375 0.46521440556368965 0.06111099999999997 0.21666699999999994
0 0.277578125 0.45688140556368956 0.036667000000000005 0.215
0 0.3244140625 0.4597166017569546 0.04999999999999999 0.17499999999999996
0 0.4219231875 0.4732995036603221 0.05444399999999999 0.19333299999999995
0 0.4924609375 0.5101390922401171 0.04555600000000004 0.07166699999999998
0 0.575425125 0.460822019033675 0.067778 0.205
0 0.782092125 0.43956076134699856 0.06666699999999992 0.201667
0 0.900946625 0.4755731171303075 0.05111100000000002 0.18499999999999994
0 0.957074875 0.44960679209370424 0.05888899999999997 0.223334
