0 0.1790625 0.6701559166666667 0.07874999999999999 0.15583400000000003
0 0.0807421875 0.6935934166666667 0.11624999999999999 0.07583399999999996
0 0.1080078125 0.6557295 0.07375000000000001 0.07916600000000014
0 0.1643359375 0.5975003333333334 0.014374999999999999 0.04333299999999992
0 0.1976171875 0.6278645833333334 0.021874999999999978 0.08083299999999986
0 0.4049609375 0.58348925 0.013749999999999984 0.07250000000000001
0 0.5309375 0.5735940833333334 0.016875000000000084 0.034999999999999996
0 0.578984375 0.6453128333333332 0.04437500000000005 0.05833300000000019
0 0.59984375 0.64036425 0.024375000000000036 0.04083400000000004
0 0.6941796875 0.59588575 0.007499999999999951 0.024165999999999983
0 0.704609375 0.5968229166666666 0.013125000000000053 0.029166999999999943
0 0.9181640625 0.6040621666666667 0.01937499999999992 0.036667000000000005
0 0.980078125 0.60505175 0.0050000000000000044 0.024166999999999977
