0 0.0948828125 0.5098819765739385 0.073125 0.3639780000000001
0 0.1083203125 0.46602820937042455 0.025624999999999995 0.2570360000000001
0 0.150546875 0.5180792401171302 0.05875 0.278611
0 0.178828125 0.5090659516837481 0.03562499999999999 0.25140799999999996
0 0.233671875 0.49645908052708637 0.05937499999999998 0.25422100000000003
0 0.2941796875 0.4986336939970717 0.06874999999999998 0.2457780000000001
0 0.3504296875 0.5534640688140555 0.07 0.43621
0 0.39359375 0.5172285592972182 0.05624999999999997 0.33302100000000007
0 0.4205859375 0.5140727862371889 0.04625000000000001 0.315197
0 0.6950000000000001 0.6583716515373353 0.439375 0.40150099999999994
0 0.65421875 0.7185593513909224 0.14875000000000005 0.5562850000000001
0 0.98375 0.6704428901903368 0.03125 0.2035649999999999
