0 0.038671875 0.7818519629629629 0.060000000000000005 0.42963
0 0.115390625 0.7094445555555556 0.05124999999999999 0.36148099999999994
0 0.149375 0.7037964814814814 0.03312499999999999 0.3407409999999999
0 0.1826953125 0.7469441851851852 0.057499999999999996 0.49926
0 0.240078125 0.7121296296296296 0.06749999999999998 0.38814799999999994
0 0.735390625 0.685277925925926 0.05125000000000002 0.22814800000000005
0 0.8065234375 0.6102777407407408 0.030000000000000027 0.10814799999999998
0 0.8151171875 0.6183329259259259 0.022500000000000075 0.10222299999999994
0 0.835078125 0.6995370740740741 0.036250000000000004 0.27555599999999997
0 0.860859375 0.6982407037037037 0.04375000000000007 0.28444499999999995
0 0.90015625 0.7031482592592592 0.03937500000000005 0.27259300000000003
0 0.9348046875 0.7243518518518519 0.03874999999999995 0.33333300000000005
0 0.975234375 0.6177780740740741 0.04312499999999997 0.14962900000000004
