0 0.5494140625 0.8008817368421053 0.08187500000000003 0.317851
0 0.3165625 0.7826667368421052 0.04749999999999999 0.316029
0 0.368125 0.7975253115220484 0.06437500000000002 0.30783200000000005
0 0.3796875 0.7622312119487908 0.07937499999999997 0.31876200000000005
0 0.6093359375 0.7598370625889048 0.04499999999999993 0.336066
0 0.6513671875 0.7534714608819345 0.05437499999999995 0.291439
0 0.714765625 0.7505742347083926 0.05125000000000002 0.26138499999999987
0 0.73921875 0.7492134338549076 0.024374999999999925 0.236794
0 0.7805078125 0.7449460085348506 0.041874999999999996 0.22950799999999996
0 0.893046875 0.664254054054054 0.05999999999999994 0.11020099999999997
0 0.9364453125 0.6589114025604552 0.026875000000000093 0.06921699999999995
