0 0.161697625 0.22111729185867898 0.05204499999999998 0.196881
0 0.24425475 0.7213555975422428 0.211896 0.5516570000000001
0 0.258352625 0.2244858817204301 0.05204399999999998 0.216374
0 0.2904555625 0.25141711213517665 0.033457000000000015 0.16179300000000002
0 0.3154268125 0.23464578341013823 0.042132 0.214425
0 0.353767625 0.5952605391705069 0.052044000000000035 0.11111099999999999
0 0.4439803125 0.7177355023041475 0.18339500000000003 0.36062399999999983
0 0.6672821875 0.5284808617511519 0.11524199999999996 0.4346979999999999
0 0.70783 0.21337442396313364 0.06443600000000005 0.138401
0 0.8553631875 0.2422005222734255 0.053284 0.14424899999999996
0 0.878079 0.2276663425499232 0.03221799999999997 0.10721199999999997
0 0.9137515625 0.24202063748079874 0.03469599999999995 0.11501
