0 0.0791015625 0.47876328445747807 0.1601 0.37558700000000006
0 0.0237119375 0.2886980263929619 0.046279 0.11924900000000001
0 0.1566455 0.2815977507331378 0.04878100000000002 0.11455400000000002
0 0.2296763125 0.4422083548387097 0.11944999999999997 0.35774599999999995
0 0.196911875 0.2750898211143695 0.028142 0.09577499999999999
0 0.2260645 0.2599881612903226 0.04877999999999999 0.161502
0 0.292268375 0.30838884750733137 0.07567299999999999 0.21126699999999998
0 0.3658580625 0.43359032258064517 0.11256999999999995 0.3248830000000001
0 0.34473425 0.26858189149560113 0.04002499999999998 0.075117
0 0.382806125 0.2570177184750733 0.036897999999999986 0.08263000000000002
0 0.4155915625 0.2750393401759531 0.06629099999999999 0.069483
0 0.4646119375 0.27521896187683287 0.04627899999999996 0.05445999999999999
0 0.5259009375 0.2625361671554252 0.04627899999999996 0.07887299999999998
0 0.56454475 0.38313201466275665 0.08692899999999992 0.29013999999999995
0 0.5650695625 0.15766834017595308 0.03439600000000009 0.06760499999999998
0 0.5792893125 0.23822512903225807 0.05753599999999992 0.129577
0 0.895260625 0.6185216774193548 0.20762999999999998 0.6779350000000001
0 0.822292875 0.3319919882697947 0.058786000000000005 0.17277000000000003
0 0.988502625 0.3225515073313783 0.020638000000000045 0.14647900000000003
