0 0.1086328125 0.24739616666666667 0.0725 0.16333299999999998
0 0.2212109375 0.18734341666666665 0.07625000000000001 0.14
0 0.2935546875 0.18151041666666665 0.007499999999999951 0.01416700000000004
0 0.3179296875 0.1871350833333333 0.007500000000000007 0.0050000000000000044
0 0.327109375 0.18567741666666668 0.011875000000000024 0.015000000000000013
0 0.3707421875 0.18250033333333335 0.023125000000000007 0.04333299999999999
0 0.4287109375 0.17505175000000003 0.014375000000000027 0.024166999999999994
0 0.4443359375 0.1737496666666667 0.014375000000000027 0.022499999999999982
0 0.509609375 0.18151041666666665 0.012499999999999956 0.01416700000000004
0 0.53453125 0.18937533333333334 0.009375000000000022 0.01166599999999999
0 0.5483203125 0.18786424999999998 0.026249999999999996 0.04
0 0.7692578125 0.18755175 0.010000000000000009 0.02416700000000005
0 0.77953125 0.1869795 0.008124999999999938 0.016665999999999997
0 0.7905859375 0.18291666666666664 0.014375000000000027 0.02333300000000001
0 0.863046875 0.17713541666666666 0.02749999999999997 0.04500000000000004
0 0.89453125 0.17901041666666664 0.008125000000000049 0.015000000000000013
0 0.9165625 0.17911458333333333 0.016875000000000084 0.019167000000000007
0 0.957421875 0.2005725833333333 0.02749999999999997 0.050000000000000044
0 0.9790234375 0.17656216666666666 0.030000000000000027 0.0375
