0 0.8901171875 0.7022772957540263 0.08437499999999998 0.4165109999999999
0 0.0126953125 0.49287321522694 0.025625 0.16510299999999994
0 0.0483203125 0.4750751537335286 0.025625000000000002 0.11913699999999998
0 0.11796875 0.5242161478770132 0.05625000000000001 0.210131
0 0.505390625 0.58358682284041 0.05249999999999999 0.24671699999999996
0 0.541640625 0.6335515592972182 0.083125 0.33114499999999997
0 0.7558203125 0.5626157672035139 0.02562500000000001 0.10975600000000008
0 0.821953125 0.6017613133235724 0.03562500000000002 0.144465
0 0.8514453125 0.5934325710102488 0.02562500000000001 0.15197000000000005
0 0.9268359375 0.6621583074670571 0.04625000000000001 0.23452199999999995
