0 0.4508203125 0.5867705 0.08937500000000004 0.2983340000000001
0 0.05078125 0.8500520833333334 0.103125 0.19250000000000003
0 0.0928515625 0.6255729166666666 0.065625 0.21666700000000003
0 0.1691015625 0.9158336666666668 0.06562500000000002 0.0841659999999999
0 0.1827734375 0.5975 0.09312500000000001 0.25166700000000003
0 0.212734375 0.9798961666666667 0.07499999999999998 0.03750000000000009
0 0.210078125 0.9397395833333334 0.06812499999999999 0.051666999999999984
0 0.2485546875 0.8986975833333334 0.06937499999999999 0.08250000000000002
0 0.2535546875 0.7764065833333333 0.07 0.05166599999999999
0 0.274296875 0.7497919999999999 0.05937500000000001 0.03250000000000005
0 0.303203125 0.9672395833333334 0.06812499999999999 0.04999999999999997
0 0.3384375 0.8715621666666666 0.07874999999999999 0.1625000000000001
0 0.3553125 0.72505175 0.048750000000000016 0.025833999999999985
0 0.38125 0.9286455 0.09437500000000004 0.14083400000000004
0 0.4530078125 0.8288017499999999 0.07250000000000001 0.08833400000000013
0 0.52859375 0.8667708333333334 0.08625000000000005 0.08916699999999993
0 0.6565234375 0.9057809166666666 0.09187500000000004 0.18583400000000014
0 0.793828125 0.6055208333333334 0.09812500000000002 0.2774999999999999
0 0.8123828125 0.89296875 0.135625 0.21166700000000013
0 0.9220703125 0.9005725833333332 0.05812499999999998 0.17583400000000005
0 0.950078125 0.89932325 0.09812500000000002 0.1975000000000001
