0 0.0703125625 0.6875004166666666 0.097656 0.17057299999999995
0 0.10253925 0.4765625 0.103515 0.07942700000000007
0 0.1025391875 0.51171925 0.022460999999999995 0.10416600000000005
0 0.125977 0.5026045 0.03320299999999998 0.1119789999999999
0 0.175781625 0.49349008333333333 0.020506999999999997 0.06770799999999995
0 0.1904298125 0.5169272500000001 0.041992 0.13411399999999998
0 0.2470705 0.4609374166666667 0.015625000000000028 0.04557299999999994
0 0.3076170625 0.4674481666666666 0.018555000000000044 0.039062000000000076
0 0.3486331875 0.4674475 0.05371100000000001 0.046875
0 0.397461375 0.4557291666666667 0.04394500000000001 0.037760000000000016
0 0.453125 0.4778649166666667 0.06445299999999998 0.06119799999999994
0 0.512695625 0.4856770000000001 0.02050799999999997 0.033853999999999905
0 0.6503906875 0.49999958333333333 0.22558600000000006 0.11328200000000004
0 0.66503925 0.5117189999999999 0.041015000000000024 0.12760399999999997
0 0.8837888125 0.5429691666666666 0.22949200000000003 0.22656200000000007
0 0.8388668125 0.5494788333333332 0.04199300000000006 0.18359400000000012
0 0.900391125 0.5664064166666667 0.06835900000000006 0.20052100000000003
