0 0.046875 0.4850003333333333 0.094375 0.16749999999999998
0 0.1298828125 0.4283333333333333 0.260625 0.29416700000000007
0 0.0625 0.42249966666666666 0.063125 0.08500000000000003
0 0.1346484375 0.4374482499999999 0.06125 0.2275
0 0.1619140625 0.4003128333333334 0.049375 0.18416599999999997
0 0.2046484375 0.3946875 0.09187499999999998 0.23499999999999996
0 0.339453125 0.40625 0.06687499999999996 0.31416700000000003
0 0.38796875 0.45145799999999997 0.05500000000000005 0.28250000000000003
0 0.6705859375 0.45354199999999995 0.07625000000000004 0.09583299999999999
0 0.7083203125 0.3933850833333334 0.026874999999999982 0.06666699999999996
0 0.7734765625 0.4121878333333333 0.06500000000000006 0.15333300000000002
0 0.876875 0.45317708333333334 0.032500000000000084 0.09666699999999999
0 0.904921875 0.4273955 0.05937500000000007 0.20500000000000007
0 0.953671875 0.48041633333333333 0.09062500000000007 0.10583399999999991
