0 0.02734375 0.7288736862170088 0.055625 0.051691999999999905
0 0.03125 0.7669939618768328 0.063125 0.055452
0 0.4990234375 0.5338321085043988 0.999375 0.928571
0 0.015390625 0.5164676862170088 0.020624999999999998 0.05169199999999999
0 0.0332421875 0.8065449237536656 0.05375 0.1062030000000001
0 0.0320703125 0.5229726158357771 0.025625 0.07330799999999993
0 0.0718359375 0.9003451935483872 0.076875 0.19548899999999997
0 0.062421875 0.5172951348973607 0.028749999999999998 0.04417300000000002
0 0.086015625 0.624363064516129 0.052500000000000005 0.06484999999999996
0 0.087109375 0.6030087565982405 0.04375 0.03007499999999998
0 0.0915625 0.5255280322580645 0.0175 0.033833999999999934
0 0.129453125 0.5650395131964809 0.03687499999999999 0.06015100000000002
0 0.139765625 0.28146720527859237 0.01999999999999999 0.025376000000000003
0 0.1415625 0.4540249618768329 0.017499999999999988 0.054510999999999955
0 0.1501953125 0.14270785923753665 0.026874999999999982 0.042294000000000026
0 0.162890625 0.6551519618768328 0.05249999999999999 0.055452000000000085
0 0.1515625 0.2587235835777126 0.016875 0.03853400000000001
0 0.1642578125 0.6184979618768328 0.04250000000000001 0.05357199999999995
0 0.1587890625 0.430641513196481 0.019375000000000003 0.06108999999999994
0 0.177890625 0.2691741348973607 0.020625000000000004 0.044172999999999976
0 0.19125 0.5181215835777127 0.03125 0.03853400000000001
0 0.2015625 0.41432485923753665 0.016875 0.04229299999999997
0 0.21296875 0.5713924105571847 0.02437499999999998 0.04793300000000003
0 0.208359375 0.4634970322580645 0.011874999999999997 0.032895000000000015
0 0.2115625 0.5013922052785924 0.016875 0.023495999999999996
0 0.2246875 0.45973803225806453 0.015625 0.032895000000000015
0 0.233046875 0.5484977565982404 0.02812500000000001 0.031015000000000046
0 0.2391796875 0.6075980967741936 0.038750000000000034 0.09774399999999991
0 0.234140625 0.43142948093841643 0.020625000000000004 0.029134999999999914
0 0.2334375 0.45763192961876825 0.015625 0.021617000000000004
0 0.246171875 0.5330460322580645 0.028124999999999983 0.03477500000000006
0 0.2525390625 0.4418810322580645 0.019375000000000003 0.032895000000000015
0 0.2555859375 0.48071520527859235 0.014374999999999999 0.024436000000000062
0 0.265625 0.6051167507331378 0.03249999999999997 0.11560199999999995
0 0.2696875 0.17184385923753667 0.01749999999999996 0.04229299999999999
0 0.2731640625 0.4728960322580645 0.019374999999999976 0.032895000000000015
0 0.2749609375 0.012030378299120233 0.014374999999999971 0.015978000000000003
0 0.275234375 0.4381210322580645 0.013124999999999998 0.032895000000000015
0 0.2859375 0.17372285923753666 0.015625 0.042294000000000005
0 0.2874609375 0.2664292052785924 0.014374999999999971 0.025376000000000003
0 0.2950390625 0.48233351319648093 0.01874999999999999 0.06014999999999996
0 0.3001953125 0.1751891348973607 0.026875000000000038 0.044173
0 0.297109375 0.022068205278592375 0.012500000000000011 0.025376000000000003
0 0.3171875 0.4825952052785924 0.016249999999999987 0.02631500000000005
0 0.3155078125 0.2687229296187683 0.011250000000000038 0.02161600000000003
0 0.32234375 0.4474074809384165 0.024375000000000036 0.028194999999999932
0 0.3356640625 0.47477603225806453 0.018124999999999947 0.03289399999999995
0 0.3480859375 0.4115799296187684 0.015000000000000013 0.020675999999999965
0 0.3590625 0.5057910322580645 0.016874999999999973 0.032894000000000034
0 0.362109375 0.4092862052785924 0.013124999999999998 0.02443599999999998
0 0.3682421875 0.46285820527859234 0.021875000000000033 0.023495999999999996
0 0.370234375 0.49827203225806455 0.012500000000000011 0.034773999999999916
0 0.377734375 0.4190989296187683 0.013124999999999998 0.021615999999999948
0 0.3930859375 0.5288377184750733 0.015000000000000013 0.08270700000000003
0 0.3948828125 0.4760162052785924 0.011249999999999982 0.023495999999999996
0 0.411015625 0.4626705835777126 0.020625000000000004 0.03853400000000001
0 0.42046875 0.2227468914956012 0.02437499999999998 0.075188
0 0.45171875 0.9246657507331377 0.05625000000000002 0.11560200000000012
0 0.4562890625 0.43413592961876835 0.018125000000000002 0.021617000000000004
0 0.47328125 0.810980340175953 0.040000000000000036 0.06860899999999999
0 0.4755078125 0.42079130791788855 0.010000000000000009 0.03665400000000005
0 0.488984375 0.4168436862170088 0.013124999999999998 0.05169199999999999
0 0.4919140625 0.2504166158357771 0.01937499999999992 0.07048800000000002
0 0.5023828125 0.42101641055718475 0.011250000000000038 0.04793300000000003
0 0.53765625 0.9637616158357771 0.07187500000000002 0.07048899999999995
0 0.5294140625 0.4270691348973607 0.018124999999999947 0.04417300000000002
0 0.568515625 0.4418810322580645 0.020625000000000004 0.034774
0 0.601015625 0.966355513196481 0.05124999999999991 0.06108999999999994
0 0.6259375 0.44609223753665694 0.016249999999999987 0.05639099999999992
0 0.6462890625 0.9260935454545454 0.050000000000000044 0.09116500000000001
0 0.69390625 0.7545893401759531 0.07187500000000002 0.06954899999999989
0 0.6863671875 0.44902478885630503 0.02312499999999995 0.06390999999999998
0 0.7052734375 0.45466378885630504 0.029999999999999916 0.06390999999999998
0 0.713671875 0.6689882697947214 0.028125000000000067 0.08834600000000004
0 0.712265625 0.2619207184750733 0.020625000000000004 0.08270599999999997
0 0.7169921875 0.6030087565982405 0.02312499999999995 0.03195499999999994
0 0.73875 0.9122967184750733 0.06312499999999999 0.08458599999999994
0 0.7203125 0.5780464809384164 0.016874999999999973 0.029134999999999998
0 0.7303515625 0.7057914105571848 0.03500000000000003 0.04981200000000002
0 0.7440234375 0.6524455131964809 0.02937500000000004 0.061091
0 0.79 0.8025954105571849 0.06312499999999999 0.04981199999999994
0 0.7823046875 0.6554916158357771 0.03874999999999995 0.07330800000000001
0 0.7812109375 0.489438788856305 0.015000000000000013 0.063909
0 0.800703125 0.6052274105571848 0.03562500000000002 0.04699199999999991
0 0.801640625 0.485266064516129 0.020625000000000004 0.06578899999999996
0 0.809453125 0.7189878914956012 0.036250000000000004 0.07518800000000006
0 0.8089453125 0.6216181348973607 0.026874999999999982 0.044172999999999935
0 0.821015625 0.6590629941348973 0.020625000000000004 0.08552700000000006
0 0.82796875 0.48150606451612904 0.024374999999999925 0.06579000000000003
0 0.8333203125 0.5189490322580645 0.025624999999999898 0.03289399999999995
0 0.8372265625 0.23530454545454546 0.03437499999999993 0.09210500000000003
0 0.8496875 0.4854526862170088 0.016874999999999973 0.05263199999999997
0 0.8531640625 0.5594361026392962 0.01937500000000003 0.013157999999999972
0 0.8626953125 0.5820315835777126 0.026874999999999982 0.03853400000000001
0 0.862109375 0.5422189296187683 0.012500000000000067 0.021616000000000114
0 0.8630859375 0.479626064516129 0.01375000000000004 0.06579000000000003
0 0.8715625 0.6015424809384164 0.016874999999999973 0.028194999999999932
0 0.8845703125 0.6230844105571848 0.02562500000000001 0.047931999999999975
0 0.907265625 0.5181215835777127 0.02124999999999999 0.04041399999999998
0 0.9230078125 0.731092340175953 0.041874999999999996 0.06954899999999997
0 0.9207421875 0.5376709618768328 0.021874999999999978 0.05545100000000002
0 0.9369140625 0.784138064516129 0.050000000000000044 0.06578900000000004
0 0.9569921875 0.8525979237536656 0.08437499999999998 0.1062030000000001
0 0.9666015625 0.5384618211143695 0.034375000000000044 0.0949250000000001
0 0.984921875 0.643573788856305 0.028125000000000067 0.062029999999999925
