0 0.046875 0.7603419633967788 0.095662 0.07
0 0.077101375 0.5739238653001464 0.044494000000000006 0.08833299999999998
0 0.101328 0.6314934114202049 0.06340399999999999 0.12333300000000003
0 0.124984375 0.5824597364568083 0.07564 0.0866669999999999
0 0.1408871875 0.559485448023426 0.02335899999999999 0.056665999999999994
0 0.1584388125 0.5605438345534407 0.042269 0.06666699999999995
0 0.2016794375 0.6858220190336749 0.12347000000000002 0.20666700000000013
0 0.201115125 0.5436289326500732 0.03559499999999999 0.04666599999999994
0 0.3512398125 0.8341853016105417 0.260289 0.326666
0 0.245609125 0.5666032210834554 0.03670799999999999 0.07333299999999998
0 0.2538034375 0.548830803806735 0.030032999999999976 0.04333400000000002
0 0.3232748125 0.7056201478770132 0.166852 0.20833300000000005
0 0.2838364375 0.5415571903367496 0.030033000000000032 0.05000000000000005
0 0.2821551875 0.5622568653001465 0.02224699999999996 0.08999999999999996
0 0.3160944375 0.5509495768667643 0.031146000000000007 0.060000000000000026
0 0.355732125 0.5584720922401172 0.03670699999999999 0.07166699999999998
0 0.3750484375 0.5482702210834552 0.031146000000000007 0.07500000000000012
0 0.382970875 0.5294384172767204 0.027809000000000028 0.03499999999999996
0 0.4128684375 0.5488778345534406 0.031146000000000007 0.06666599999999998
0 0.4581770625 0.5430673499267936 0.01779799999999998 0.07666700000000001
0 0.4671025625 0.5474597364568082 0.03337000000000001 0.08499999999999992
0 0.4872345 0.5553419633967789 0.016685000000000005 0.06833299999999995
0 0.5097788750000001 0.54932860761347 0.02892100000000003 0.083334
0 0.5555203125 0.5507927364568082 0.02558400000000005 0.085
0 0.5786084375 0.5581133806734992 0.030032999999999976 0.10000000000000002
0 0.605440875 0.5681133806734994 0.027808000000000055 0.09999999999999994
0 0.7129196875 0.740805270863836 0.19466099999999997 0.303333
0 0.6331134375 0.5633162518301611 0.030032999999999976 0.09666699999999996
0 0.7879010625 0.8630328535871156 0.299222 0.27
0 0.677472 0.5631133806734993 0.03225800000000001 0.10000000000000002
0 0.7444789375 0.6671940863836018 0.10900999999999994 0.16166599999999995
0 0.711683125 0.5398901903367497 0.036707000000000045 0.051667000000000025
0 0.739491125 0.5721648038067351 0.03670799999999996 0.04166599999999999
0 0.7482801875 0.5889238653001464 0.054505000000000026 0.08999999999999996
0 0.7710709375 0.5657927364568082 0.04671800000000004 0.085
0 0.8027851875 0.6298264114202049 0.05339299999999991 0.12333400000000008
0 0.8007800625 0.5385819019033675 0.018909999999999982 0.02166700000000001
0 0.824599375 0.5672108345534408 0.043381 0.06666699999999995
