0 0.0166015625 0.6094956149341142 0.03375 0.470919
0 0.0941015625 0.5958354860907761 0.09749999999999999 0.4681049999999999
0 0.7056640625 0.46677234992679356 0.018749999999999933 0.07879999999999993
0 0.734375 0.47665354026354323 0.0625 0.126642
0 0.726953125 0.4310380307467057 0.0050000000000000044 0.025328000000000045
0 0.8046875 0.47409299414348466 0.04874999999999996 0.09287100000000004
0 0.848984375 0.48148373645680825 0.04312499999999997 0.08630399999999998
0 0.905625 0.4637048960468521 0.03312499999999996 0.11350800000000007
0 0.926796875 0.46393241142020497 0.05937500000000007 0.12476600000000006
0 0.963125 0.45551534992679354 0.03125 0.076923
0 0.9833984375 0.6119313997071743 0.030625000000000013 0.306754
0 0.988515625 0.44737096339677895 0.020625000000000004 0.06754200000000002
