0 0.5680222028047465 0.8755309375 0.07627199999999998 0.169956
0 0.15569347033441208 0.2290465625 0.04842600000000001 0.12829000000000002
0 0.20817096224379722 0.24184525 0.061742999999999965 0.133772
0 0.32624048112189863 0.5479539375 0.03026599999999993 0.077851
0 0.3776392243797195 0.54625775 0.04237299999999998 0.086623
0 0.4630444811218986 0.528679625 0.03147699999999998 0.051536000000000026
0 0.4599404865156419 0.2798960625 0.023001999999999946 0.049343000000000026
0 0.4950959622437972 0.2903130625 0.06174300000000003 0.111842
0 0.6451084487594391 0.8748805625 0.08353500000000004 0.128289
0 0.6589069784250269 0.2853790625 0.03631900000000005 0.05043900000000001
0 0.6568807324703344 0.239206625 0.029055999999999936 0.05263099999999998
0 0.7841028597626752 0.2526215625 0.22639200000000007 0.064693
0 0.7415182189859763 0.304653375 0.04963700000000003 0.075658
0 0.795050721682848 0.29612125 0.04721599999999999 0.071272
0 0.8309512297734628 0.280872625 0.03389800000000001 0.05263200000000001
0 0.8644534757281553 0.289919625 0.03995199999999994 0.08333300000000002
0 0.9006412243797195 0.2906211875 0.041162999999999984 0.053728
0 0.9295649730312837 0.272375625 0.04479400000000002 0.08333299999999999
