0 0.08984375 0.4716663333333333 0.18125 0.29166700000000007
0 0.089296875 0.6368229166666667 0.05875 0.15416700000000003
0 0.080625 0.54151075 0.03125 0.05499999999999994
0 0.281484375 0.42432258333333334 0.325625 0.23916700000000005
0 0.261171875 0.5282809166666667 0.02812500000000001 0.06166700000000006
0 0.267421875 0.5541666666666666 0.027500000000000024 0.08583300000000005
0 0.3008984375 0.5678649166666666 0.029374999999999984 0.12250000000000005
0 0.3364453125 0.5765621666666666 0.026875000000000038 0.038333999999999945
0 0.3503515625 0.6479690833333334 0.03375 0.12916599999999998
0 0.380625 0.6630208333333334 0.03250000000000003 0.15333299999999994
0 0.383125 0.5126562499999999 0.03250000000000003 0.07250000000000008
0 0.428984375 0.24447916666666666 0.013125000000000053 0.10000000000000002
0 0.441953125 0.6045309166666666 0.036250000000000004 0.12416700000000007
0 0.4355078125 0.5602604166666666 0.010624999999999996 0.07749999999999997
0 0.5100390625 0.9485420000000001 0.14437500000000003 0.09416599999999982
0 0.4651171875 0.2614586666666667 0.021875000000000033 0.11499999999999999
0 0.5591796875 0.3143746666666667 0.03749999999999998 0.1775
0 0.6372265625 0.34859341666666666 0.03375000000000006 0.20166700000000004
0 0.8453515625 0.3619788333333333 0.03375000000000006 0.1825
0 0.9569921875 0.3901038333333333 0.05437499999999995 0.215
