0 0.01953125 0.7390621666666667 0.040625 0.161667
0 0.0838671875 0.6148958333333333 0.054375 0.12083300000000004
0 0.1675 0.7726559166666668 0.03187499999999999 0.15499999999999994
0 0.1692578125 0.29203125 0.010624999999999996 0.03999999999999996
0 0.17640625 0.28182291666666665 0.008750000000000008 0.030833000000000037
0 0.2084375 0.7625003333333332 0.046875 0.16833300000000007
0 0.1995703125 0.4565625 0.02562499999999998 0.07916700000000006
0 0.2503125 0.7044795 0.048750000000000016 0.141666
0 0.5543750000000001 0.49953158333333336 0.21937500000000004 0.20666599999999993
0 0.518203125 0.6496350833333334 0.036250000000000004 0.12916699999999995
0 0.551796875 0.6048958333333334 0.028125000000000067 0.11999999999999995
0 0.5700390625 0.8284375 0.04937499999999995 0.17250000000000001
0 0.5744921875 0.7289583333333334 0.021874999999999978 0.07416699999999994
0 0.5970703125 0.4156246666666667 0.026874999999999982 0.11583399999999999
0 0.611328125 0.5965104166666667 0.03562500000000002 0.13916700000000004
0 0.626484375 0.85005175 0.04375000000000007 0.14916700000000013
0 0.6297265625 0.9694788333333334 0.03437499999999993 0.05833400000000003
0 0.6890625 0.7752600833333334 0.04812499999999997 0.15916699999999992
0 0.67765625 0.29088575 0.008750000000000036 0.025832999999999995
0 0.687109375 0.2901559166666667 0.013124999999999942 0.030834000000000028
0 0.70578125 0.6063545 0.039999999999999925 0.11166599999999997
0 0.712109375 0.9549996666666667 0.043749999999999956 0.08583400000000004
0 0.7148828125 0.9124482500000001 0.04249999999999998 0.10333299999999997
0 0.794453125 0.91619825 0.036250000000000004 0.16500000000000004
0 0.8069921875 0.7784371666666666 0.05437499999999995 0.13249999999999998
0 0.82609375 0.7765628333333333 0.055625000000000036 0.12083300000000004
0 0.9459765625 0.615833 0.03500000000000003 0.12583399999999992
0 0.9633984375 0.59609375 0.02937500000000004 0.11750000000000009
