0 0.1685546875 0.733287401459854 0.07 0.294117
0 0.203515625 0.945585890510949 0.05124999999999999 0.10457499999999999
0 0.3954296875 0.9634299343065692 0.03875000000000001 0.06255800000000011
0 0.4313671875 0.47582784671532846 0.053749999999999964 0.14379099999999997
0 0.48453125 0.5192223503649634 0.03999999999999998 0.07469699999999999
0 0.6008984375 0.5717624306569343 0.061249999999999916 0.131653
0 0.6733984375 0.5298494744525547 0.06062500000000004 0.09243699999999999
0 0.7384765625 0.9702553722627737 0.06624999999999992 0.05508800000000015
0 0.8027734375 0.9752128102189782 0.06187500000000001 0.04575099999999997
0 0.9003125 0.7775335547445255 0.046875 0.14939299999999991
0 0.908515625 0.9694400802919708 0.05124999999999991 0.05882300000000005
0 0.96921875 0.9505433284671532 0.05625000000000002 0.09523800000000014
