0 0.7821875 0.7805636666666667 0.07999999999999996 0.210175
0 0.0263671875 0.8762556666666667 0.05375 0.24103399999999997
0 0.4996484375 0.7340425 0.99875 0.517932
0 0.0734375 0.681571 0.048125 0.09591299999999991
0 0.1134765625 0.6783789166666666 0.034375 0.12426999999999995
0 0.13578125000000002 0.8846550833333334 0.07187499999999998 0.22351999999999986
0 0.1430078125 0.7281915 0.04250000000000001 0.04837399999999992
0 0.1816015625 0.71800425 0.03375 0.103419
0 0.22359375 0.8504600833333332 0.054999999999999966 0.22352000000000016
0 0.2284375 0.7336459166666667 0.047500000000000014 0.09257800000000005
0 0.22953125 0.62367375 0.04000000000000001 0.05671399999999993
0 0.3425 0.8931576666666666 0.12624999999999997 0.21017500000000014
0 0.3151171875 0.6847203333333334 0.023125000000000007 0.04253499999999999
0 0.407265625 0.8139423333333333 0.051875000000000004 0.16764
0 0.391484375 0.6281679166666666 0.011875000000000024 0.03085900000000012
0 0.51125 0.7126333333333333 0.03187499999999999 0.10508800000000007
0 0.5776953125 0.7568624166666668 0.05812500000000009 0.17014199999999993
0 0.691171875 0.7721215 0.059374999999999956 0.203503
0 0.842265625 0.7243354166666668 0.05125000000000002 0.17014199999999993
0 0.8934375 0.7326754166666666 0.04874999999999996 0.16930800000000001
0 0.981328125 0.6932293333333334 0.03562500000000002 0.13761499999999996
