0 0.883125 0.5500695555555555 0.06374999999999997 0.14444400000000002
0 0.0078125 0.8470835555555555 0.0175 0.30111099999999996
0 0.1109765625 0.5533333333333332 0.034375 0.16888900000000007
0 0.1378515625 0.5543751111111112 0.03437500000000002 0.19333299999999998
0 0.2 0.5627782222222222 0.03312499999999999 0.19777699999999993
0 0.2570703125 0.5354163333333334 0.026874999999999982 0.10555599999999998
0 0.290625 0.5304864444444445 0.03187499999999999 0.11000000000000003
0 0.322265625 0.5111807777777778 0.020000000000000018 0.088889
0 0.3418359375 0.5314582222222222 0.014374999999999971 0.101111
0 0.3958984375 0.5203472222222222 0.02937500000000004 0.10222200000000006
0 0.426015625 0.5077085555555556 0.02124999999999999 0.08222199999999999
0 0.4584765625 0.5744441111111112 0.03437499999999999 0.22333399999999998
0 0.5844921875 0.5838892222222223 0.053749999999999964 0.197777
0 0.66265625 0.5171524444444445 0.07062500000000005 0.10888899999999996
0 0.7175 0.5131943333333333 0.03312499999999996 0.10666699999999994
0 0.7587109375 0.5131943333333333 0.04500000000000004 0.10444499999999993
