0 0.93359375 0.5307256524216524 0.08750000000000002 0.30629000000000006
0 0.025390625 0.5588070911680911 0.051875 0.18504999999999994
0 0.516640625 0.4968200911680911 0.05124999999999996 0.18505000000000002
0 0.5448828125 0.5111710398860398 0.04125000000000001 0.080219
0 0.721328125 0.44838401994301996 0.0050000000000000044 0.041020999999999995
0 0.7363671875 0.44069252136752135 0.023125000000000062 0.04284500000000004
0 0.7565625 0.45231753846153844 0.01749999999999996 0.07839600000000002
0 0.7785546875 0.4506670541310541 0.03749999999999998 0.11030100000000002
0 0.76640625 0.43294350997151 0.009375000000000022 0.02005399999999997
0 0.866328125 0.5029165954415954 0.03687499999999999 0.1914310000000001
0 0.9501171875 0.2040255299145299 0.02187500000000009 0.06198699999999999
0 0.977421875 0.20584852991452993 0.028124999999999956 0.061987999999999994
