0 0.3916015 0.523438 0.110352 0.37630199999999997
0 0.0380859375 0.6822921666666666 0.076172 0.6315099999999999
0 0.09863268750000001 0.5130209166666666 0.09960999999999998 0.341146
0 0.139648875 0.5013021666666666 0.06054599999999999 0.2890620000000001
0 0.1728513125 0.47656291666666667 0.057617 0.24869700000000008
0 0.25488331249999996 0.4283858333333333 0.026367 0.08984299999999996
0 0.2714845625 0.42447950000000007 0.03417899999999996 0.109375
0 0.3300779375 0.4596355833333334 0.04589900000000002 0.17708300000000002
0 0.4599605 0.5442706666666667 0.079102 0.33333399999999996
0 0.5742185625 0.4427079166666667 0.03417999999999999 0.09114600000000002
0 0.5898438125 0.46484416666666667 0.04199200000000003 0.13151000000000002
0 0.625976125 0.4648439166666667 0.03613299999999997 0.12499999999999993
0 0.6992188125 0.4934895000000001 0.07324200000000003 0.204427
0 0.7216800625 0.4661461666666667 0.04980399999999996 0.19401000000000002
0 0.959961375 0.5195310000000001 0.07617099999999999 0.252604
0 0.9833984375 0.5273439166666667 0.030272999999999994 0.24739600000000003
