0 0.229375 0.5388020833333332 0.06375000000000003 0.12916700000000012
0 0.27261718749999997 0.5124482499999999 0.11624999999999999 0.10166599999999996
0 0.2518359375 0.49942708333333335 0.015000000000000013 0.03416699999999998
0 0.308671875 0.5194788333333333 0.028749999999999998 0.05833399999999996
0 0.36734375 0.5078121666666666 0.024999999999999967 0.10000000000000002
0 0.4408203125 0.555 0.05812500000000004 0.125833
0 0.4809765625 0.49109341666666667 0.03375 0.07583400000000003
0 0.5078906249999999 0.5613020833333333 0.05187500000000006 0.12916700000000003
0 0.544921875 0.5072399166666667 0.02749999999999997 0.09333300000000004
0 0.6294140625 0.48192708333333334 0.018125000000000058 0.03416700000000006
0 0.64546875 0.5137503333333333 0.024374999999999925 0.10500000000000005
0 0.6645703125 0.5055725833333333 0.02562500000000001 0.050000000000000044
