0 0.03074670571010249 0.5100390625 0.06379 0.14312500000000006
0 0.036603221083455345 0.468515625 0.074109 0.1775
0 0.036603221083455345 0.549609375 0.074109 0.138125
0 0.06364980380673499 0.3966015625 0.041276 0.065
0 0.12933402489019033 0.51109375 0.11538400000000001 0.18125000000000002
0 0.13878412298682286 0.46875 0.095685 0.188125
0 0.21120147877013176 0.465625 0.07973700000000002 0.15687500000000004
0 0.2513109633967789 0.461015625 0.06941799999999997 0.14562500000000006
0 0.36035747877013175 0.466640625 0.081613 0.14500000000000007
0 0.4480113499267935 0.445234375 0.07692300000000009 0.13687500000000002
0 0.47453180380673493 0.437265625 0.04315200000000003 0.114375
0 0.5689283133235724 0.523046875 0.14634099999999997 0.12124999999999997
0 0.5527345768667643 0.4384375 0.06097599999999994 0.11125000000000002
0 0.5620013191800879 0.41875 0.05440900000000005 0.09562500000000002
0 0.6268435768667643 0.439296875 0.05909900000000001 0.12125000000000002
0 0.733443803806735 0.43140625 0.04315200000000003 0.10250000000000004
0 0.7422285768667642 0.419921875 0.05909900000000001 0.09062500000000001
0 0.9773458038067351 0.3944140625 0.04221399999999989 0.04999999999999999
