0 0.4990234375 0.49140658333333337 0.998438 0.23958300000000002
0 0.2359375 0.6559899166666666 0.015625 0.029166000000000025
0 0.42109425 0.6083336666666667 0.009373999999999993 0.022915999999999936
0 0.4982426875 0.6101559166666667 0.006248999999999949 0.029167000000000016
0 0.573046375 0.6585940833333334 0.012499999999999956 0.03541599999999997
0 0.5763676875 0.5695315833333333 0.007812000000000041 0.02083300000000003
0 0.68046825 0.5966145833333334 0.009376000000000051 0.020832999999999952
0 0.690625 0.5723955 0.0015619999999999523 0.01666700000000006
0 0.6970698125 0.59088575 0.010938000000000003 0.02500000000000006
0 0.7031245 0.7028642499999999 0.01718799999999998 0.03958400000000021
0 0.7216796875 0.5749996666666667 0.006249999999999978 0.020833999999999946
0 0.7423828125 0.630208 0.010938000000000003 0.033333999999999975
0 0.784765125 0.6330729166666668 0.0046880000000000255 0.02916699999999987
0 0.7916015625 0.6062496666666667 0.0031249999999999334 0.022917000000000076
0 0.8060551875 0.7427086666666667 0.02187399999999995 0.054165999999999936
0 0.981641125 0.6080729166666666 0.004686999999999997 0.029167000000000016
0 0.995703125 0.6166666666666666 0.0046880000000000255 0.022917000000000076
