0 0.6660155 0.5972028181818182 0.078125 0.436364
0 0.03515625 0.5356643566433567 0.071289 0.313287
0 0.0556641875 0.5048951118881119 0.023437000000000006 0.22517500000000004
0 0.241211 0.6643353286713287 0.313477 0.658742
0 0.14746075 0.5398605664335665 0.05566399999999999 0.33566399999999996
0 0.260742125 0.5104891048951049 0.037109 0.211189
0 0.311523875 0.5440563006993007 0.06054599999999999 0.20419500000000004
0 0.3554691875 0.5160843216783216 0.054686999999999986 0.24615299999999998
0 0.4013670625 0.5902094965034964 0.049805000000000044 0.195804
0 0.4189456875 0.45594444055944056 0.03808600000000001 0.08391599999999998
0 0.4501949375 0.5706297062937064 0.04589900000000002 0.21398599999999995
0 0.49707 0.5384619230769231 0.0625 0.24755200000000002
0 0.5234374375 0.5202797062937063 0.029296999999999906 0.21398599999999995
0 0.5449214375 0.5986013146853146 0.06054700000000002 0.23076900000000003
0 0.5595706875 0.4783218671328671 0.03808599999999995 0.13426600000000005
0 0.59570325 0.552447944055944 0.040038999999999936 0.28951000000000005
0 0.630859 0.5454549300699301 0.032227000000000006 0.262937
0 0.72460925 0.5468527202797202 0.03906300000000007 0.24195800000000003
0 0.7822263125 0.5790207202797203 0.05761700000000003 0.24195799999999995
0 0.827148875 0.5440561048951049 0.06054599999999999 0.212587
0 0.8339844375 0.4363634195804196 0.029297000000000017 0.039160999999999994
0 0.8642583125 0.5552443286713287 0.058593000000000006 0.257343
0 0.9013669375 0.5818181538461539 0.07617200000000002 0.309091
0 0.9462891875 0.5426575034965034 0.05468699999999993 0.20839100000000002
0 0.979492125 0.5216781188811189 0.03710899999999995 0.23916099999999998
