0 0.01762114537444934 0.445625 0.035748 0.12500000000000006
0 0.36123348017621143 0.6442187500000001 0.724365 0.399375
0 0.031204716593245224 0.38875 0.032925 0.03250000000000003
0 0.051647861967694574 0.449375 0.068674 0.12625000000000003
0 0.0832882892804699 0.388828125 0.051740999999999995 0.03562499999999996
0 0.11708629074889869 0.446484375 0.071496 0.13687500000000002
0 0.1570788604992658 0.3964453125 0.04797799999999998 0.05812500000000004
0 0.20776400293685757 0.39859375 0.04327399999999996 0.05624999999999997
0 0.416901456681351 0.39421875 0.394167 0.5862499999999999
0 0.2435120029368576 0.400546875 0.04139199999999999 0.06
0 0.7035711820851689 0.602578125 0.550329 0.691875
0 0.6124165800293686 0.4945703125 0.12135399999999998 0.15187500000000004
0 0.7147958634361233 0.5125 0.0893700000000001 0.15750000000000003
