0 0.1561328125 0.45095861493411415 0.135625 0.46904299999999993
0 0.249765625 0.3227115036603221 0.05249999999999999 0.194184
0 0.294765625 0.33025966325036604 0.05125000000000002 0.22138899999999995
0 0.3715234375 0.33460789019033677 0.06125000000000003 0.204503
0 0.5175390625 0.554420289897511 0.17562499999999998 0.5075039999999998
0 0.5798046875 0.2921663748169839 0.03874999999999995 0.19230799999999995
0 0.6479296875 0.4934001303074671 0.16374999999999995 0.4803009999999999
0 0.743203125 0.27402654026354323 0.03562500000000002 0.12664199999999998
0 0.85359375 0.4246302342606149 0.11874999999999991 0.369606
0 0.914765625 0.26292795754026355 0.05125000000000002 0.15947499999999998
