0 0.041015625 0.5510393021582735 0.08375 0.19700499999999993
0 0.073125 0.6972532158273381 0.094375 0.42741900000000005
0 0.1109765625 0.46735266187050356 0.06499999999999999 0.07142799999999988
0 0.159765625 0.6779744820143886 0.14500000000000002 0.38248899999999997
0 0.21515625 0.660494309352518 0.10249999999999998 0.342166
0 0.242265625 0.5569073956834533 0.05124999999999999 0.11405499999999989
0 0.275 0.5667129064748202 0.03187499999999999 0.082949
0 0.4363671875 0.6225844028776978 0.05437500000000001 0.2615199999999999
0 0.54828125 0.6349751582733814 0.07187499999999991 0.2453919999999999
0 0.6247265625 0.6468604748201439 0.06624999999999992 0.23387099999999994
0 0.7586328125 0.5708154676258992 0.04125000000000001 0.087557
0 0.7871875 0.5731194676258993 0.015625 0.08755799999999993
0 0.8150390625 0.5780097122302157 0.04999999999999993 0.10138200000000015
0 0.874375 0.6111134460431654 0.06312499999999999 0.14400900000000003
0 0.9630078125 0.6094299856115108 0.07250000000000001 0.20506999999999997
0 0.9447265625 0.6021206402877698 0.034375000000000044 0.12787999999999997
