0 0.706171875 0.8411342994011975 0.05874999999999997 0.1503830000000001
0 0.14250000000000002 0.8566484610778443 0.06374999999999999 0.230843
0 0.199140625 0.8467663832335329 0.05125000000000002 0.19444400000000003
0 0.254140625 0.8583234371257484 0.05249999999999999 0.219349
0 0.425625 0.5444911856287425 0.03125 0.09386999999999997
0 0.441484375 0.8599984131736527 0.044375 0.2078540000000001
0 0.5004296875 0.8544293832335329 0.06875000000000003 0.19252799999999998
0 0.5555078125 0.8638924670658682 0.04249999999999998 0.23371700000000006
0 0.61609375 0.8702364311377246 0.05500000000000005 0.21839099999999995
0 0.6612109375 0.8599984131736527 0.04625000000000001 0.2078540000000001
0 0.777421875 0.854675502994012 0.05999999999999994 0.25191600000000003
0 0.8303125 0.8685614550898204 0.04749999999999999 0.22796999999999998
