0 0.21953125 0.7690975454545455 0.16499999999999998 0.39244199999999996
0 0.275 0.4634075151515151 0.03312499999999996 0.13275200000000004
0 0.6432421875000001 0.6684810303030303 0.7106250000000001 0.660853
0 0.37546875 0.3965994545454546 0.1175 0.109496
0 0.75359375 0.460130606060606 0.024375000000000036 0.11337199999999997
0 0.7707421875 0.4652751515151516 0.02312499999999995 0.10561999999999992
0 0.7906640625 0.472604303030303 0.018125000000000058 0.10755800000000004
0 0.8219921875 0.469574 0.021874999999999978 0.10174399999999995
0 0.8666015625 0.5409439393939395 0.034375000000000044 0.17926399999999998
0 0.8977734375 0.5219164242424243 0.02937499999999993 0.15116299999999994
