0 0.1447702078103208 0.2993876875 0.15714299999999998 0.16333399999999998
0 0.17694740864714087 0.4949091875 0.17381000000000002 0.14666599999999996
0 0.20198260948396093 0.879401375 0.19047600000000003 0.10666599999999993
0 0.20561850627615064 0.1013545 0.126191 0.11
0 0.32300220920502093 0.662786125 0.18571500000000005 0.13
0 0.40116580892608095 0.3879033125 0.180952 0.12
0 0.5060973082287309 0.8507158125 0.16666599999999993 0.135
0 0.5616761087866109 0.17140624999999998 0.17619 0.13333299999999998
0 0.5640561087866108 0.6036455 0.17619100000000004 0.1416670000000001
0 0.6929671073919108 0.402265625 0.14999999999999994 0.14499999999999996
0 0.7438533096234309 0.717213875 0.1928570000000001 0.12166600000000005
0 0.7880356080892608 0.1010029375 0.1642860000000001 0.13999999999999999
0 0.8227633082287308 0.9069795 0.16666700000000012 0.14166599999999996
0 0.8767085076708508 0.28921874999999997 0.15476199999999993 0.15
0 0.8856546080892609 0.5373828125 0.16190499999999994 0.13666699999999998
