0 0.278046875 0.5971111176470588 0.05937499999999998 0.22222300000000003
0 0.013671875 0.5413565294117647 0.0275 0.06968000000000003
0 0.0166015625 0.6577236470588236 0.035 0.241055
0 0.187890625 0.637853 0.27125000000000005 0.402072
0 0.5763671875 0.5812007647058823 0.022499999999999964 0.06026399999999997
0 0.628828125 0.5804282352941176 0.036250000000000004 0.09227900000000004
0 0.7309375 0.6291794117647059 0.04749999999999999 0.24952900000000006
0 0.8405078125 0.544308294117647 0.010624999999999996 0.027306999999999998
0 0.84703125 0.5401298823529411 0.008124999999999938 0.03013200000000007
0 0.85390625 0.5388916470588234 0.008750000000000036 0.03860600000000005
0 0.8623828125 0.5416004705882352 0.011249999999999982 0.03295599999999999
