0 0.916562625 0.5330208333333334 0.08380300000000007 0.1525
0 0.130918375 0.4998434166666667 0.075047 0.14000000000000004
0 0.1666225 0.5161979166666667 0.140713 0.12416699999999999
0 0.2658050625 0.5119791666666668 0.08130099999999998 0.099167
0 0.3126800625 0.53130175 0.174484 0.08749999999999998
0 0.3360794375 0.49057325 0.09193299999999999 0.13416599999999992
0 0.4536865 0.5325524166666668 0.10944399999999999 0.10833300000000001
0 0.4953330625 0.5070833333333333 0.05065700000000006 0.10666700000000007
0 0.527415375 0.5440625 0.07504699999999997 0.07916699999999999
0 0.5921819375 0.5301565833333334 0.07754899999999998 0.11333300000000006
0 0.6533938125 0.5630732500000001 0.07254500000000008 0.13416599999999992
0 0.6675905 0.5145309166666666 0.04815500000000006 0.12250000000000005
0 0.72370225 0.53276075 0.10193799999999997 0.11916600000000004
0 0.7570115 0.4989586666666666 0.08005000000000007 0.116666
0 0.81548 0.5346350833333333 0.09380900000000003 0.12916699999999995
0 0.8596956875 0.5073434166666666 0.06941799999999998 0.13916700000000004
