0 0.4990234375 0.15875 0.999375 0.315
0 0.0113671875 0.341042 0.021875 0.09416599999999997
0 0.021914062499999998 0.34078125 0.019375000000000003 0.10166700000000002
0 0.04171875 0.3441666666666667 0.025 0.08416699999999995
0 0.0637890625 0.3424996666666667 0.019374999999999996 0.08583399999999992
0 0.1199609375 0.3389583333333333 0.014999999999999986 0.07416700000000002
0 0.1946875 0.5771878333333333 0.10999999999999999 0.15166600000000008
0 0.2144140625 0.3438541666666666 0.019375000000000003 0.07000000000000006
0 0.229765625 0.3447913333333334 0.020625000000000004 0.07333399999999994
0 0.2712890625 0.3497913333333333 0.019374999999999976 0.07416700000000005
0 0.2940234375 0.536667 0.06062500000000004 0.2508329999999999
0 0.2953125 0.35182325 0.017500000000000016 0.07250000000000001
0 0.382421875 0.35125 0.028124999999999956 0.06416700000000002
0 0.5250781250000001 0.552083 0.28687500000000005 0.31333400000000006
0 0.4431640625 0.35473958333333333 0.019374999999999976 0.050000000000000044
0 0.537109375 0.3553128333333333 0.013125000000000053 0.05750000000000003
0 0.5680859375 0.3559375 0.013749999999999929 0.04916699999999996
0 0.63234375 0.3657809166666666 0.024375000000000036 0.05999999999999998
0 0.698359375 0.3617190833333333 0.011874999999999969 0.06583300000000003
0 0.7344921875 0.3649479166666667 0.021874999999999978 0.06166699999999999
0 0.7544140625 0.3666149166666666 0.018125000000000058 0.061666
0 0.7768359375 0.3653128333333333 0.014375000000000027 0.058333000000000045
0 0.8400390625 0.3790621666666667 0.01937499999999992 0.03749999999999994
0 0.8571875 0.38203125 0.016249999999999987 0.03916700000000003
0 0.908203125 0.5671878333333333 0.06687500000000002 0.2775000000000001
0 0.917265625 0.56859375 0.08374999999999999 0.2441670000000001
0 0.9698046875 0.4247916666666667 0.03749999999999998 0.116667
