0 0.0234375 0.10521319535374869 0.04875 0.177027
0 0.0625 0.11500500633579726 0.06375 0.125675
0 0.1082421875 0.0699818848996832 0.022499999999999992 0.07162200000000002
0 0.1359375 0.08384253326293557 0.0475 0.15540500000000002
0 0.1941015625 0.08510514149947203 0.03375 0.11621600000000001
0 0.2646484375 0.0829932090813094 0.030000000000000027 0.113514
0 0.316015625 0.0829932090813094 0.019999999999999962 0.113514
0 0.3575 0.09503695881731784 0.06375000000000003 0.190541
0 0.40296875 0.048397662090813094 0.023749999999999993 0.021621
0 0.48078125 0.043081053854276664 0.03999999999999998 0.05945899999999999
