0 0.1877734375 0.40177083333333335 0.0925 0.214167
0 0.0380859375 0.72223925 0.076875 0.384167
0 0.3141796875 0.3669788333333333 0.03749999999999998 0.05833400000000003
0 0.395546875 0.4052086666666666 0.028749999999999998 0.053333
0 0.5271484375 0.45578125 0.09187499999999998 0.10333300000000005
0 0.6135546875 0.86578125 0.03749999999999998 0.10333299999999997
0 0.6246875 0.59817675 0.048125000000000084 0.05499999999999986
0 0.6364453125 0.8282809166666666 0.026874999999999982 0.06166700000000006
0 0.653984375 0.85276075 0.04375000000000007 0.11750000000000001
0 0.742109375 0.8381246666666667 0.07500000000000007 0.11666699999999992
0 0.7253515625 0.5883333333333334 0.03375000000000006 0.04249999999999998
0 0.7335546875 0.64067675 0.03749999999999998 0.05583399999999994
0 0.7375 0.7158336666666667 0.03187499999999999 0.08416600000000003
0 0.75 0.614375 0.03125 0.09416699999999996
