0 0.4990234375 0.49866666666666665 0.999375 0.999146
0 0.25386718750000004 0.493459 0.084375 0.08027299999999998
0 0.281015625 0.5517226666666666 0.083125 0.134927
0 0.29296875 0.4915856666666667 0.05625000000000002 0.09564500000000006
0 0.4463671875 0.5483066666666667 0.11625000000000002 0.13407299999999994
0 0.5114453125 0.627887 0.150625 0.27327100000000004
0 0.5138281250000001 0.48715033333333335 0.06687499999999996 0.10674700000000006
0 0.617734375 0.5262523333333333 0.04312500000000008 0.163962
0 0.641953125 0.5285443333333334 0.06687500000000002 0.17079400000000003
0 0.671328125 0.47306766666666666 0.03687499999999999 0.08625099999999998
0 0.92484375 0.5168740000000001 0.08687500000000004 0.12211799999999993
