0 0.4990234375 0.8714716470588234 0.999375 0.241055
0 0.26296875 0.6952201764705883 0.056249999999999994 0.20809799999999992
0 0.321015625 0.7102745882352941 0.05124999999999996 0.25329599999999997
0 0.366015625 0.707345 0.05124999999999996 0.20244799999999993
0 0.433671875 0.7006785294117648 0.05937500000000001 0.2702449999999999
0 0.4821875 0.6826074705882352 0.04812499999999997 0.282486
0 0.5221484375000001 0.7016834117647058 0.06124999999999997 0.24764600000000006
0 0.563203125 0.709280294117647 0.03562500000000002 0.22787199999999994
0 0.6115234375 0.6708010588235294 0.0618749999999999 0.18738300000000005
0 0.6808984375 0.6914948823529412 0.06125000000000003 0.27966099999999994
0 0.8811328125 0.6750860588235293 0.04249999999999998 0.237288
