0 0.3423265 0.7766646121562952 0.04777800000000004 0.15650799999999998
0 0.182361 0.6563561881331403 0.064445 0.133443
0 0.3582858125 0.49675401013024606 0.04111099999999995 0.131796
0 0.4503779375 0.9265371881331405 0.10888900000000001 0.13509099999999988
0 0.4493623125 0.4727978740955137 0.025554999999999994 0.095552
0 0.5190924375 0.5054370781476122 0.03111200000000003 0.14826999999999999
0 0.6233030625 0.7431342720694645 0.050000000000000044 0.07084000000000003
0 0.6757939375 0.718668518089725 0.0466669999999999 0.09060899999999991
0 0.7201045 0.581264502170767 0.04777699999999996 0.17298199999999997
0 0.7869404375 0.6381887641099856 0.062222 0.112026
