0 0.519728798126951 0.6599531666666667 0.12124999999999996 0.5058640000000001
0 0.007284079084287201 0.56370625 0.015625 0.03987500000000003
0 0.03331490634755463 0.56056625 0.036875 0.07036799999999992
0 0.07498374089490113 0.5952089166666666 0.031875 0.12431600000000002
0 0.0985243236212279 0.5910445 0.03375 0.11102400000000001
0 0.1312369927159209 0.5946943333333333 0.026250000000000006 0.10477000000000003
0 0.633095733610822 0.6689500833333334 0.056249999999999974 0.16106299999999987
0 0.6799934963579605 0.57934325 0.013750000000000005 0.041439000000000004
0 0.6974967481789802 0.57699175 0.00812500000000002 0.05472999999999987
0 0.7308246618106139 0.5751760833333334 0.018125000000000033 0.034402000000000044
0 0.7620779136316337 0.5806490833333333 0.011249999999999972 0.035965000000000025
0 0.7872840790842872 0.582462 0.015625 0.06411199999999995
0 0.8326899063475546 0.5994010833333334 0.03625000000000007 0.06723999999999997
