0 0.1641796875 0.3244560248901903 0.06937499999999999 0.11538399999999997
0 0.226015625 0.2121836383601757 0.05249999999999999 0.106003
0 0.2402734375 0.3315923133235725 0.06125 0.14446499999999993
0 0.33894531250000004 0.91501221522694 0.183125 0.1660409999999999
0 0.3583203125 0.23097157686676428 0.05812499999999998 0.06003699999999999
0 0.371171875 0.30351941142020494 0.058750000000000024 0.12382800000000004
0 0.43953125 0.2650843499267935 0.04062500000000002 0.078799
0 0.469921875 0.4270487979502196 0.09125 0.133208
0 0.5015234375 0.37778682869692537 0.06124999999999997 0.15759800000000004
0 0.550390625 0.29249092679355787 0.05125000000000002 0.13602199999999998
0 0.6021875 0.2500753499267936 0.04874999999999996 0.07879899999999995
0 0.6165625 0.34408492679355784 0.04812499999999997 0.136961
0 0.669765625 0.3882018653001464 0.05125000000000002 0.09005600000000005
0 0.6758984375 0.32148360761347 0.06125000000000003 0.08255099999999999
0 0.728671875 0.38234534992679353 0.06000000000000005 0.076923
0 0.7579296875 0.4620304729136164 0.06999999999999995 0.17073100000000013
0 0.82640625 0.7354166266471449 0.07187500000000002 0.287055
0 0.8946484375 0.7153316939970717 0.06187500000000001 0.24484000000000003
