0 0.023984375 0.4876206470588235 0.043125 0.09039499999999998
0 0.057578125 0.5348178235294118 0.09875 0.09604499999999995
0 0.06578125 0.6921290588235294 0.1025 0.3380419999999999
0 0.10796875 0.48573764705882355 0.056249999999999994 0.08851200000000006
0 0.4316015625 0.42763070588235297 0.6906249999999999 0.17420000000000002
0 0.1569921875 0.5045696470588235 0.05375000000000002 0.08851200000000006
0 0.1783203125 0.5297497058823529 0.08812500000000001 0.12617699999999993
0 0.234296875 0.711246705882353 0.09 0.37476500000000007
0 0.261015625 0.5276333529411765 0.05124999999999999 0.11393599999999997
0 0.33265625 0.6763021176470588 0.10312500000000002 0.32297500000000007
0 0.3296875 0.5321089999999999 0.07937499999999997 0.10169500000000001
0 0.55875 0.5871026470588235 0.06312499999999999 0.240113
0 0.6276171875 0.6667050588235294 0.11625000000000008 0.33615899999999993
0 0.6290625 0.5247560588235294 0.04749999999999999 0.08662899999999997
0 0.6637890625 0.5195194705882352 0.04999999999999993 0.08286199999999999
0 0.6979296875 0.6680071764705883 0.10000000000000009 0.30696799999999996
0 0.744296875 0.6446462352941177 0.09125000000000005 0.293786
0 0.7559375 0.5131608235294118 0.04874999999999996 0.09510299999999997
0 0.810390625 0.5176364705882353 0.05249999999999999 0.084745
0 0.8334375 0.5858342941176471 0.078125 0.129002
0 0.9509765625 0.5665365882352942 0.09625000000000006 0.105461
