0 0.0111328125 0.5401536442166911 0.01 0.015009000000000088
0 0.0531640625 0.5648163191800878 0.019375000000000003 0.05347000000000002
0 0.1037109375 0.5504025461200586 0.014374999999999999 0.03658499999999998
0 0.1467578125 0.5370410307467057 0.01125000000000001 0.026266999999999912
0 0.1855859375 0.5393299019033675 0.014374999999999999 0.02251399999999995
0 0.2083203125 0.61041360761347 0.02687500000000001 0.08255200000000008
0 0.2312890625 0.5554353191800878 0.018125000000000002 0.055346999999999945
0 0.25234375 0.6035058345534406 0.024375000000000008 0.06566599999999999
0 0.3574609375 0.551639159590044 0.014374999999999971 0.029080000000000033
0 0.3980078125 0.5520510307467057 0.010000000000000009 0.02345200000000001
0 0.5016406250000001 0.5959566749633968 0.021250000000000047 0.03846199999999999
0 0.5062109375 0.5362172884333822 0.01375000000000004 0.030018999999999896
0 0.566484375 0.5804657057101024 0.013124999999999942 0.061913000000000024
0 0.5969921875 0.5859093499267937 0.021874999999999978 0.07692299999999992
0 0.6037109375 0.5628961595900438 0.013749999999999929 0.029080000000000033
0 0.6800390625 0.5932299941434848 0.01937500000000003 0.09287099999999987
0 0.7130078125 0.5303607730600294 0.011249999999999982 0.018761999999999963
0 0.7442578125 0.6171380248901903 0.041874999999999996 0.11538499999999999
0 0.7403125 0.5389180307467057 0.015625 0.024389999999999905
0 0.87015625 0.6365663499267935 0.04062500000000002 0.076923
