0 0.9296875 0.5462557459618209 0.110352 0.44640199999999985
0 0.240234375 0.6945663289280469 0.480469 0.606462
0 0.741211375 0.5580033186490455 0.513671 0.4640230000000002
0 0.793945 0.1908957254038179 0.063477 0.15712200000000004
0 0.77539075 0.18208557709251103 0.025390000000000024 0.08076300000000002
0 0.848633125 0.21292186637298094 0.06738200000000005 0.12922199999999998
0 0.90136725 0.220264436123348 0.04003900000000005 0.10572699999999997
0 0.9404296875 0.21439058002936856 0.03808599999999995 0.12334799999999999
0 0.97168 0.21879615271659325 0.03222599999999998 0.13949999999999999
0 0.9814455625 0.20998543906020556 0.03417899999999996 0.14684300000000003
