0 0.1904296875 0.520069 0.007500000000000007 0.03222299999999992
0 0.2110546875 0.5161108888888888 0.007500000000000007 0.03000000000000005
0 0.6009765625 0.5620141111111111 0.03375000000000006 0.13
0 0.6626171875 0.5544445555555556 0.023125000000000062 0.11222199999999995
0 0.6819140625 0.5384718888888889 0.01937500000000003 0.09333400000000008
0 0.806796875 0.5414582222222222 0.02750000000000008 0.10222200000000006
0 0.9126953125 0.5484026666666666 0.02562500000000001 0.117778
0 0.923515625 0.5008333333333334 0.020625000000000004 0.04333300000000002
0 0.933828125 0.5625 0.036250000000000004 0.12555599999999995
0 0.979921875 0.5334717777777778 0.028124999999999956 0.11888900000000005
