0 0.1467578125 0.6304862222222222 0.04250000000000001 0.1644440000000001
0 0.0224609375 0.629097 0.045 0.095556
0 0.0685546875 0.6240971111111111 0.03749999999999999 0.066667
0 0.2178515625 0.6286801111111111 0.033749999999999974 0.131112
0 0.241171875 0.6309031111111111 0.02874999999999997 0.13111099999999995
0 0.26046875 0.6263891111111112 0.024999999999999994 0.09777800000000002
0 0.3280859375 0.633611 0.015000000000000013 0.12666699999999992
0 0.37296875 0.6454863333333334 0.023749999999999993 0.13555499999999998
0 0.4291015625 0.6395136666666666 0.03375 0.117778
0 0.496875 0.6705556666666667 0.03250000000000003 0.08444400000000002
0 0.5164453125 0.5924302222222222 0.026249999999999996 0.040000000000000036
0 0.6239453125 0.6427774444444444 0.026249999999999996 0.14000000000000007
0 0.6592578125 0.6488191111111111 0.04125000000000001 0.19111099999999995
0 0.9626953125 0.6250698888888889 0.026249999999999996 0.06222200000000003
