0 0.711640625 0.8350639209370425 0.05125000000000002 0.2270170000000001
0 0.4329296875 0.8784444363103954 0.06875000000000003 0.23921199999999984
0 0.5559765625 0.8126027979502196 0.03374999999999995 0.13227000000000003
0 0.635625 0.8019150863836019 0.03125 0.16135100000000002
0 0.7301953125 0.7891066383601757 0.026874999999999982 0.10600399999999992
0 0.76390625 0.8067203440702783 0.040000000000000036 0.16697899999999996
0 0.793515625 0.7707123499267935 0.020000000000000018 0.07880000000000009
0 0.8144921875 0.7749213806734992 0.022500000000000075 0.10225099999999997
0 0.8394140625 0.7807778960468521 0.018750000000000044 0.11163199999999987
0 0.8700390625 0.7786733806734993 0.018125000000000058 0.10225099999999988
0 0.8945703125 0.7770248960468522 0.02562500000000001 0.111633
0 0.9239453125 0.7910709575402636 0.026874999999999982 0.15947400000000003
0 0.953203125 0.7857837306002928 0.03687499999999999 0.1772989999999999
0 0.9839453125 0.7891238594436311 0.026875000000000093 0.17917500000000003
