0 0.7920703125 0.72567675 0.12 0.4308340000000001
0 0.1546875 0.7092184166666667 0.07999999999999999 0.358334
0 0.122109375 0.5623961666666667 0.011874999999999983 0.03666600000000001
0 0.231953125 0.7291145833333333 0.09812499999999999 0.394167
0 0.3753125 0.690417 0.07937500000000003 0.3133330000000001
0 0.4548046875 0.7529684166666666 0.10062499999999996 0.4200000000000001
0 0.5162890625000001 0.7066149166666666 0.08124999999999999 0.31166600000000005
0 0.553359375 0.6669791666666667 0.07500000000000007 0.22583300000000003
0 0.6011328125 0.57453125 0.011250000000000093 0.03999999999999996
0 0.7644921875 0.61838575 0.334375 0.525833
0 0.6123046875 0.56505175 0.007499999999999951 0.024166999999999977
0 0.6309375 0.5691663333333333 0.016874999999999973 0.04250000000000013
0 0.9840234375 0.7210940833333334 0.030000000000000027 0.28583299999999995
