0 0.0361328125 0.38167448394004283 0.073333 0.13778699999999994
0 0.024196000000000002 0.27225724197002144 0.032381 0.070981
0 0.0202180625 0.20962624197002142 0.018095 0.070982
0 0.0928888125 0.2726325353319058 0.04285699999999999 0.10020899999999999
0 0.15866643749999998 0.41417069164882225 0.124762 0.23382000000000006
0 0.131104625 0.2896555010706638 0.051429 0.12734900000000002
0 0.230747625 0.5544247623126338 0.176191 0.43006300000000003
0 0.1715979375 0.20149055246252676 0.014286000000000021 0.08768300000000001
0 0.2405078125 0.2166941563169165 0.041905 0.1357
0 0.26695675 0.23880091434689507 0.023809999999999998 0.066805
0 0.3068840625 0.27204293147751607 0.01904800000000001 0.05427900000000003
0 0.3423155625 0.2451172419700214 0.03428599999999998 0.07098099999999997
0 0.3790379375 0.3595153982869379 0.078096 0.20459299999999994
0 0.3623646875 0.1998855010706638 0.039047 0.12526100000000004
0 0.4293605 0.5042626573875802 0.14190399999999997 0.25887299999999996
0 0.7021303125 0.3328621241970021 0.558095 0.407098
0 0.5095866250000001 0.3829623468950749 0.08285799999999993 0.24008400000000002
0 0.737768 0.7126639186295503 0.28190500000000007 0.5636749999999999
0 0.910457875 0.4841362441113491 0.15333300000000005 0.3194159999999999
