0 0.03515625 0.6410920014641288 0.071875 0.47842399999999996
0 0.4990234375 0.24743777452415813 0.999375 0.496248
0 0.0458984375 0.38703534992679356 0.029375 0.07879900000000004
0 0.088046875 0.44929112298682283 0.028124999999999997 0.09474699999999998
0 0.1458984375 0.4714191903367496 0.029374999999999984 0.05065699999999998
0 0.236796875 0.6262049765739386 0.09125000000000003 0.3649149999999999
0 0.204765625 0.06575431918008785 0.020625000000000004 0.05347099999999999
0 0.326640625 0.6621323689604686 0.083125 0.2823639999999999
0 0.3189453125 0.4768196749633968 0.025624999999999953 0.03846199999999999
0 0.3669921875 0.4737070614934114 0.023125000000000007 0.04784300000000005
0 0.4338671875 0.6437563016105418 0.08500000000000002 0.32645399999999997
0 0.5434765625 0.6765279209370425 0.09625000000000006 0.22701699999999994
0 0.697265625 0.6443353074670571 0.05125000000000002 0.234521
0 0.8384765625 0.6527072093704246 0.06562499999999993 0.25515999999999994
0 0.9680859375 0.6601680497803807 0.0462499999999999 0.22889300000000004
