0 0.025859375 0.7139453806734993 0.0125 0.100375
0 0.03421875 0.6813139575402635 0.024375 0.1594750000000001
0 0.0698828125 0.68424221522694 0.042499999999999996 0.16416500000000003
0 0.1248828125 0.7028899575402636 0.04125000000000001 0.159475
0 0.1471875 0.6953158594436311 0.047500000000000014 0.17917399999999997
0 0.1839453125 0.6918173133235725 0.02562499999999998 0.14634099999999997
0 0.1962109375 0.7007422825768668 0.04625000000000001 0.12101300000000009
0 0.19546875 0.627211288433382 0.024375000000000008 0.031895000000000014
0 0.2215234375 0.6926852152269399 0.030624999999999986 0.16510299999999994
0 0.215234375 0.6426773191800879 0.011874999999999997 0.05534700000000003
0 0.2423046875 0.6957978286969254 0.03812500000000002 0.15572199999999986
0 0.26015625 0.691562859443631 0.03937500000000002 0.17917499999999995
0 0.2976171875 0.6846982459736457 0.05375000000000002 0.18855599999999992
0 0.3259765625 0.6895294421669107 0.03375 0.1482170000000001
0 0.345625 0.6782023440702781 0.03312499999999996 0.16979300000000005
0 0.37125 0.6848826017569546 0.03187499999999999 0.17354600000000003
0 0.4021875 0.7018386998535872 0.048750000000000016 0.15384599999999993
0 0.425859375 0.6876265036603222 0.04375000000000001 0.19418399999999994
0 0.455390625 0.6819543440702781 0.05249999999999999 0.16791700000000004
0 0.4471484375 0.613596319180088 0.030625000000000013 0.05347099999999991
0 0.4786328125 0.6896868594436311 0.04125000000000001 0.17917499999999995
0 0.501171875 0.691562859443631 0.02812500000000001 0.18105100000000005
0 0.5186328124999999 0.6912210863836017 0.04187500000000005 0.16135100000000002
0 0.5318359375 0.6155164787701317 0.04625000000000001 0.08067500000000007
0 0.5334765625 0.6957978286969254 0.03375000000000006 0.15759799999999982
0 0.569296875 0.6939218286969253 0.059374999999999956 0.15572200000000003
0 0.605390625 0.6875833440702781 0.05249999999999999 0.16791700000000004
0 0.6046875 0.6190851229868228 0.04874999999999996 0.09568399999999999
0 0.65234375 0.68424221522694 0.05500000000000005 0.16416500000000003
0 0.6535546875 0.6359259633967789 0.038124999999999964 0.06754300000000008
0 0.6812890625 0.668865503660322 0.050000000000000044 0.19418300000000005
0 0.7048046875 0.687810859443631 0.038124999999999964 0.17917500000000003
0 0.7404296875 0.6722056325036603 0.03749999999999998 0.197936
0 0.8634375 0.6972177979502195 0.04749999999999999 0.13320800000000008
0 0.9053515625 0.6621400863836018 0.03437499999999993 0.16322799999999996
0 0.928046875 0.6491031229868228 0.028124999999999956 0.09662300000000003
0 0.953125 0.6297017364568083 0.03312499999999996 0.0863039999999999
