0 0.218671875 0.1417277268722467 0.02812500000000001 0.177799
0 0.24421875 0.18364715565345083 0.056249999999999994 0.181562
0 0.2805078125 0.12247743612334802 0.04249999999999998 0.106303
0 0.2870703125 0.14948386196769456 0.026875000000000038 0.069615
0 0.4709375 0.1667368751835536 0.04749999999999999 0.25305700000000003
0 0.609375 0.18224630543318648 0.09499999999999997 0.27751699999999996
0 0.74 0.4059976284875183 0.281875 0.8015050000000001
0 0.6665625 0.17508801762114537 0.04875000000000007 0.24741300000000002
0 0.7321875 0.17747430690161528 0.04749999999999999 0.29821200000000003
0 0.91515625 0.1917908825256975 0.10250000000000004 0.356538
