0 0.233594 0.42464752173913045 0.28281199999999995 0.577191
0 0.2267575625 0.5466212608695652 0.033593999999999985 0.16967999999999994
0 0.30625025 0.5494123478260869 0.03984300000000002 0.225313
0 0.3896484375 0.47607926086956526 0.15468700000000002 0.408901
0 0.494921625 0.47190373913043476 0.083594 0.39360300000000004
0 0.5791013125 0.507371 0.120313 0.401948
0 0.609765375 0.5087312173913043 0.043749999999999956 0.21974899999999997
0 0.66718775 0.47503639130434777 0.08750000000000002 0.4116830000000001
0 0.81406225 0.5459300434782609 0.03984399999999999 0.190542
0 0.8623046875 0.4830332608695652 0.10078100000000001 0.40890099999999996
