0 0.18359375 0.9470833333333334 0.36875 0.10416700000000005
0 0.1223046875 0.8520315833333334 0.03874999999999999 0.08083299999999986
0 0.219609375 0.63828125 0.043125 0.10166699999999995
0 0.395390625 0.8553645833333333 0.020625000000000004 0.080833
0 0.42078125 0.9606253333333333 0.07187500000000002 0.07500000000000002
0 0.415078125 0.86078125 0.036250000000000004 0.10333299999999997
0 0.4283984375 0.9399996666666667 0.02999999999999997 0.0858339999999999
0 0.4836328125 0.9476038333333334 0.04249999999999998 0.09000000000000001
0 0.4930078125 0.8516666666666667 0.041250000000000064 0.08416700000000003
0 0.520390625 0.9180208333333333 0.020625000000000004 0.027500000000000007
0 0.6115234375 0.6331246666666667 0.12374999999999992 0.11499999999999999
0 0.65015625 0.95598925 0.040000000000000036 0.07083399999999991
0 0.75671875 0.8130211666666667 0.024375000000000036 0.06833299999999998
0 0.7961328125 0.9362499999999999 0.04249999999999998 0.0625
0 0.806484375 0.8645309166666667 0.043749999999999956 0.12416699999999992
0 0.89453125 0.85984375 0.040000000000000036 0.05499999999999986
0 0.9529296875 0.8910416666666666 0.03750000000000009 0.053333
0 0.9713671875 0.9361975833333332 0.05437500000000006 0.080834
