0 0.1470475625 0.6521542962447845 0.127858 0.554426
0 0.2011773125 0.5813503171070932 0.058571999999999985 0.367243
0 0.2770475625 0.5851489582753825 0.127143 0.374364
0 0.29377275 0.42470389986091794 0.05642799999999998 0.09460800000000005
0 0.331819625 0.5771778553546593 0.051427999999999974 0.36012199999999994
0 0.3947601875 0.559383164116829 0.11571399999999998 0.40081399999999995
0 0.377679 0.5752463171070932 0.062857 0.36826099999999995
0 0.540189875 0.6121064756606398 0.24785700000000005 0.551374
0 0.5767133125 0.5834799874826148 0.119286 0.512716
0 0.606864125 0.43691189986091794 0.035714000000000024 0.09562499999999997
0 0.7669813125 0.6205860959666204 0.27714300000000003 0.744659
0 0.9167686875 0.5068726022253129 0.16357200000000005 0.4893189999999999
0 0.96087025 0.37425274687065363 0.07214299999999996 0.130213
