0 0.18003353973013492 0.8003125 0.320538 0.29875000000000007
0 0.14154002098950524 0.515078125 0.17082499999999998 0.16062499999999996
0 0.3475767661169415 0.5162109375 0.13147799999999998 0.17125
0 0.5100490389805098 0.2926171875 0.31285999999999997 0.241875
0 0.4851802563718141 0.5497265625 0.051823000000000015 0.09687500000000004
0 0.7010942803598201 0.873984375 0.2437619999999999 0.13812499999999994
0 0.861796011994003 0.389140625 0.09692900000000006 0.145625
0 0.8801535067466267 0.5516796875000001 0.05470199999999995 0.13125000000000003
0 0.9195005067466266 0.5429296875 0.05470299999999998 0.13187500000000002
0 0.9486500089955022 0.374375 0.07389600000000002 0.09375
