0 0.181328125 0.5356207390180878 0.09812499999999999 0.31679099999999993
0 0.0310546875 0.5510828733850129 0.037500000000000006 0.28287900000000005
0 0.221875 0.5044080284237726 0.06375000000000003 0.24483100000000005
0 0.32328125 0.4936683591731266 0.03937499999999999 0.16046299999999997
0 0.37 0.5014202971576227 0.06375000000000003 0.177833
0 0.428046875 0.48911627648578815 0.058750000000000024 0.18196799999999994
0 0.5362890625 0.4130876795865633 0.01937500000000003 0.08188500000000005
0 0.5615625 0.39773368992248065 0.046875 0.07775099999999996
0 0.6651953125 0.3807267002583979 0.057499999999999996 0.076096
0 0.6907421875 0.48266249354005164 0.05312499999999998 0.129032
0 0.840703125 0.47506760723514213 0.036250000000000004 0.0984279999999999
0 0.88125 0.46715245219638246 0.03312500000000007 0.1389569999999999
0 0.9114453125 0.4532964108527132 0.025624999999999898 0.14971
0 0.9646875 0.4604803798449612 0.046875 0.15632800000000005
