0 0.4192578125 0.5200082631578947 0.07250000000000001 0.18539299999999997
0 0.0341796875 0.8188115730994153 0.069375 0.35861499999999996
0 0.0661328125 0.7302388771929824 0.10375 0.28277099999999994
0 0.1383984375 0.8386067368421052 0.24875 0.318352
0 0.16749999999999998 0.6380014502923976 0.09500000000000001 0.13764100000000004
0 0.2559765625 0.7271827368421052 0.128125 0.31648000000000004
0 0.4423828125 0.7949763742690058 0.355 0.40730400000000005
0 0.483046875 0.49960550877192983 0.05937500000000007 0.12359600000000003
0 0.5341796875 0.5601879941520468 0.06937499999999996 0.251873
0 0.58203125 0.6516192514619883 0.13312500000000005 0.1891390000000001
0 0.7064453125 0.7033310175438596 0.08875 0.246255
0 0.7050390625 0.6478253567251462 0.08124999999999993 0.16292100000000004
0 0.766875 0.8291776549707602 0.188125 0.338015
0 0.7812109375 0.7408005380116959 0.20124999999999993 0.3679780000000001
0 0.8946484375 0.7899993391812866 0.09187500000000004 0.416667
0 0.95546875 0.7227151695906433 0.08687500000000004 0.20786500000000002
