0 0.2646484375 0.10546875 0.53 0.213333
0 0.0105859375 0.2926559166666667 0.015 0.02916699999999998
0 0.0501953125 0.24453125 0.08875 0.040832999999999973
0 0.0831640625 0.2970836666666667 0.019375000000000003 0.022500000000000037
0 0.14750000000000002 0.24473958333333334 0.095625 0.051666999999999984
0 0.1620703125 0.3088541666666667 0.02562499999999998 0.06999999999999995
0 0.2012109375 0.3038024166666667 0.014374999999999999 0.044999999999999964
0 0.241171875 0.24916633333333335 0.09124999999999997 0.043333999999999984
0 0.3312890625 0.2517705 0.080625 0.04833399999999999
0 0.3312890625 0.30453125 0.019374999999999976 0.040000000000000036
0 0.3851171875 0.3013538333333334 0.021874999999999978 0.02749999999999993
0 0.441328125 0.25380241666666664 0.13062499999999994 0.04666600000000002
0 0.43296875 0.3792190833333333 0.08625 0.19250000000000003
0 0.428984375 0.3030208333333333 0.013125000000000053 0.027500000000000042
0 0.5168359375 0.26156216666666665 0.01375000000000004 0.038334000000000014
0 0.61109375 0.2241149166666667 0.14875000000000005 0.05999999999999994
0 0.5585546875 0.31885416666666666 0.03749999999999998 0.06999999999999999
0 0.5890625 0.34729133333333334 0.015625 0.07416699999999998
0 0.6626953125 0.33364616666666663 0.08937499999999998 0.10000000000000002
0 0.8341796875 0.3182291666666666 0.22624999999999995 0.03750000000000009
0 0.7344921875 0.3475520833333334 0.021874999999999978 0.06749999999999996
0 0.7878125 0.20239616666666668 0.07999999999999996 0.03749999999999998
0 0.8890234375 0.20630241666666668 0.09312500000000001 0.045000000000000005
0 0.9163671875 0.3550520833333333 0.02312499999999995 0.06666699999999996
0 0.9325390625 0.3541149166666666 0.01937500000000003 0.06166600000000003
0 0.9563671875 0.35015625 0.021874999999999978 0.070833
0 0.9790625 0.22338574999999997 0.015625 0.02416600000000002
0 0.982265625 0.3531253333333333 0.020625000000000004 0.07416600000000002
0 0.992734375 0.21385383333333333 0.012500000000000067 0.02833400000000001
