0 0.3305859375 0.7727218961748634 0.07750000000000001 0.203152
0 0.3271484375 0.659865131147541 0.029374999999999984 0.14097999999999994
0 0.3432421875 0.6334538087431695 0.021874999999999978 0.109457
0 0.4646875 0.6469786994535519 0.17312500000000003 0.24430800000000003
0 0.57546875 0.635803174863388 0.05625000000000002 0.186515
0 0.598046875 0.6730692896174864 0.05874999999999997 0.12084000000000009
0 0.6090234375 0.5726128469945354 0.030625000000000013 0.08756500000000007
0 0.6546875 0.6426678524590165 0.04875000000000007 0.15761799999999998
0 0.6846484375 0.5250111256830601 0.02937499999999993 0.07355500000000001
0 0.6950390625 0.5817898087431694 0.01937499999999992 0.109457
0 0.7195703125 0.6022846174863388 0.02562500000000001 0.218914
0 0.7295703125 0.5197571256830601 0.02562500000000001 0.07180400000000005
0 0.7584375 0.5293199672131148 0.01749999999999996 0.09281999999999997
0 0.7699609375 0.5402128469945355 0.014374999999999916 0.08756599999999995
0 0.7811328125 0.5349588469945356 0.011249999999999982 0.08756600000000003
0 0.8087109375 0.5224893661202186 0.01375000000000004 0.07880899999999996
0 0.8174609375 0.5388467267759564 0.014374999999999916 0.08581500000000006
0 0.83625 0.543155568306011 0.03125 0.10595499999999998
0 0.8733203125 0.539232606557377 0.02562500000000001 0.08231099999999997
0 0.9025390625 0.5421753278688525 0.018124999999999947 0.09894900000000004
