0 0.8212890625 0.6671006705710103 0.14428600000000003 0.608137
0 0.111216375 0.3741772166910688 0.137143 0.6423979999999999
0 0.1924273125 0.6046910629575403 0.12 0.5267669999999999
0 0.2556640625 0.34590167057101023 0.111429 0.608137
0 0.3854850625 0.38814163396778917 0.175715 0.6745180000000001
0 0.5689008125 0.5778796456808198 0.10428599999999999 0.494646
0 0.658304 0.8273734363103953 0.09428499999999995 0.239829
0 0.7020475625 0.5446617803806736 0.127143 0.40471099999999993
0 0.856729625 0.40456058418740853 0.08285699999999996 0.445396
0 0.9003288125 0.3701139897510981 0.10428599999999999 0.659529
