0 0.4612109375 0.5219809399707175 0.10750000000000004 0.43058199999999996
0 0.0340234375 0.487200055636896 0.030625000000000003 0.13883700000000007
0 0.0607421875 0.6021549633967789 0.02187499999999999 0.06754299999999999
0 0.0768359375 0.6425371229868229 0.045625000000000006 0.09568499999999996
0 0.098984375 0.487384411420205 0.07562500000000001 0.12382799999999991
0 0.18484375 0.8739819516837481 0.15 0.24953099999999998
0 0.1490625 0.574626411420205 0.048750000000000016 0.12476600000000006
0 0.1797265625 0.5083382459736456 0.03437500000000002 0.18855499999999994
0 0.241328125 0.5326763689604685 0.09875 0.28236399999999995
0 0.2676171875 0.4436890614934114 0.022499999999999964 0.048779999999999976
0 0.3344921875 0.9299770556368961 0.11562500000000003 0.13789899999999986
0 0.3008984375 0.45064099414348463 0.030625000000000013 0.09193299999999997
0 0.341875 0.4219900863836018 0.06375000000000003 0.16322699999999996
0 0.365546875 0.8086664421669106 0.058750000000000024 0.1482170000000001
0 0.36984375 0.83086460761347 0.05624999999999997 0.08255099999999986
0 0.432109375 0.7994697979502197 0.044375 0.13320800000000008
0 0.4674609375 0.9448286383601756 0.07687499999999997 0.10694199999999998
0 0.49421875 0.8782947364568082 0.05624999999999997 0.08630400000000006
0 0.5256640625 0.7790151537335286 0.08125000000000004 0.11726099999999993
0 0.5608203125 0.897099896046852 0.08812500000000001 0.11163300000000008
0 0.7715234375 0.8722279267935579 0.09187500000000004 0.13696099999999997
